Id,Label,timeset,indegree,outdegree,Degree,weighted indegree,weighted outdegree,Weighted Degree,Eccentricity,closnesscentrality,harmonicclosnesscentrality,betweenesscentrality,clustering,modularity_class,eigencentrality
109230,,,4,14,18,4,14,18,27,0.095116,0.120684,0.000406,0.143791,0,0.002626
9610400,,,54,1,55,54,1,55,37,0.049924,0.05438,0.000239,0.119865,0,0.095265
9711360,,,22,10,32,22,10,32,35,0.056063,0.065956,0.000177,0.095766,0,0.02335
106179,,,1,2,3,1,2,3,36,0.053536,0.061507,0.000315,0.333333,0,0.000749
9704452,,,112,6,118,112,6,118,37,0.049944,0.054806,0.000512,0.053383,0,0.143568
9805473,,,38,8,46,38,8,46,32,0.067764,0.088214,0.000462,0.09372,0,0.055257
9809547,,,27,14,41,27,14,41,32,0.068021,0.088287,0.000189,0.118902,0,0.0347
9610477,,,56,2,58,56,2,58,37,0.049927,0.054454,0.00023,0.107683,0,0.113095
12142,,,9,12,21,9,12,21,27,0.088706,0.111056,0.001331,0.109524,0,0.005705
9902449,,,24,13,37,24,13,37,26,0.09344,0.116661,0.001723,0.077327,0,0.018447
9904310,,,30,17,47,30,17,47,26,0.100545,0.127086,0.002602,0.085106,2,0.036958
11159,,,2,7,9,2,7,9,28,0.081786,0.098203,0.000287,0.305556,0,0.001784
11160,,,7,7,14,7,7,14,27,0.088033,0.107709,0.000716,0.175824,0,0.005066
9905242,,,40,29,69,40,29,69,27,0.094826,0.128284,0.00303,0.097826,0,0.046912
9802238,,,60,8,68,60,8,68,32,0.067607,0.08757,0.000457,0.082309,0,0.090403
103002,,,3,12,15,3,12,15,25,0.102653,0.120848,0.000097,0.171429,1,0.001711
9804416,,,7,8,15,7,8,15,32,0.068001,0.088954,0.000216,0.142857,1,0.007793
9602281,,,96,3,99,96,3,99,40,0.044441,0.049693,0.000075,0.070501,7,0.313535
3146,,,7,15,22,7,15,22,24,0.107472,0.126498,0.000091,0.162338,1,0.004905
9603404,,,125,3,128,125,3,128,40,0.044441,0.049693,0.000157,0.061885,7,0.375836
9907501,,,6,4,10,6,4,10,33,0.063726,0.079373,0.000005,0.3,1,0.004841
9512303,,,26,2,28,26,2,28,39,0.046488,0.052143,0.000007,0.134921,1,0.049614
9407344,,,56,1,57,56,1,57,38,0.048751,0.055477,0.009716,0.052945,1,0.154088
9506201,,,33,1,34,33,1,34,39,0.046486,0.052072,0.002591,0.112299,1,0.142382
102138,,,1,7,8,1,7,8,25,0.102628,0.120518,0,0.321429,1,0.000678
5275,,,12,32,44,12,32,44,24,0.113366,0.137093,0.000799,0.092495,1,0.008734
9512252,,,70,4,74,70,4,74,40,0.04444,0.0497,0.000048,0.123288,7,0.283972
9604351,,,88,17,105,88,17,105,38,0.048784,0.057072,0.001291,0.063004,5,0.151792
202074,,,4,22,26,4,22,26,22,0.148047,0.176626,0.000097,0.093846,2,0.00245
9708483,,,94,3,97,94,3,97,41,0.041912,0.045817,0.000011,0.051117,2,0.220563
106247,,,125,18,143,125,18,143,22,0.131719,0.154466,0.005153,0.040306,2,0.131139
110089,,,15,5,20,15,5,20,23,0.127123,0.150056,0.000127,0.036842,2,0.012589
9806540,,,124,6,130,124,6,130,32,0.067086,0.081463,0.000366,0.060167,2,0.426634
8334,,,20,40,60,20,40,60,21,0.148009,0.187653,0.003238,0.036723,2,0.017186
9808272,,,101,10,111,101,10,111,32,0.068238,0.088033,0.000334,0.056183,2,0.23872
105297,,,9,6,15,9,6,15,22,0.12643,0.148185,0.000008,0.166667,2,0.006977
110307,,,16,36,52,16,36,52,21,0.148242,0.177,0.001532,0.102941,2,0.01901
103318,,,14,16,30,14,16,30,25,0.105293,0.133089,0.00027,0.114943,2,0.023456
109017,,,12,29,41,12,29,41,22,0.142867,0.168649,0.002362,0.09359,2,0.014241
9912475,,,4,6,10,4,6,10,28,0.087492,0.108021,0.000877,0.177778,13,0.005744
10335,,,3,13,16,3,13,16,25,0.104988,0.127289,0.000198,0.170833,2,0.004187
9810467,,,16,7,23,16,7,23,33,0.064004,0.079826,0.000038,0.075099,2,0.041271
9808293,,,145,7,152,145,7,152,24,0.093779,0.113341,0.004808,0.059647,2,0.391861
9904297,,,19,15,34,19,15,34,25,0.099783,0.123564,0.000435,0.114082,2,0.031963
111150,,,43,44,87,43,44,87,22,0.142141,0.172229,0.001439,0.0695,2,0.039151
9806387,,,205,12,217,205,12,217,31,0.071875,0.09093,0.005094,0.048088,2,0.688983
9806518,,,11,3,14,11,3,14,34,0.058482,0.065941,0.000005,0.126374,2,0.015317
9909431,,,3,8,11,3,8,11,26,0.087893,0.104841,0.000001,0.163636,2,0.004896
9909304,,,30,19,49,30,19,49,24,0.099206,0.126854,0.000361,0.08631,2,0.043376
9807353,,,115,10,125,115,10,125,32,0.068278,0.088029,0.000168,0.074323,2,0.327182
9812475,,,89,40,129,89,40,129,25,0.100397,0.128696,0.003662,0.081698,2,0.159786
202077,,,1,19,20,1,19,20,28,0.094037,0.120997,0.000274,0.126316,8,0.000568
9903520,,,16,11,27,16,11,27,31,0.071367,0.088133,0.000228,0.115385,8,0.012455
9603397,,,25,1,26,25,1,26,39,0.046501,0.052302,0.000839,0.073846,8,0.025375
10345,,,3,4,7,3,4,7,32,0.067562,0.08292,0.000001,0.142857,8,0.001813
9706410,,,29,4,33,29,4,33,36,0.053185,0.060524,0.000089,0.189394,8,0.06746
9509239,,,38,1,39,38,1,39,39,0.046488,0.052075,0.000996,0.070175,8,0.035571
9906284,,,9,14,23,9,14,23,33,0.063568,0.07915,0.000011,0.167984,8,0.006007
9902318,,,9,2,11,9,2,11,36,0.05318,0.060379,0,0.209091,8,0.008391
9705264,,,32,2,34,32,2,34,36,0.053121,0.059951,0.000002,0.146168,8,0.063722
9906546,,,8,18,26,8,18,26,31,0.072875,0.096372,0.001239,0.132308,8,0.005851
9612435,,,4,3,7,4,3,7,32,0.065959,0.075704,0,0.309524,8,0.00244
106037,,,3,27,30,3,27,30,28,0.091011,0.121229,0.000162,0.096552,8,0.001703
9912534,,,5,10,15,5,10,15,33,0.064294,0.081363,0.000007,0.090476,8,0.002956
2071,,,16,14,30,16,14,30,31,0.072922,0.094562,0.000176,0.113793,8,0.014611
9812478,,,12,4,16,12,4,16,32,0.066352,0.078222,0.000011,0.183333,8,0.009542
9709499,,,39,5,44,39,5,44,36,0.053196,0.060399,0.000651,0.081395,8,0.037346
9906204,,,3,7,10,3,7,10,34,0.059724,0.071211,0.000052,0.088889,8,0.004029
108061,,,2,12,14,2,12,14,29,0.084076,0.107148,0.00003,0.192308,8,0.001135
9612318,,,20,4,24,20,4,24,31,0.070529,0.082616,0.000547,0.086957,8,0.017176
108095,,,1,20,21,1,20,21,27,0.10135,0.131252,0.000107,0.178571,8,0.000568
9802431,,,10,10,20,10,10,20,34,0.059918,0.072923,0.000139,0.181579,11,0.007827
9612353,,,19,11,30,19,11,30,39,0.046527,0.053459,0.000096,0.172414,12,0.029152
9708350,,,18,11,29,18,11,29,34,0.060281,0.074584,0.000238,0.166256,11,0.016247
9703358,,,42,6,48,42,6,48,34,0.060228,0.073528,0.000543,0.076781,11,0.055035
9702408,,,16,5,21,16,5,21,34,0.059312,0.069132,0.000334,0.085714,1,0.016193
9703305,,,30,3,33,30,3,33,34,0.059181,0.06786,0.000029,0.127841,11,0.034382
9703359,,,16,11,27,16,11,27,33,0.062991,0.074889,0.000673,0.119658,11,0.019352
9610267,,,14,2,16,14,2,16,34,0.059284,0.068703,0.000092,0.141667,1,0.016106
9710413,,,13,8,21,13,8,21,39,0.046549,0.053477,0.000094,0.135714,1,0.015223
9709358,,,6,2,8,6,2,8,35,0.056517,0.066244,0.000002,0.214286,11,0.00731
9705295,,,18,6,24,18,6,24,34,0.0598,0.07164,0.000034,0.186594,11,0.019917
109242,,,11,24,35,11,24,35,19,0.138653,0.162887,0.000024,0.230847,3,0.010751
9905474,,,60,15,75,60,15,75,25,0.101382,0.125132,0.000698,0.132252,3,0.079406
9905221,,,212,15,227,212,15,227,26,0.091497,0.110166,0.000955,0.034599,3,0.252853
1031,,,22,15,37,22,15,37,24,0.110449,0.137718,0.000565,0.144895,3,0.021167
9904267,,,72,11,83,72,11,83,26,0.091146,0.109154,0.000246,0.115339,3,0.134566
2257,,,19,21,40,19,21,40,24,0.117316,0.149357,0.000615,0.147099,3,0.01792
110163,,,11,11,22,11,11,22,19,0.140247,0.162254,0.000149,0.321429,3,0.009509
11097,,,11,26,37,11,26,37,23,0.118944,0.156105,0.004636,0.155462,3,0.011472
107119,,,15,2,17,15,2,17,26,0.100623,0.121725,0,0.400735,3,0.015703
108060,,,15,5,20,15,5,20,26,0.100681,0.12211,0.000117,0.313158,3,0.013853
9807264,,,47,8,55,47,8,55,23,0.114837,0.137314,0.056853,0.054882,3,0.057224
103201,,,10,8,18,10,8,18,26,0.092668,0.111496,0.000067,0.245098,3,0.008673
9812260,,,23,6,29,23,6,29,33,0.064267,0.081904,0.000115,0.114532,3,0.027535
109287,,,10,23,33,10,23,33,19,0.143055,0.167567,0.000168,0.225806,3,0.009541
106219,,,26,8,34,26,8,34,25,0.111823,0.143387,0.000341,0.248106,3,0.026812
109106,,,15,15,30,15,15,30,20,0.140383,0.168685,0.000267,0.23908,3,0.014453
9804398,,,377,1,378,377,1,378,46,0.035118,0.03755,0.000478,0.032581,3,0.979233
110127,,,13,13,26,13,13,26,19,0.141761,0.170038,0.000223,0.273333,3,0.011094
9807344,,,315,4,319,315,4,319,35,0.056964,0.067994,0.000286,0.040348,3,0.801725
102065,,,11,14,25,11,14,25,24,0.118015,0.151567,0.001136,0.115,3,0.009292
9903282,,,149,21,170,149,21,170,31,0.071799,0.092008,0.003779,0.021267,8,0.139087
110067,,,6,12,18,6,12,18,24,0.104201,0.127095,0.000098,0.284314,3,0.005333
106295,,,26,4,30,26,4,30,26,0.100756,0.12249,0.000005,0.270936,3,0.026652
9811323,,,88,12,100,88,12,100,24,0.107211,0.126655,0.050742,0.099899,3,0.253866
9903422,,,113,13,126,113,13,126,26,0.091579,0.11049,0.000258,0.097587,3,0.219481
9306209,,,18,1,19,18,1,19,42,0.040802,0.044314,0.00837,0.143275,9,0.042895
9205220,,,17,1,18,17,1,18,41,0.042536,0.046585,0.015687,0.094771,9,0.02944
109243,,,1,33,34,1,33,34,20,0.153582,0.190221,0.000345,0.09893,7,0.000738
9903456,,,33,29,62,33,29,62,31,0.07347,0.103413,0.000371,0.140402,7,0.031536
9806468,,,29,29,58,29,29,58,31,0.072675,0.098333,0.000129,0.113128,7,0.031193
6022,,,26,20,46,26,20,46,26,0.100499,0.127809,0.000464,0.142995,7,0.024625
106081,,,8,23,31,8,23,31,20,0.154783,0.184965,0.00019,0.133333,7,0.005361
6124,,,73,49,122,73,49,122,31,0.080365,0.116613,0.001305,0.057445,7,0.069638
105292,,,3,30,33,3,30,33,21,0.13893,0.174568,0.009718,0.107008,7,0.001958
9910221,,,32,43,75,32,43,75,22,0.132921,0.164249,0.007267,0.074955,7,0.029019
105103,,,2,38,40,2,38,40,21,0.14363,0.180169,0.000169,0.126282,7,0.001146
106067,,,10,24,34,10,24,34,20,0.150557,0.180763,0.000226,0.144153,7,0.006918
9810260,,,57,28,85,57,28,85,31,0.073485,0.103731,0.000556,0.146359,7,0.079611
9802391,,,85,21,106,85,21,106,32,0.068119,0.091172,0.005354,0.072327,7,0.162277
9612313,,,183,7,190,183,7,190,31,0.071316,0.087166,0.005281,0.040852,7,0.431274
105308,,,3,7,10,3,7,10,22,0.120759,0.141692,0.000237,0.2,7,0.001777
9809311,,,71,15,86,71,15,86,31,0.072588,0.098126,0.000433,0.116689,7,0.092405
9905312,,,126,2,128,126,2,128,32,0.06704,0.080199,0.0001,0.042692,7,0.137699
9712225,,,95,20,115,95,20,115,31,0.072323,0.095432,0.00106,0.082227,7,0.204208
104034,,,20,34,54,20,34,54,20,0.14789,0.180574,0.024194,0.098882,7,0.013265
9604387,,,241,4,245,241,4,245,43,0.039235,0.042887,0.000262,0.02081,7,0.534199
9704423,,,120,6,126,120,6,126,31,0.071494,0.089046,0.000283,0.087111,7,0.309479
103211,,,8,36,44,8,36,44,22,0.129838,0.165748,0.000027,0.172304,7,0.00745
9812396,,,54,24,78,54,24,78,31,0.073461,0.101729,0.001372,0.129537,7,0.065778
9712306,,,22,2,24,22,2,24,30,0.075191,0.088544,0.000167,0.108696,7,0.026278
104110,,,25,74,99,25,74,99,21,0.150027,0.191837,0.006267,0.076688,7,0.017793
103087,,,3,17,20,3,17,20,24,0.108117,0.128102,0.000001,0.189474,7,0.002384
9810482,,,27,22,49,27,22,49,31,0.073127,0.100053,0.000036,0.215136,7,0.034119
10003,,,39,9,48,39,9,48,24,0.111121,0.132386,0.000032,0.10727,6,0.056841
104126,,,9,26,35,9,26,35,23,0.130081,0.161226,0.003036,0.142017,7,0.00564
6136,,,10,41,51,10,41,51,23,0.128796,0.166474,0.00059,0.083922,7,0.007157
12308,,,36,31,67,36,31,67,25,0.112281,0.147195,0.002844,0.056309,7,0.029209
9337,,,45,25,70,45,25,70,23,0.120919,0.146149,0.000389,0.112422,7,0.067952
104062,,,14,52,66,14,52,66,21,0.146403,0.187353,0.001044,0.065501,7,0.010678
9710335,,,106,14,120,106,14,120,32,0.067282,0.0838,0.000519,0.063305,7,0.243027
9510293,,,7,2,9,7,2,9,40,0.044427,0.049312,0.001111,0.027778,1,0.007443
9405218,,,65,1,66,65,1,66,39,0.046485,0.052061,0.00627,0.057343,12,0.14701
9506253,,,13,3,16,13,3,16,39,0.046488,0.052208,0.000912,0.245833,5,0.029605
9710270,,,50,11,61,50,11,61,29,0.080439,0.096535,0.012691,0.123224,8,0.079567
9608434,,,26,2,28,26,2,28,29,0.079809,0.093259,0.003467,0.108466,8,0.031288
9709379,,,40,10,50,40,10,50,31,0.070792,0.084633,0.000817,0.136735,8,0.076059
9703449,,,58,3,61,58,3,61,35,0.056085,0.064355,0.000518,0.103005,8,0.109193
9611433,,,129,3,132,129,3,132,38,0.048768,0.056034,0.001059,0.052394,8,0.204891
9702379,,,36,2,38,36,2,38,35,0.05607,0.064203,0.000155,0.144381,8,0.085801
9703420,,,40,4,44,40,4,44,29,0.080288,0.095439,0.009254,0.103066,8,0.052649
9606314,,,46,1,47,46,1,47,29,0.079806,0.093193,0.005232,0.098982,8,0.0657
9604441,,,36,3,39,36,3,39,28,0.086725,0.104742,0.044794,0.077598,8,0.04563
9704207,,,149,6,155,149,6,155,35,0.056095,0.064586,0.000575,0.050691,8,0.195924
9710271,,,1,4,5,1,4,5,33,0.06228,0.071224,0.000017,0.2,0,0.000699
9608272,,,19,3,22,19,3,22,35,0.056655,0.066053,0.000202,0.114719,13,0.01582
9704416,,,14,8,22,14,8,22,34,0.058757,0.066941,0.000157,0.082251,0,0.009906
9605288,,,69,4,73,69,4,73,34,0.058611,0.065983,0.001383,0.055751,0,0.109784
9612286,,,13,4,17,13,4,17,32,0.065813,0.075331,0.000625,0.055147,0,0.016482
202090,,,3,17,20,3,17,20,21,0.152673,0.179947,0.004701,0.176471,4,0.002009
12352,,,29,7,36,29,7,36,24,0.109929,0.132027,0.000008,0.184127,4,0.033059
202107,,,3,12,15,3,12,15,22,0.142931,0.165489,0.000026,0.258242,4,0.002009
106166,,,29,10,39,29,10,39,23,0.128135,0.156388,0.000038,0.254386,4,0.030274
102301,,,42,15,57,42,15,57,22,0.117832,0.150629,0.000296,0.135338,4,0.050339
201148,,,4,5,9,4,5,9,21,0.127782,0.147112,0.000091,0.138889,4,0.002594
110346,,,2,45,47,2,45,47,20,0.158998,0.194199,0.003239,0.125347,3,0.001335
9911293,,,61,46,107,61,46,107,24,0.118611,0.157703,0.001289,0.056155,4,0.078798
106190,,,20,10,30,20,10,30,23,0.130808,0.159286,0.000095,0.228736,4,0.021806
11311,,,43,23,66,43,23,66,24,0.116279,0.147442,0.000594,0.105828,3,0.056529
9806292,,,196,7,203,196,7,203,34,0.060391,0.074628,0.001657,0.054943,3,0.614864
103125,,,49,10,59,49,10,59,23,0.128318,0.157074,0.000632,0.155075,4,0.054324
112054,,,2,43,45,2,43,45,20,0.163922,0.195359,0.001713,0.15404,3,0.001576
9902423,,,28,2,30,28,2,30,36,0.053905,0.062708,0,0.170115,4,0.036946
202136,,,2,16,18,2,16,18,22,0.145164,0.169205,0.000106,0.180147,4,0.001375
9911323,,,59,18,77,59,18,77,25,0.107874,0.134926,0.000109,0.070351,4,0.080272
111068,,,7,14,21,7,14,21,22,0.140155,0.163097,0.000106,0.216667,4,0.004341
12125,,,43,5,48,43,5,48,24,0.116967,0.140038,0.000187,0.173913,4,0.053958
9901420,,,7,5,12,7,5,12,31,0.070666,0.084422,0.000083,0.159091,8,0.006022
9702216,,,31,6,37,31,6,37,34,0.059336,0.069244,0.001276,0.073574,8,0.043197
9609448,,,28,3,31,28,3,31,41,0.042544,0.046786,0.000182,0.051613,8,0.027723
9711371,,,34,5,39,34,5,39,30,0.074852,0.087993,0.001371,0.126856,8,0.04378
9812316,,,12,11,23,12,11,23,31,0.071454,0.089062,0.000149,0.126482,8,0.008908
9606443,,,37,1,38,37,1,38,40,0.044425,0.049151,0.000659,0.042674,8,0.032141
9901423,,,1,2,3,1,2,3,45,0.036375,0.038978,0,0.333333,11,0.000574
9709420,,,4,1,5,4,1,5,45,0.036372,0.038902,0.000245,0.2,11,0.002701
9612285,,,6,1,7,6,1,7,44,0.037742,0.04062,0.00055,0.047619,11,0.004601
9711256,,,5,4,9,5,4,9,29,0.079886,0.09371,0.00001,0.277778,10,0.006663
9701422,,,16,1,17,16,1,17,39,0.046491,0.052146,0.000001,0.099265,10,0.017337
9707341,,,10,1,11,10,1,11,40,0.04443,0.04923,0,0.2,10,0.01167
9710214,,,15,8,23,15,8,23,28,0.086814,0.105411,0.001532,0.16996,10,0.018058
9610269,,,21,3,24,21,3,24,28,0.086701,0.104491,0.002372,0.173913,10,0.034585
9510447,,,3,1,4,3,1,4,41,0.042549,0.04686,0.000007,0.083333,4,0.010825
9507248,,,17,3,20,17,3,20,40,0.044438,0.049628,0.000081,0.202632,7,0.137221
9601202,,,3,6,9,3,6,9,32,0.067637,0.083476,0.000149,0.069444,6,0.002739
9511409,,,16,26,42,16,26,42,31,0.070996,0.085229,0.003588,0.056911,1,0.067972
9503414,,,30,1,31,30,1,31,39,0.046486,0.052075,0.001902,0.027957,7,0.107928
9412265,,,85,2,87,85,2,87,40,0.044423,0.049204,0.000854,0.047848,12,0.197194
9407226,,,22,1,23,22,1,23,32,0.068144,0.086681,0.010329,0.037549,7,0.048866
9409371,,,55,1,56,55,1,56,37,0.05125,0.059561,0.008226,0.048701,12,0.173425
9502300,,,139,5,144,139,5,144,40,0.044427,0.04944,0.00156,0.042881,12,0.367
9601204,,,3,4,7,3,4,7,31,0.070884,0.083376,0.000001,0.071429,7,0.005033
9508272,,,28,4,32,28,4,32,30,0.075545,0.089244,0.010682,0.082661,7,0.139902
9509204,,,80,3,83,80,3,83,30,0.074865,0.086865,0.001813,0.099324,7,0.246956
9504269,,,4,1,5,4,1,5,33,0.063799,0.077764,0.000311,0,7,0.010485
9509287,,,21,2,23,21,2,23,31,0.070243,0.080861,0.000072,0.116601,7,0.056612
109257,,,2,2,4,2,2,4,21,0.130128,0.148469,0.001913,0.333333,6,0.001218
5274,,,7,3,10,7,3,10,28,0.081249,0.09865,0.000087,0.1,6,0.007063
109239,,,1,17,18,1,17,18,20,0.149515,0.178831,0.001912,0.084559,5,0.000626
9601208,,,6,20,26,6,20,26,33,0.063977,0.080649,0.00044,0.056923,4,0.011888
9512288,,,43,7,50,43,7,50,41,0.04256,0.047398,0.000066,0.09551,4,0.12584
9508258,,,77,1,78,77,1,78,43,0.039212,0.04241,0.000356,0.043124,4,0.187261
9510372,,,55,5,60,55,5,60,41,0.042554,0.047241,0.000984,0.062429,4,0.175072
9510246,,,19,4,23,19,4,23,41,0.04255,0.047023,0.000258,0.065217,4,0.028906
9501222,,,64,1,65,64,1,65,40,0.044422,0.049138,0.007018,0.039663,4,0.178841
9505385,,,108,1,109,108,1,109,44,0.03773,0.040512,0.002413,0.046296,2,0.344201
9506217,,,43,4,47,43,4,47,41,0.042548,0.047021,0.000653,0.077706,4,0.100411
9511266,,,17,3,20,17,3,20,42,0.040817,0.044715,0.000074,0.076316,4,0.023057
9512396,,,100,3,103,100,3,103,35,0.056585,0.065438,0.000295,0.102132,6,0.278372
9511469,,,30,26,56,30,26,56,32,0.068301,0.0896,0.030034,0.025649,4,0.065162
9505326,,,63,1,64,63,1,64,42,0.040809,0.044448,0.001858,0.044395,4,0.123071
9507261,,,14,3,17,14,3,17,41,0.042548,0.046972,0.000416,0.091912,4,0.024887
9511426,,,10,2,12,10,2,12,42,0.040817,0.044632,0.000008,0.083333,4,0.014556
9505207,,,81,4,85,81,4,85,40,0.044434,0.049537,0.006528,0.048039,4,0.224161
9507386,,,99,2,101,99,2,101,34,0.059976,0.070919,0.001969,0.087921,6,0.296107
9506459,,,18,1,19,18,1,19,42,0.04081,0.044467,0.000151,0.116959,6,0.078065
9511324,,,35,3,38,35,3,38,42,0.040822,0.044871,0.000185,0.061166,4,0.128528
9508253,,,16,2,18,16,2,18,42,0.040814,0.044608,0.000098,0.071895,4,0.024918
9511326,,,27,1,28,27,1,28,41,0.042545,0.046794,0.000359,0.046296,6,0.057735
9512383,,,58,2,60,58,2,60,42,0.040812,0.04454,0.000255,0.050565,6,0.10954
9901428,,,1,15,16,1,15,16,31,0.072536,0.094067,0,0.245833,0,0.001504
9802304,,,36,6,42,36,6,42,32,0.067015,0.082385,0.000091,0.132985,0,0.059343
9805346,,,19,5,24,19,5,24,31,0.071659,0.089433,0.00025,0.226449,0,0.021339
9804228,,,8,13,21,8,13,21,31,0.071528,0.08998,0.000203,0.128571,0,0.010665
9803333,,,36,4,40,36,4,40,33,0.063357,0.078056,0.000055,0.125,0,0.061521
9804425,,,22,8,30,22,8,30,38,0.047584,0.051963,0.000014,0.156322,0,0.024836
9804429,,,15,6,21,15,6,21,38,0.047581,0.051849,0.000087,0.188095,0,0.016611
9701423,,,33,2,35,33,2,35,38,0.047556,0.051411,0.000002,0.152101,0,0.079656
9805209,,,21,13,34,21,13,34,31,0.071455,0.088781,0.001063,0.128342,0,0.020637
9810361,,,13,14,27,13,14,27,31,0.072887,0.098783,0.000395,0.153846,0,0.029458
9801306,,,32,4,36,32,4,36,38,0.047578,0.051735,0.000077,0.106349,0,0.054455
9804285,,,46,17,63,46,17,63,30,0.076736,0.097393,0.002228,0.059908,0,0.057419
9710431,,,67,4,71,67,4,71,30,0.075592,0.090945,0.011417,0.052113,3,0.13785
9601214,,,4,2,6,4,2,6,29,0.07982,0.093159,0.006974,0.133333,13,0.004198
9508233,,,16,1,17,16,1,17,29,0.079817,0.093094,0.000767,0.121324,13,0.014406
9507274,,,2,2,4,2,2,4,28,0.086738,0.10452,0.007803,0.083333,13,0.002446
9601215,,,3,3,6,3,3,6,40,0.044425,0.049279,0,0.266667,12,0.003162
9411229,,,122,1,123,122,1,123,40,0.044421,0.049135,0.001485,0.046182,12,0.308418
9810506,,,1,4,5,1,4,5,33,0.063272,0.076824,0.000003,0.1,6,0.000767
9704217,,,16,3,19,16,3,19,32,0.066598,0.078632,0.0004,0.026316,6,0.016584
9703391,,,11,14,25,11,14,25,32,0.067361,0.08443,0.001052,0.031667,6,0.011836
9610463,,,9,5,14,9,5,14,39,0.046547,0.053216,0.000129,0.027473,5,0.007969
9704215,,,5,2,7,5,2,7,34,0.058702,0.066272,0.000225,0.142857,6,0.007511
9601222,,,4,10,14,4,10,14,41,0.042568,0.047707,0.00003,0.159341,4,0.006598
9512425,,,12,9,21,12,9,21,41,0.042567,0.047635,0.000261,0.088095,4,0.020527
9502273,,,23,2,25,23,2,25,41,0.042535,0.046648,0.001081,0.066667,4,0.047647
9508338,,,27,2,29,27,2,29,41,0.042547,0.046894,0.000162,0.112069,4,0.062028
9512227,,,12,5,17,12,5,17,41,0.042557,0.047256,0.000012,0.213235,4,0.028792
9507437,,,29,1,30,29,1,30,42,0.040804,0.044415,0.000342,0.117241,1,0.08764
9601225,,,1,2,3,1,2,3,44,0.037736,0.040611,0,0.333333,4,0.000862
9509410,,,55,1,56,55,1,56,44,0.037734,0.040536,0.00001,0.057468,2,0.164065
9601230,,,15,1,16,15,1,16,41,0.042553,0.046831,0.00094,0.1375,6,0.025722
9512229,,,11,1,12,11,1,12,40,0.044443,0.04953,0.001067,0.037879,6,0.027584
9601237,,,18,2,20,18,2,20,39,0.046493,0.052214,0.000161,0.073684,10,0.032675
9511397,,,96,1,97,96,1,97,39,0.046491,0.052142,0.000287,0.057023,10,0.131328
9507319,,,90,2,92,90,2,92,38,0.048756,0.0556,0.002996,0.061753,10,0.130887
9601238,,,1,1,2,1,1,2,46,0.035089,0.037316,0,0,4,0.000658
9507348,,,25,2,27,25,2,27,45,0.036362,0.038892,0.000242,0.103989,2,0.068844
9601243,,,94,2,96,94,2,96,42,0.040817,0.044604,0.000495,0.046272,2,0.254198
9507238,,,25,1,26,25,1,26,41,0.042545,0.046794,0.001413,0.066154,9,0.080535
9601249,,,32,2,34,32,2,34,42,0.040813,0.044592,0.000004,0.092692,1,0.028608
9502338,,,66,3,69,66,3,69,41,0.042539,0.046793,0.000727,0.057971,1,0.209361
9510325,,,22,1,23,22,1,23,41,0.042545,0.046844,0.000043,0.126482,1,0.021445
9601257,,,2,3,5,2,3,5,28,0.08667,0.104365,0.000567,0,13,0.001375
9502328,,,2,1,3,2,1,3,27,0.094875,0.119328,0.000583,0.166667,13,0.001466
9506298,,,3,1,4,3,1,4,29,0.079758,0.092932,0.000444,0,13,0.002049
9512294,,,2,2,4,2,2,4,28,0.08666,0.104241,0.000001,0.25,13,0.001266
9601261,,,4,3,7,4,3,7,42,0.040819,0.044749,0.000015,0.214286,4,0.005495
9601262,,,16,1,17,16,1,17,43,0.039203,0.042274,0.000005,0.088235,4,0.040454
9508296,,,60,1,61,60,1,61,42,0.0408,0.044307,0.000313,0.054098,2,0.159876
9601267,,,3,2,5,3,2,5,28,0.086657,0.10423,0,0.4,10,0.002453
9501384,,,110,1,111,110,1,111,27,0.094873,0.119322,0.288024,0.03104,10,0.117334
9512234,,,11,1,12,11,1,12,28,0.086655,0.104167,0.000138,0.181818,10,0.010113
9601269,,,18,4,22,18,4,22,43,0.03921,0.042501,0.000007,0.116883,9,0.033586
9407328,,,10,2,12,10,2,12,43,0.039206,0.042353,0.000003,0.189394,9,0.021037
9312347,,,22,2,24,22,2,24,42,0.040804,0.044387,0.006211,0.083333,9,0.037209
9312278,,,16,1,17,16,1,17,43,0.039204,0.04228,0.000083,0.088235,9,0.041234
9710292,,,5,2,7,5,2,7,35,0.055375,0.061372,0.000367,0.02381,0,0.003953
9709317,,,1,1,2,1,1,2,35,0.055372,0.061299,0,0.5,0,0.000831
9704334,,,8,2,10,8,2,10,34,0.058614,0.065912,0.000709,0.088889,0,0.00524
9901439,,,3,8,11,3,8,11,30,0.075071,0.088379,0.000332,0.1,10,0.001962
9805345,,,2,3,5,2,3,5,42,0.04081,0.0445,0.000057,0.3,10,0.001323
9610451,,,118,4,122,118,4,122,29,0.080919,0.0966,0.02328,0.012668,13,0.150824
9711252,,,4,3,7,4,3,7,42,0.04081,0.0445,0.00009,0.166667,10,0.002709
9711396,,,133,1,134,133,1,134,30,0.074363,0.08531,0.001196,0.095107,13,0.260408
9711395,,,138,1,139,138,1,139,30,0.074864,0.086757,0.001307,0.093942,13,0.269289
9706507,,,11,2,13,11,2,13,41,0.042541,0.046693,0.00025,0.121795,10,0.007333
9806491,,,7,8,15,7,8,15,29,0.080571,0.096368,0.000682,0.052381,8,0.004987
9908207,,,2,2,4,2,2,4,31,0.069853,0.080067,0.000389,0.166667,10,0.001313
9601278,,,4,2,6,4,2,6,40,0.044424,0.049216,0.000079,0.266667,8,0.021093
9503464,,,56,1,57,56,1,57,39,0.046486,0.052075,0.002392,0.029449,8,0.063347
9506437,,,11,1,12,11,1,12,40,0.044423,0.049147,0.000158,0.113636,8,0.011457
109269,,,2,15,17,2,15,17,23,0.134109,0.168232,0.004493,0.145833,5,0.001195
7298,,,2,61,63,2,61,63,23,0.135956,0.183964,0.004475,0.071173,5,0.001193
9811492,,,14,14,28,14,14,28,30,0.078675,0.107841,0.000325,0.119048,6,0.015339
9909352,,,8,10,18,8,10,18,28,0.086275,0.112096,0.000069,0.271242,5,0.005993
9905354,,,9,3,12,9,3,12,33,0.062823,0.073904,0.000041,0.060606,6,0.007959
9705388,,,11,4,15,11,4,15,31,0.069808,0.080888,0.000009,0.22381,5,0.012246
109103,,,2,23,25,2,23,25,23,0.131565,0.16573,0.000652,0.141304,6,0.001195
102128,,,9,34,43,9,34,43,23,0.133086,0.167209,0.004212,0.067949,11,0.005655
9612424,,,32,13,45,32,13,45,30,0.075014,0.089485,0.003904,0.106061,5,0.032238
9705398,,,23,9,32,23,9,32,31,0.070694,0.085327,0.000913,0.15121,5,0.027483
9703224,,,16,2,18,16,2,18,40,0.044449,0.049637,0.000081,0.114379,5,0.023935
9710372,,,21,22,43,21,22,43,31,0.071458,0.089785,0.00045,0.114618,5,0.019687
109066,,,2,12,14,2,12,14,22,0.141695,0.174889,0.000034,0.159341,6,0.001305
107101,,,3,8,11,3,8,11,22,0.139976,0.171008,0.000023,0.2,6,0.001936
9604223,,,51,3,54,51,3,54,39,0.046511,0.052715,0.000311,0.084556,5,0.07157
9601280,,,30,8,38,30,8,38,39,0.046509,0.05285,0.001446,0.037696,8,0.04872
9510402,,,11,8,19,11,8,19,39,0.046508,0.05283,0.001541,0.061404,12,0.019722
9503411,,,57,2,59,57,2,59,40,0.044425,0.049242,0.000246,0.090006,12,0.106721
9510276,,,2,1,3,2,1,3,38,0.048752,0.055476,0.002829,0.166667,12,0.005166
9505317,,,29,4,33,29,4,33,41,0.042539,0.046832,0.000012,0.086174,12,0.060634
9505224,,,56,4,60,56,4,60,40,0.044427,0.049417,0.000012,0.074294,12,0.110194
9510346,,,8,1,9,8,1,9,39,0.046487,0.05208,0.001125,0.041667,8,0.011282
9502348,,,86,1,87,86,1,87,39,0.046486,0.052064,0.002415,0.045442,12,0.162737
9601285,,,12,4,16,12,4,16,39,0.046497,0.05236,0,0.304167,10,0.02056
9512404,,,52,3,55,52,3,55,39,0.046495,0.052287,0.000069,0.107744,10,0.07194
9510254,,,10,1,11,10,1,11,39,0.046491,0.052142,0,0.309091,10,0.021094
9601289,,,14,2,16,14,2,16,41,0.042538,0.046685,0.000181,0.108333,8,0.012802
9511374,,,6,2,8,6,2,8,40,0.044424,0.049209,0.000631,0.142857,8,0.005962
9512318,,,2,1,3,2,1,3,41,0.042536,0.046612,0.000015,0.333333,8,0.004674
9601293,,,38,11,49,38,11,49,31,0.070992,0.084933,0.048359,0.060374,4,0.103769
9509329,,,29,9,38,29,9,38,30,0.076324,0.092952,0.097421,0.069701,7,0.097229
9505315,,,8,1,9,8,1,9,34,0.059975,0.070862,0.000051,0.069444,7,0.026773
9506374,,,97,1,98,97,1,98,40,0.044436,0.049488,0.00012,0.086577,7,0.403279
9509424,,,26,1,27,26,1,27,41,0.042545,0.046792,0.000096,0.111111,4,0.084592
9601295,,,4,4,8,4,4,8,33,0.063945,0.079499,0.000892,0.160714,4,0.009898
109272,,,1,6,7,1,6,7,21,0.141061,0.166592,0.000001,0.261905,4,0.000568
106097,,,7,10,17,7,10,17,20,0.145802,0.17511,0.000453,0.121324,4,0.007335
107266,,,15,30,45,15,30,45,21,0.15065,0.183702,0.001971,0.167019,4,0.013338
107268,,,11,17,28,11,17,28,21,0.147468,0.180691,0.000082,0.219373,4,0.010344
9906327,,,27,31,58,27,31,58,25,0.099823,0.132691,0.000772,0.129159,3,0.044008
106044,,,6,11,17,6,11,17,21,0.132517,0.162975,0.000078,0.179167,4,0.004634
9601300,,,5,9,14,5,9,14,32,0.066428,0.07815,0.000752,0.043956,4,0.004832
9506467,,,20,2,22,20,2,22,42,0.040811,0.044523,0.000572,0.084416,4,0.040406
9507366,,,36,3,39,36,3,39,42,0.040815,0.044662,0.000675,0.044534,6,0.09977
9512232,,,6,8,14,6,8,14,35,0.056771,0.06703,0.000348,0.043956,1,0.006058
9601301,,,2,8,10,2,8,10,40,0.044451,0.049933,0.000018,0.155556,12,0.002249
9508274,,,19,1,20,19,1,20,40,0.044421,0.049135,0.000184,0.086842,8,0.026673
9512367,,,30,3,33,30,3,33,40,0.044444,0.049705,0.000016,0.105114,12,0.035431
9601302,,,35,1,36,35,1,36,40,0.044424,0.049153,0.000097,0.105556,8,0.06532
9501373,,,7,1,8,7,1,8,39,0.046487,0.05208,0.000321,0.071429,8,0.016765
9601308,,,4,4,8,4,4,8,37,0.051251,0.05973,0.000068,0.178571,12,0.003141
9701272,,,9,3,12,9,3,12,37,0.051251,0.059697,0.000206,0.109091,12,0.009979
9612284,,,36,1,37,36,1,37,37,0.051248,0.059532,0.089539,0.034127,12,0.084777
9901332,,,3,1,4,3,1,4,37,0.051249,0.059545,0.000001,0.416667,12,0.003145
9901214,,,12,5,17,12,5,17,36,0.054016,0.0647,0.140344,0.089744,12,0.03639
9601310,,,38,2,40,38,2,40,34,0.059976,0.070921,0.000001,0.126923,6,0.08856
9506256,,,69,1,70,69,1,70,34,0.059974,0.070854,0.000799,0.096687,6,0.21554
9505251,,,41,1,42,41,1,42,33,0.063799,0.077747,0.004527,0.114983,6,0.126064
9601313,,,8,2,10,8,2,10,41,0.042539,0.046686,0.000135,0.111111,5,0.006963
9502224,,,90,2,92,90,2,92,40,0.044423,0.049207,0.002469,0.045151,1,0.221619
9508399,,,8,1,9,8,1,9,41,0.042536,0.046611,0.000079,0.111111,5,0.006934
109275,,,2,2,4,2,2,4,23,0.117544,0.132656,0,0.333333,2,0.002154
102288,,,15,11,26,15,11,26,24,0.105634,0.13356,0.000533,0.090769,2,0.02962
9601316,,,12,1,13,12,1,13,29,0.079749,0.092873,0.003386,0.185897,0,0.010448
9503328,,,21,1,22,21,1,22,28,0.086655,0.104183,0.022701,0.064935,13,0.020233
9601325,,,8,2,10,8,2,10,43,0.039214,0.042483,0.000027,0.155556,4,0.015366
9601326,,,14,9,23,14,9,23,33,0.063956,0.079948,0.001426,0.120553,4,0.023033
9510289,,,23,1,24,23,1,24,42,0.0408,0.044306,0.000048,0.108696,4,0.043742
9506244,,,2,6,8,2,6,8,39,0.046495,0.052552,0.000089,0.089286,11,0.005937
9504393,,,8,1,9,8,1,9,41,0.042534,0.046577,0.000555,0.111111,4,0.029083
9512239,,,22,2,24,22,2,24,42,0.040815,0.044605,0.000041,0.096014,4,0.040157
9512445,,,9,4,13,9,4,13,33,0.063938,0.079368,0.00103,0.179487,4,0.019076
109277,,,4,1,5,4,1,5,25,0.095194,0.115686,0,0.2,2,0.00441
9912205,,,17,14,31,17,14,31,24,0.105199,0.136077,0.00082,0.097849,2,0.031892
9601330,,,2,3,5,2,3,5,40,0.044434,0.049516,0.000035,0,6,0.010557
9506465,,,14,3,17,14,3,17,39,0.046493,0.052357,0.000083,0.161765,11,0.031056
9412311,,,23,5,28,23,5,28,39,0.046491,0.052381,0.001181,0.092593,11,0.038487
9505225,,,23,2,25,23,2,25,39,0.046487,0.052135,0.000407,0.111667,6,0.047048
9601331,,,1,8,9,1,8,9,32,0.066298,0.076963,0.000141,0.305556,4,0.001252
9511207,,,19,4,23,19,4,23,41,0.042548,0.04705,0.001717,0.063241,4,0.051808
9512446,,,15,8,23,15,8,23,31,0.070954,0.084192,0.01944,0.08498,4,0.028207
9601332,,,11,3,14,11,3,14,41,0.042555,0.04701,0.000009,0.10989,4,0.023283
9601335,,,1,1,2,1,1,2,40,0.044425,0.049152,0,0,8,0.000731
9501232,,,24,1,25,24,1,25,39,0.046487,0.052075,0.001673,0.063333,8,0.020013
9601338,,,4,1,5,4,1,5,43,0.039215,0.042439,0,0.25,9,0.011227
9509294,,,15,1,16,15,1,16,42,0.040813,0.044553,0.000083,0.275,9,0.064737
9601341,,,1,1,2,1,1,2,42,0.040811,0.044465,0,0.5,1,0.001697
9511233,,,23,1,24,23,1,24,41,0.042545,0.046818,0.000081,0.068841,1,0.048744
9601348,,,2,3,5,2,3,5,33,0.063943,0.079409,0.000633,0.15,1,0.001628
9505289,,,32,7,39,32,7,39,40,0.044434,0.049682,0.000579,0.064777,1,0.088639
9510366,,,9,1,10,9,1,10,41,0.042545,0.046843,0,0.2,1,0.01693
9601353,,,11,2,13,11,2,13,41,0.042538,0.046658,0.000669,0.076923,10,0.00783
9510440,,,1,1,2,1,1,2,41,0.042536,0.046584,0,0.5,10,0.001192
9510235,,,17,1,18,17,1,18,40,0.044423,0.049142,0.001079,0.068627,8,0.020699
9601356,,,48,8,56,48,8,56,39,0.046516,0.053159,0.001775,0.125325,12,0.079708
9502352,,,16,1,17,16,1,17,41,0.042534,0.046605,0.000198,0.106618,12,0.041945
9512336,,,145,11,156,145,11,156,38,0.048776,0.056647,0.002608,0.058313,12,0.273503
9506452,,,87,10,97,87,10,97,38,0.048767,0.056322,0.002321,0.093213,12,0.197011
9512407,,,22,1,23,22,1,23,42,0.0408,0.044307,0.000023,0.118577,12,0.043632
9601357,,,29,3,32,29,3,32,42,0.04083,0.044758,0.00075,0.115927,6,0.074684
9601359,,,12,1,13,12,1,13,40,0.04443,0.049312,0.000307,0.185897,11,0.028265
9511310,,,6,3,9,6,3,9,39,0.046495,0.052385,0.000342,0.138889,1,0.015828
9601360,,,83,2,85,83,2,85,42,0.040847,0.04505,0.000035,0.053501,7,0.22303
9512225,,,52,2,54,52,2,54,42,0.040843,0.045023,0.000359,0.046122,7,0.113672
9601365,,,25,3,28,25,3,28,42,0.040814,0.0446,0.000072,0.128307,4,0.060695
9503388,,,9,1,10,9,1,10,41,0.042534,0.046577,0.000698,0.211111,4,0.01994
9601367,,,149,1,150,149,1,150,46,0.035088,0.037307,0.000165,0.065996,4,0.553172
9507378,,,354,1,355,354,1,355,45,0.036362,0.038859,0.001666,0.024533,4,1
9601369,,,14,1,15,14,1,15,32,0.066293,0.076813,0.000426,0.07619,7,0.016913
9601372,,,2,1,3,2,1,3,43,0.039212,0.042377,0,0.333333,4,0.001399
9601373,,,6,2,8,6,2,8,28,0.086662,0.104302,0.024952,0.107143,13,0.016967
9502345,,,1,1,2,1,1,2,28,0.086657,0.10419,0.000009,0,13,0.001401
9504250,,,23,3,26,23,3,26,27,0.094878,0.119446,0.084836,0.058462,13,0.02116
9601374,,,6,3,9,6,3,9,42,0.040819,0.044705,0.000002,0.25,4,0.010189
9601375,,,10,1,11,10,1,11,43,0.039212,0.042366,0.000004,0.163636,0,0.007402
9511208,,,5,1,6,5,1,6,42,0.040809,0.044434,0.001353,0,0,0.005241
9601382,,,4,1,5,4,1,5,44,0.037733,0.040581,0.000001,0.05,9,0.007538
9502211,,,12,5,17,12,5,17,43,0.039211,0.042573,0.002966,0.154412,9,0.037285
9508241,,,12,12,24,12,12,24,39,0.046502,0.052969,0.000283,0.157609,11,0.033992
9503434,,,14,4,18,14,4,18,40,0.044431,0.049507,0.002571,0.120915,12,0.027265
9405308,,,15,1,16,15,1,16,38,0.048751,0.055469,0.003006,0.183333,11,0.030506
9410319,,,13,1,14,13,1,14,39,0.046486,0.052067,0.000067,0.247253,11,0.024504
9501392,,,9,3,12,9,3,12,39,0.046488,0.052226,0.0001,0.227273,11,0.017653
9505426,,,12,7,19,12,7,19,40,0.044432,0.049668,0.00009,0.111111,12,0.020992
9502291,,,64,2,66,64,2,66,39,0.046488,0.052185,0.004784,0.043823,11,0.136666
9502264,,,17,2,19,17,2,19,41,0.042534,0.046644,0.000001,0.172515,12,0.075123
9505309,,,3,3,6,3,3,6,40,0.044425,0.04932,0,0.466667,11,0.004124
9601391,,,12,5,17,12,5,17,42,0.040833,0.045019,0.000102,0.055147,4,0.019483
9601392,,,10,1,11,10,1,11,41,0.042545,0.046799,0.000081,0.245455,9,0.019059
9503358,,,45,4,49,45,4,49,40,0.044433,0.049553,0.006273,0.042092,4,0.125681
9903471,,,4,11,15,4,11,15,32,0.06892,0.094538,0.000016,0.085714,9,0.00263
9608352,,,13,1,14,13,1,14,39,0.046507,0.052538,0.000241,0.197802,9,0.032227
9711504,,,12,11,23,12,11,23,31,0.072151,0.093422,0.000225,0.100791,9,0.011561
9701283,,,22,3,25,22,3,25,31,0.071253,0.086544,0.001201,0.108333,9,0.037398
9605460,,,13,1,14,13,1,14,42,0.040843,0.044849,0.000126,0.131868,9,0.020389
9809253,,,3,14,17,3,14,17,32,0.067884,0.089178,0.000201,0.080882,9,0.004595
9812518,,,6,12,18,6,12,18,31,0.072305,0.093826,0.000031,0.166667,5,0.005174
9711473,,,4,13,17,4,13,17,32,0.067595,0.087918,0.000009,0.165441,9,0.004428
9810232,,,51,57,108,51,57,108,32,0.06866,0.097273,0.002888,0.055469,9,0.061234
9804331,,,5,1,6,5,1,6,35,0.055731,0.063382,0,0.133333,5,0.004402
9612447,,,58,2,60,58,2,60,42,0.040845,0.044923,0.000012,0.104802,9,0.100203
9704213,,,13,8,21,13,8,21,32,0.066783,0.080901,0.000127,0.12619,9,0.018776
9503208,,,23,1,24,23,1,24,41,0.042534,0.046576,0,0.096014,1,0.044017
9503209,,,29,1,30,29,1,30,42,0.0408,0.044321,0.000015,0.14023,1,0.068003
9503213,,,16,1,17,16,1,17,39,0.046486,0.052074,0.000287,0.077206,5,0.03911
9502341,,,26,1,27,26,1,27,38,0.048751,0.05548,0.001474,0.180912,5,0.055215
9606326,,,2,1,3,2,1,3,30,0.073863,0.084012,0.00058,0.166667,10,0.001781
9603447,,,4,1,5,4,1,5,29,0.079749,0.092868,0.000966,0.05,10,0.002716
9503234,,,16,3,19,16,3,19,32,0.068148,0.086839,0.00795,0.070175,12,0.035037
9409427,,,8,2,10,8,2,10,40,0.044423,0.049156,0.000079,0.305556,12,0.018696
103230,,,12,2,14,12,2,14,31,0.073126,0.099321,0.206455,0.054945,7,0.037656
9412295,,,17,1,18,17,1,18,39,0.046486,0.05209,0.002331,0.098039,12,0.054943
9711216,,,11,28,39,11,28,39,32,0.0675,0.087548,0.000617,0.304318,4,0.032255
9605408,,,99,5,104,99,5,104,43,0.039241,0.043038,0.000005,0.101942,4,0.358515
9611243,,,26,12,38,26,12,38,32,0.066662,0.080263,0.000297,0.162162,4,0.07313
9611443,,,28,15,43,28,15,43,33,0.062671,0.07524,0.000053,0.160576,4,0.089767
9709511,,,10,24,34,10,24,34,33,0.063534,0.081211,0.000006,0.303922,4,0.024522
9710217,,,24,30,54,24,30,54,33,0.06347,0.081964,0.000752,0.159329,4,0.050468
9706382,,,10,43,53,10,43,53,33,0.063346,0.080535,0.000323,0.142961,4,0.03229
9709392,,,3,42,45,3,42,45,31,0.071793,0.094492,0.00067,0.15303,4,0.004007
9702291,,,28,25,53,28,25,53,33,0.062775,0.076872,0.000756,0.13389,4,0.062696
9608276,,,43,9,52,43,9,52,33,0.062458,0.072878,0.000226,0.107089,4,0.128917
9605398,,,108,13,121,108,13,121,33,0.062323,0.072228,0.009807,0.07865,4,0.338679
9708377,,,18,42,60,18,42,60,33,0.063576,0.082452,0.000183,0.171186,4,0.046166
9609434,,,117,17,134,117,17,134,32,0.066682,0.080971,0.004523,0.069184,4,0.318398
9701341,,,40,14,54,40,14,54,33,0.062674,0.07522,0.000046,0.203354,4,0.097577
9703390,,,10,28,38,10,28,38,33,0.062925,0.07809,0.00011,0.194879,4,0.033198
9608224,,,71,19,90,71,19,90,33,0.062984,0.075852,0.000491,0.114981,4,0.233474
9704225,,,17,16,33,17,16,33,33,0.062764,0.076239,0.000018,0.318182,4,0.048223
9702307,,,38,12,50,38,12,50,33,0.063593,0.078869,0.000395,0.122857,4,0.092523
9609444,,,84,16,100,84,16,100,33,0.062973,0.07554,0.000277,0.097273,4,0.225089
9607397,,,85,10,95,85,10,95,34,0.058751,0.067298,0.000983,0.08477,4,0.327138
9707239,,,9,22,31,9,22,31,33,0.063317,0.079259,0.000002,0.245161,4,0.0157
9703211,,,42,41,83,42,41,83,32,0.067,0.084829,0.001181,0.135322,4,0.091125
9612464,,,52,22,74,52,22,74,32,0.066851,0.08219,0.000741,0.089782,4,0.132513
9704307,,,22,31,53,22,31,53,33,0.063323,0.079862,0.00111,0.141872,4,0.049065
9607414,,,39,18,57,39,18,57,32,0.066477,0.078906,0.003187,0.096491,4,0.108706
9607225,,,75,7,82,75,7,82,43,0.039244,0.043185,0.000014,0.103132,4,0.275167
9602239,,,124,3,127,124,3,127,42,0.040833,0.044917,0.000436,0.062492,4,0.40012
12020,,,9,27,36,9,27,36,24,0.127581,0.162972,0.000253,0.11746,6,0.011502
4043,,,31,25,56,31,25,56,23,0.125809,0.155877,0.00068,0.091558,6,0.043936
9912324,,,7,12,19,7,12,19,25,0.098004,0.119213,0.000005,0.119883,6,0.012973
9808456,,,21,14,35,21,14,35,29,0.083538,0.111201,0.000825,0.117647,6,0.03308
7113,,,20,30,50,20,30,50,23,0.124942,0.162533,0.000869,0.101224,6,0.02634
9808459,,,26,8,34,26,8,34,29,0.083603,0.110737,0.000281,0.157754,6,0.036796
9802253,,,2,5,7,2,5,7,29,0.080276,0.095221,0.000004,0.190476,6,0.002048
9606211,,,188,5,193,188,5,193,33,0.06341,0.07658,0.004196,0.026797,6,0.434557
9701205,,,4,2,6,4,2,6,31,0.069431,0.079052,0.000002,0.233333,6,0.003357
8022,,,8,16,24,8,16,24,23,0.129677,0.164902,0.000148,0.103261,6,0.007861
9508249,,,43,1,44,43,1,44,28,0.08666,0.104223,0.051437,0.085624,6,0.077946
10203,,,9,28,37,9,28,37,23,0.134775,0.170115,0.000089,0.153968,6,0.008618
9703260,,,8,7,15,8,7,15,30,0.075068,0.089385,0.002567,0.066667,6,0.024485
9902237,,,24,10,34,24,10,34,30,0.07748,0.099851,0.000092,0.121212,6,0.032475
2213,,,18,12,30,18,12,30,23,0.120501,0.145012,0.000365,0.116092,6,0.015128
9812320,,,37,10,47,37,10,47,26,0.093208,0.115778,0.000334,0.153099,6,0.063948
9612451,,,21,2,23,21,2,23,30,0.073983,0.084727,0.000827,0.086957,6,0.024576
9801445,,,33,8,41,33,8,41,31,0.071168,0.086713,0.000538,0.090854,6,0.077622
10151,,,3,10,13,3,10,13,29,0.082194,0.102615,0.000109,0.147436,6,0.003645
9704361,,,43,3,46,43,3,46,34,0.058804,0.067098,0.000345,0.058937,6,0.0735
9355,,,25,35,60,25,35,60,23,0.136315,0.178514,0.001655,0.067514,6,0.035897
9701301,,,53,11,64,53,11,64,29,0.081054,0.099206,0.005749,0.062004,6,0.081272
9905481,,,56,20,76,56,20,76,30,0.078429,0.104666,0.000631,0.071228,6,0.088753
9810360,,,37,7,44,37,7,44,31,0.073213,0.09632,0.000196,0.085095,6,0.070547
6266,,,11,34,45,11,34,45,24,0.127378,0.16667,0.000397,0.120707,6,0.012614
1019,,,33,17,50,33,17,50,25,0.1067,0.1362,0.000165,0.131837,6,0.041173
4028,,,15,4,19,15,4,19,27,0.089382,0.109672,0.000057,0.19281,6,0.027869
9907261,,,21,14,35,21,14,35,26,0.088456,0.111715,0.000103,0.163826,6,0.040343
9503262,,,4,1,5,4,1,5,33,0.063799,0.077764,0.131658,0.1,7,0.015565
9502363,,,47,3,50,47,3,50,32,0.068145,0.086785,0.144561,0.110612,7,0.199481
202160,,,2,9,11,2,9,11,22,0.141296,0.163814,0.000002,0.254545,2,0.001193
108136,,,3,10,13,3,10,13,21,0.144374,0.172066,0.005313,0.083333,3,0.003083
9812418,,,47,8,55,47,8,55,31,0.071951,0.088529,0.002003,0.047138,4,0.059599
9906262,,,15,2,17,15,2,17,49,0.031761,0.033524,0.00001,0.220588,4,0.01249
108199,,,19,9,28,19,9,28,21,0.142665,0.169163,0.011827,0.130769,2,0.015359
201080,,,8,6,14,8,6,14,22,0.139097,0.160312,0.000044,0.224359,2,0.005528
201211,,,4,14,18,4,14,18,22,0.143481,0.167405,0.000046,0.189542,2,0.002541
9703464,,,40,1,41,40,1,41,48,0.032794,0.034618,0.000053,0.137805,4,0.049742
112226,,,3,19,22,3,19,22,22,0.151419,0.183177,0.000142,0.088745,2,0.001993
5197,,,13,9,22,13,9,22,24,0.106188,0.134184,0.00008,0.138528,2,0.011825
11014,,,29,4,33,29,4,33,26,0.091779,0.105218,0.000715,0.017992,3,0.021386
9905417,,,14,3,17,14,3,17,36,0.05391,0.062817,0,0.128676,3,0.015031
9711307,,,18,4,22,18,4,22,35,0.056085,0.066038,0.000276,0.082251,6,0.026097
8116,,,1,6,7,1,6,7,30,0.075075,0.089005,0.000481,0.047619,3,0.002331
9912276,,,5,7,12,5,7,12,25,0.097452,0.11243,0.000436,0.265152,3,0.005253
11017,,,1,27,28,1,27,28,25,0.110949,0.138054,0.000007,0.109788,7,0.00131
9911233,,,45,28,73,45,28,73,24,0.116922,0.14424,0.000932,0.119292,7,0.051094
2116,,,23,14,37,23,14,37,24,0.115066,0.140382,0.000254,0.179429,7,0.026372
9907333,,,17,9,26,17,9,26,29,0.081457,0.10002,0.000138,0.172308,10,0.014629
9912264,,,28,9,37,28,9,37,24,0.114381,0.137887,0.00044,0.141892,7,0.031302
9911309,,,28,1,29,28,1,29,30,0.074658,0.086699,0.00002,0.155172,7,0.035148
9612429,,,2,5,7,2,5,7,30,0.075316,0.089598,0,0.047619,7,0.001418
9811472,,,51,25,76,51,25,76,29,0.083836,0.115303,0.000687,0.114561,7,0.086175
9711377,,,12,3,15,12,3,15,31,0.07148,0.088568,0.000001,0.204762,7,0.015182
9801298,,,17,6,23,17,6,23,31,0.071506,0.088942,0.00008,0.110672,7,0.02427
7319,,,9,23,32,9,23,32,24,0.119351,0.148445,0.000026,0.230108,7,0.009143
6172,,,9,7,16,9,7,16,25,0.107984,0.130502,0.000033,0.233333,7,0.0092
9901278,,,22,6,28,22,6,28,31,0.073184,0.100542,0.000031,0.10582,7,0.028554
6240,,,8,16,24,8,16,24,24,0.114044,0.138686,0.000259,0.144928,7,0.010794
9808289,,,8,4,12,8,4,12,30,0.076276,0.093266,0.000115,0.128788,7,0.010409
8290,,,5,9,14,5,9,14,25,0.106582,0.127529,0.000043,0.197802,7,0.006164
9909284,,,12,15,27,12,15,27,30,0.077777,0.101261,0.000063,0.079772,10,0.009569
9902437,,,24,6,30,24,6,30,29,0.080618,0.096286,0.000063,0.149425,10,0.024606
9708326,,,19,2,21,19,2,21,31,0.071476,0.088498,0.000005,0.169048,7,0.035893
7208,,,24,57,81,24,57,81,24,0.123482,0.160082,0.000617,0.129017,7,0.023169
9705244,,,43,10,53,43,10,53,31,0.0718,0.088773,0.000129,0.130261,7,0.102414
9909202,,,28,9,37,28,9,37,24,0.110832,0.134851,0.000184,0.15015,7,0.035694
9907341,,,21,4,25,21,4,25,29,0.080987,0.096969,0.000254,0.173913,7,0.031332
9901288,,,35,9,44,35,9,44,31,0.073292,0.101375,0.00009,0.10518,7,0.042362
9902334,,,41,19,60,41,19,60,30,0.078332,0.108664,0.001277,0.15226,7,0.072723
9812471,,,39,6,45,39,6,45,30,0.078264,0.107315,0.00019,0.15,7,0.061089
9908283,,,20,9,29,20,9,29,30,0.078127,0.10437,0.000084,0.140394,7,0.022031
9912254,,,19,8,27,19,8,27,25,0.10536,0.125676,0.000007,0.219373,7,0.023806
9710349,,,6,2,8,6,2,8,38,0.048756,0.055643,0.000011,0.214286,12,0.010731
9512370,,,14,5,19,14,5,19,37,0.051251,0.059789,0.000403,0.133987,12,0.020075
9503315,,,3,1,4,3,1,4,41,0.042535,0.04658,0.000158,0,13,0.002421
9503322,,,2,1,3,2,1,3,33,0.063798,0.077727,0.000151,0.166667,7,0.009675
107294,,,9,1,10,9,1,10,32,0.068144,0.086684,0.00021,0.122222,1,0.006518
9408223,,,10,2,12,10,2,12,27,0.094875,0.119374,0.036937,0.068182,13,0.008204
9503329,,,2,1,3,2,1,3,28,0.086656,0.104187,0.000006,0.333333,13,0.002762
11025,,,1,13,14,1,13,14,26,0.097634,0.11554,0.000059,0.28022,10,0.000603
9907264,,,14,12,26,14,12,26,29,0.082325,0.104585,0.000112,0.133846,10,0.016378
7112,,,10,12,22,10,12,22,28,0.087291,0.106055,0.000062,0.225108,10,0.006887
9805389,,,35,15,50,35,15,50,29,0.081192,0.098777,0.000251,0.093469,10,0.035912
9912398,,,12,15,27,12,15,27,29,0.081865,0.102061,0.000066,0.131054,10,0.008877
5297,,,15,19,34,15,19,34,29,0.08047,0.096821,0.000797,0.115865,10,0.013008
9907539,,,5,20,25,5,20,25,25,0.103938,0.123263,0.000182,0.148333,10,0.003776
9707291,,,61,13,74,61,13,74,29,0.07997,0.094549,0.001707,0.078675,10,0.065537
9710354,,,33,8,41,33,8,41,32,0.067131,0.083214,0.000163,0.146951,7,0.080296
9709280,,,3,4,7,3,4,7,32,0.066996,0.08044,0.000002,0.238095,7,0.007785
9707521,,,50,15,65,50,15,65,31,0.071271,0.088631,0.000112,0.109375,7,0.095661
9707251,,,102,23,125,102,23,125,31,0.071848,0.092765,0.002844,0.058839,7,0.216648
9707316,,,40,12,52,40,12,52,31,0.071627,0.089779,0.000139,0.116139,7,0.07664
9707368,,,11,3,14,11,3,14,32,0.066985,0.080171,0.00005,0.120879,7,0.038855
9707354,,,52,14,66,52,14,66,31,0.071743,0.09168,0.000304,0.094872,7,0.083308
9707259,,,41,7,48,41,7,48,31,0.071339,0.087116,0.000032,0.106826,7,0.06547
9705292,,,90,7,97,90,7,97,32,0.066995,0.080532,0.000377,0.045855,7,0.225341
204062,,,1,15,16,1,15,16,22,0.14398,0.174335,0.000022,0.095833,4,0.000574
9810442,,,115,11,126,115,11,126,32,0.068008,0.089343,0.000329,0.053524,4,0.177056
9803397,,,22,6,28,22,6,28,34,0.05965,0.071625,0.000172,0.097884,2,0.030908
9603238,,,96,1,97,96,1,97,47,0.0339,0.035893,0.000018,0.07732,4,0.429844
9610504,,,7,4,11,7,4,11,34,0.059286,0.06897,0.000004,0.163636,9,0.009235
7018,,,13,41,54,13,41,54,21,0.156277,0.198556,0.002904,0.043265,2,0.01323
107084,,,4,2,6,4,2,6,24,0.110249,0.129981,0.000034,0.1,4,0.002555
9707537,,,29,14,43,29,14,43,33,0.062845,0.076105,0.00032,0.151717,4,0.057896
7001,,,10,6,16,10,6,16,22,0.132992,0.157742,0.000019,0.095238,4,0.010918
6312,,,11,27,38,11,27,38,21,0.150359,0.184141,0.001317,0.053175,4,0.011853
9710355,,,4,6,10,4,6,10,34,0.059736,0.071067,0.000016,0.188889,5,0.003154
9705442,,,216,13,229,216,13,229,36,0.053457,0.061876,0.002589,0.014897,6,0.258339
9707284,,,6,2,8,6,2,8,34,0.05964,0.069899,0.000062,0.125,5,0.008167
9703221,,,23,1,24,23,1,24,34,0.059638,0.069831,0.000205,0.121377,5,0.021288
9708358,,,13,5,18,13,5,18,34,0.059663,0.070256,0.000077,0.173203,5,0.011725
9708228,,,10,1,11,10,1,11,35,0.056285,0.064411,0,0.209091,5,0.009151
9609279,,,71,5,76,71,5,76,33,0.063418,0.076745,0.001491,0.027895,5,0.073564
9503351,,,36,1,37,36,1,37,39,0.046487,0.052074,0.002156,0.051802,8,0.042585
9406255,,,20,1,21,20,1,21,38,0.048751,0.055471,0.011212,0.042857,8,0.025375
9502383,,,5,2,7,5,2,7,39,0.046487,0.052133,0.006253,0.190476,12,0.01719
9503396,,,13,4,17,13,4,17,38,0.048753,0.05565,0.000484,0.036765,1,0.015714
9310378,,,34,1,35,34,1,35,38,0.048751,0.055463,0.051219,0.031092,1,0.078061
9406299,,,21,1,22,21,1,22,39,0.046485,0.052058,0.000556,0.192641,1,0.049263
9406407,,,15,2,17,15,2,17,38,0.048751,0.055526,0.003057,0.080882,1,0.02443
11036,,,1,11,12,1,11,12,24,0.120738,0.153842,0.000181,0.05303,11,0.000684
7316,,,5,11,16,5,11,16,23,0.129685,0.166978,0.000459,0.175,5,0.003952
9812389,,,4,6,10,4,6,10,29,0.076705,0.100324,0.000241,0.1,2,0.005227
2134,,,5,11,16,5,11,16,24,0.103728,0.126369,0.000268,0.125,6,0.003481
9910215,,,6,15,21,6,15,21,24,0.09875,0.126779,0.000015,0.133333,2,0.003922
4136,,,4,2,6,4,2,6,33,0.064699,0.084215,0.000009,0.233333,11,0.002392
9803385,,,10,17,27,10,17,27,32,0.068095,0.091887,0.000376,0.039886,7,0.00747
9612383,,,6,1,7,6,1,7,33,0.062535,0.072916,0.000021,0.095238,6,0.005832
9708476,,,2,3,5,2,3,5,32,0.066696,0.079795,0,0.25,7,0.001338
11324,,,1,11,12,1,11,12,24,0.120627,0.152434,0.000034,0.060606,11,0.000573
9811470,,,13,2,15,13,2,15,32,0.068436,0.089302,0.000062,0.1,11,0.012569
9809237,,,4,10,14,4,10,14,27,0.089156,0.110306,0.000585,0.021978,6,0.003155
9503404,,,33,4,37,33,4,37,41,0.042542,0.046924,0.000008,0.091592,1,0.108221
9409376,,,5,1,6,5,1,6,40,0.044422,0.049139,0.00008,0.066667,12,0.016012
9503415,,,5,1,6,5,1,6,43,0.039207,0.042316,0.00008,0.133333,6,0.006427
9503427,,,1,1,2,1,1,2,29,0.079749,0.092874,0,0,8,0.001014
9503437,,,21,1,22,21,1,22,39,0.046486,0.052069,0.001774,0.051948,8,0.045454
10043,,,1,10,11,1,10,11,26,0.101769,0.123225,0.000056,0.136364,10,0.000692
9508354,,,13,1,14,13,1,14,28,0.086655,0.104167,0.000264,0.10989,10,0.015335
9711365,,,7,18,25,7,18,25,28,0.086787,0.105928,0.000182,0.136667,10,0.007121
9607432,,,28,6,34,28,6,34,28,0.086707,0.104682,0.000821,0.067736,10,0.027665
9901384,,,30,26,56,30,26,56,28,0.087886,0.111133,0.001354,0.076623,10,0.020314
9804281,,,7,5,12,7,5,12,28,0.086696,0.104684,0.000122,0.19697,10,0.0065
9709354,,,23,6,29,23,6,29,28,0.086674,0.104561,0.00028,0.126847,10,0.018887
1256,,,2,14,16,2,14,16,25,0.107661,0.130696,0.000094,0.195833,10,0.001215
9807453,,,8,2,10,8,2,10,29,0.079783,0.093167,0.000007,0.122222,10,0.007687
9807237,,,5,2,7,5,2,7,30,0.07448,0.086031,0.000465,0.071429,9,0.010987
11044,,,4,10,14,4,10,14,31,0.07387,0.093206,0.00028,0.160256,12,0.002336
9705240,,,28,3,31,28,3,31,35,0.056122,0.064933,0.000093,0.080645,11,0.034366
7299,,,1,12,13,1,12,13,30,0.078482,0.098877,0.000069,0.134615,12,0.000735
103204,,,1,6,7,1,6,7,30,0.077234,0.09516,0.000101,0.3,12,0.000735
7049,,,2,6,8,2,6,8,31,0.07131,0.087375,0,0.285714,12,0.001303
9807400,,,5,3,8,5,3,8,32,0.065934,0.075664,0.000506,0.053571,12,0.003387
9612457,,,40,9,49,40,9,49,34,0.060139,0.07281,0.000938,0.03699,12,0.035132
9708255,,,30,25,55,30,25,55,34,0.060594,0.078626,0.001243,0.061953,12,0.032187
5004,,,5,3,8,5,3,8,30,0.075053,0.087862,0.000121,0.267857,12,0.003077
9811518,,,25,3,28,25,3,28,30,0.075042,0.087831,0.000828,0.05291,12,0.017253
9902217,,,10,9,19,10,9,19,32,0.067272,0.083555,0.000075,0.152047,12,0.006682
202191,,,1,36,37,1,36,37,20,0.155,0.186737,0.000344,0.172673,4,0.000624
108161,,,9,26,35,9,26,35,21,0.147961,0.174919,0.000592,0.198319,4,0.006178
107331,,,10,18,28,10,18,28,23,0.13151,0.16301,0.000115,0.206349,4,0.008576
112132,,,3,34,37,3,34,37,21,0.149921,0.17918,0.000001,0.207958,4,0.001766
9511446,,,48,1,49,48,1,49,42,0.040801,0.044309,0.000335,0.071429,2,0.145505
9510342,,,30,2,32,30,2,32,46,0.03509,0.037383,0.000158,0.082661,4,0.066364
108170,,,7,28,35,7,28,35,21,0.151801,0.180588,0.000032,0.280672,4,0.004612
12333,,,19,56,75,19,56,75,22,0.118935,0.163707,0.0004,0.090631,2,0.019444
9810435,,,34,19,53,34,19,53,26,0.082619,0.103504,0.000357,0.068215,2,0.073185
9174,,,21,10,31,21,10,31,23,0.109385,0.140609,0.000194,0.111828,2,0.019516
108120,,,8,22,30,8,22,30,20,0.153438,0.17945,0.000168,0.278161,4,0.005626
107039,,,24,15,39,24,15,39,23,0.131035,0.16001,0.000214,0.242915,4,0.024106
108003,,,13,17,30,13,17,30,23,0.131469,0.162938,0.000066,0.262069,4,0.011105
108071,,,18,25,43,18,25,43,21,0.145572,0.177327,0.001684,0.226467,4,0.01489
10088,,,7,18,25,7,18,25,24,0.105397,0.137861,0.000097,0.115,2,0.005561
104041,,,22,16,38,22,16,38,22,0.141464,0.175508,0.001503,0.138138,4,0.029397
108139,,,10,19,29,10,19,29,21,0.137493,0.16957,0.001743,0.225369,4,0.006876
105005,,,15,23,38,15,23,38,20,0.151591,0.189623,0.000617,0.106686,6,0.013055
2286,,,23,32,55,23,32,55,23,0.1137,0.148178,0.00068,0.080135,4,0.023917
9904433,,,33,24,57,33,24,57,26,0.093715,0.117588,0.00036,0.125313,3,0.043983
106163,,,15,8,23,15,8,23,23,0.123371,0.151128,0.000007,0.349802,4,0.016682
108021,,,16,11,27,16,11,27,21,0.127866,0.15399,0.000509,0.297721,4,0.013613
107190,,,14,24,38,14,24,38,23,0.131069,0.163161,0.000465,0.16643,4,0.013919
108152,,,6,19,25,6,19,25,21,0.145553,0.172711,0.000006,0.291667,4,0.003942
9607419,,,20,1,21,20,1,21,43,0.039204,0.042278,0.000079,0.157143,2,0.037422
9807552,,,42,24,66,42,24,66,32,0.068522,0.091376,0.000403,0.084382,2,0.136934
102323,,,29,30,59,29,30,59,23,0.125318,0.165057,0.000919,0.090006,4,0.026738
9205,,,23,13,36,23,13,36,23,0.110205,0.141959,0.000332,0.107143,2,0.025661
9803216,,,3,3,6,3,3,6,32,0.066114,0.076986,0.000161,0.1,1,0.001815
9706449,,,11,2,13,11,2,13,32,0.066155,0.076308,0.000013,0.185897,1,0.021026
9709415,,,3,1,4,3,1,4,32,0.066027,0.076485,0.000321,0.083333,1,0.001973
9708449,,,3,7,10,3,7,10,31,0.070688,0.084535,0.000565,0.055556,1,0.001994
9411384,,,32,1,33,32,1,33,38,0.048751,0.05548,0.002725,0.104167,12,0.066796
9710375,,,7,13,20,7,13,20,34,0.060092,0.074166,0.004535,0.097368,11,0.006506
9609474,,,38,3,41,38,3,41,40,0.044446,0.049714,0.000021,0.165244,11,0.062458
9706339,,,25,2,27,25,2,27,41,0.042539,0.046759,0.000123,0.195157,11,0.031043
9706285,,,36,12,48,36,12,48,34,0.060178,0.073439,0.002064,0.10727,11,0.043834
9609468,,,10,1,11,10,1,11,41,0.042555,0.046933,0.000119,0.145455,11,0.009347
9605323,,,114,4,118,114,4,118,40,0.044445,0.049752,0.000752,0.037303,11,0.142439
9607309,,,12,3,15,12,3,15,40,0.044459,0.049871,0.000149,0.138095,11,0.011278
9707309,,,26,11,37,26,11,37,35,0.057002,0.069411,0.00078,0.195195,11,0.029985
9609460,,,42,3,45,42,3,45,40,0.044441,0.049566,0.000058,0.15,11,0.066824
9706297,,,31,8,39,31,8,39,40,0.044468,0.050291,0.0001,0.170715,11,0.044198
9708239,,,28,22,50,28,22,50,33,0.063402,0.078592,0.00441,0.121224,11,0.035995
9707260,,,1,2,3,1,2,3,42,0.040824,0.044666,0.000146,0,11,0.00101
9707326,,,28,3,31,28,3,31,41,0.04254,0.046828,0.000124,0.15914,11,0.03118
11051,,,1,9,10,1,9,10,25,0.106199,0.138683,0.000203,0.066667,4,0.000838
2128,,,4,14,18,4,14,18,28,0.084684,0.107628,0.000095,0.150327,4,0.002733
9707488,,,24,3,27,24,3,27,35,0.056052,0.064163,0.000792,0.082621,8,0.02945
6259,,,4,34,38,4,34,38,32,0.06987,0.09651,0.000309,0.095306,11,0.003128
9903476,,,15,21,36,15,21,36,27,0.087521,0.115214,0.000918,0.070635,4,0.02084
5221,,,6,18,24,6,18,24,32,0.069348,0.093251,0.000108,0.110672,8,0.003805
7286,,,3,13,16,3,13,16,25,0.10788,0.137124,0.000054,0.079167,5,0.001773
9907524,,,14,7,21,14,7,21,28,0.084719,0.106878,0.00044,0.1,4,0.016743
9905568,,,27,4,31,27,4,31,27,0.085096,0.102632,0.000825,0.087097,3,0.038875
9712301,,,17,104,121,17,104,121,29,0.083279,0.116626,0.006921,0.012672,8,0.014805
9803223,,,1,6,7,1,6,7,32,0.067094,0.082724,0.000081,0.047619,0,0.000613
9710533,,,6,2,8,6,2,8,43,0.039257,0.042947,0.000005,0.089286,0,0.010951
9707419,,,7,4,11,7,4,11,31,0.069773,0.079802,0.000258,0.1,0,0.006405
9701421,,,34,1,35,34,1,35,40,0.044423,0.04915,0.000882,0.033613,11,0.033791
11053,,,14,31,45,14,31,45,19,0.161286,0.193098,0.000436,0.12685,2,0.012947
7233,,,9,6,15,9,6,15,24,0.106187,0.134241,0.000052,0.147619,2,0.008972
2242,,,14,19,33,14,19,33,24,0.103969,0.136324,0.000072,0.119318,2,0.011969
4227,,,10,27,37,10,27,37,18,0.176163,0.208208,0.044253,0.14082,2,0.011619
9903300,,,8,7,15,8,7,15,27,0.078512,0.095544,0.000001,0.266667,2,0.010123
9812421,,,11,25,36,11,25,36,30,0.078582,0.108369,0.00055,0.056349,4,0.017805
9605319,,,90,1,91,90,1,91,44,0.037727,0.040444,0.001144,0.069597,2,0.155157
7176,,,34,49,83,34,49,83,19,0.15979,0.192272,0.046238,0.063083,2,0.029382
8012,,,19,11,30,19,11,30,25,0.100609,0.126548,0.000069,0.070115,2,0.039664
9907216,,,16,14,30,16,14,30,24,0.099295,0.121263,0.000716,0.066667,2,0.030135
9911315,,,14,18,32,14,18,32,24,0.117781,0.148312,0.000674,0.110887,2,0.013619
9903406,,,19,14,33,19,14,33,28,0.081694,0.105267,0.000872,0.168561,2,0.025385
9909207,,,8,22,30,8,22,30,24,0.104464,0.137011,0.000098,0.111494,2,0.009063
9803354,,,6,14,20,6,14,20,31,0.071585,0.090994,0.000061,0.068421,4,0.009391
9812256,,,47,42,89,47,42,89,28,0.082031,0.109748,0.00469,0.067671,2,0.057331
9909477,,,14,25,39,14,25,39,24,0.103845,0.138424,0.000219,0.132254,2,0.015879
9902385,,,14,2,16,14,2,16,32,0.067938,0.088674,0.000114,0.116667,2,0.01978
9704231,,,36,8,44,36,8,44,35,0.056757,0.067,0.000208,0.145877,2,0.067022
9904366,,,19,16,35,19,16,35,27,0.095905,0.124116,0.002108,0.046218,2,0.033705
9808367,,,22,3,25,22,3,25,32,0.066752,0.080251,0.000086,0.058333,2,0.046706
9807216,,,352,4,356,352,4,356,37,0.051176,0.059114,0.001797,0.01778,2,0.923723
7025,,,10,8,18,10,8,18,23,0.109629,0.143045,0.000094,0.062092,2,0.013747
9812276,,,12,16,28,12,16,28,29,0.077722,0.100418,0.000138,0.169312,2,0.012671
9812499,,,17,15,32,17,15,32,26,0.08817,0.110805,0.000311,0.069556,2,0.019976
9608308,,,89,2,91,89,2,91,45,0.036371,0.038995,0.000006,0.061294,2,0.142785
9805427,,,23,10,33,23,10,33,33,0.063393,0.076708,0.000013,0.203598,2,0.033538
9906486,,,12,37,49,12,37,49,23,0.105023,0.138352,0.000309,0.083333,2,0.015658
9812360,,,137,87,224,137,87,224,25,0.1,0.129755,0.005439,0.026946,2,0.222307
9906490,,,11,26,37,11,26,37,25,0.100212,0.134253,0.00009,0.122372,2,0.0125
9710382,,,20,2,22,20,2,22,30,0.074674,0.086865,0.001217,0.045455,7,0.032761
9703313,,,25,2,27,25,2,27,34,0.059266,0.068415,0.000292,0.12963,7,0.037194
9707509,,,13,7,20,13,7,20,29,0.080543,0.096019,0.001832,0.042105,10,0.012633
11056,,,3,15,18,3,15,18,27,0.095173,0.116904,0.000024,0.287582,11,0.001761
5232,,,12,6,18,12,6,18,29,0.079968,0.095591,0.000029,0.385621,11,0.010613
9909506,,,23,5,28,23,5,28,32,0.067504,0.083659,0.000143,0.219577,11,0.02445
10075,,,12,29,41,12,29,41,26,0.101066,0.12995,0.000175,0.160976,11,0.009875
10212,,,13,21,34,13,21,34,26,0.100216,0.125955,0.000073,0.237077,11,0.00973
9912329,,,17,5,22,17,5,22,32,0.067097,0.081556,0.00013,0.307359,11,0.018258
8287,,,6,13,19,6,13,19,29,0.080518,0.098721,0.000401,0.289474,11,0.00458
9905323,,,30,1,31,30,1,31,35,0.056266,0.065974,0.000196,0.229032,11,0.037402
4013,,,8,12,20,8,12,20,28,0.085554,0.105471,0.015714,0.2,11,0.007126
9907471,,,11,7,18,11,7,18,31,0.07128,0.087036,0.000025,0.176471,11,0.00986
5328,,,12,10,22,12,10,22,28,0.081318,0.098557,0.00004,0.281385,11,0.010271
9812529,,,15,4,19,15,4,19,31,0.070517,0.083666,0.000042,0.172515,11,0.016213
7032,,,6,11,17,6,11,17,29,0.081471,0.099463,0.000022,0.253676,11,0.004656
9912251,,,16,5,21,16,5,21,32,0.066985,0.081173,0.000135,0.269048,11,0.018272
3261,,,17,9,26,17,9,26,30,0.072981,0.089993,0.00011,0.266154,11,0.015282
9711391,,,72,13,85,72,13,85,30,0.075386,0.091541,0.004263,0.081933,1,0.115212
202203,,,1,15,16,1,15,16,22,0.148325,0.179444,0.000447,0.145833,6,0.000568
102017,,,10,23,33,10,23,33,24,0.121857,0.155551,0.000453,0.158144,7,0.007718
112102,,,21,8,29,21,8,29,22,0.142264,0.1677,0.000044,0.18254,6,0.017599
108065,,,2,8,10,2,8,10,22,0.138834,0.165835,0.000001,0.3,6,0.001135
3273,,,2,5,7,2,5,7,30,0.076376,0.093773,0.000039,0.02381,10,0.001135
101194,,,5,6,11,5,6,11,29,0.082843,0.100396,0.000018,0.177778,10,0.003765
104304,,,27,19,46,27,19,46,22,0.135929,0.161791,0.010039,0.108586,6,0.037414
111058,,,27,24,51,27,24,51,21,0.159181,0.192597,0.014234,0.133816,6,0.023506
111059,,,22,12,34,22,12,34,22,0.139861,0.16407,0.00031,0.158144,6,0.019487
9703220,,,73,7,80,73,7,80,34,0.060058,0.071781,0.000624,0.054905,6,0.137629
9604279,,,24,2,26,24,2,26,39,0.046493,0.052215,0.000254,0.067692,10,0.039774
11096,,,4,18,22,4,18,22,28,0.090049,0.112965,0.000297,0.114286,10,0.002532
9809337,,,22,10,32,22,10,32,29,0.081423,0.099685,0.000193,0.130108,10,0.022711
107327,,,4,17,21,4,17,21,22,0.12931,0.154287,0.001214,0.073684,1,0.002334
102122,,,103,39,142,103,39,142,22,0.141067,0.177705,0.004101,0.090658,6,0.187645
103199,,,44,27,71,44,27,71,21,0.151761,0.185495,0.002535,0.080885,6,0.040425
9803232,,,9,6,15,9,6,15,30,0.076436,0.093699,0.000175,0.1,7,0.012987
9611307,,,9,2,11,9,2,11,40,0.04443,0.049269,0.000005,0.2,10,0.013226
9502335,,,71,2,73,71,2,73,32,0.068145,0.086733,0.013143,0.044901,7,0.159295
9701400,,,22,2,24,22,2,24,29,0.080967,0.096701,0.000194,0.101449,10,0.035434
9712457,,,32,2,34,32,2,34,33,0.063869,0.078178,0.000149,0.08467,7,0.040666
9709215,,,33,8,41,33,8,41,33,0.063953,0.079568,0.0003,0.086585,12,0.073803
204069,,,2,30,32,2,30,32,18,0.175834,0.203183,0.008085,0.101815,4,0.001175
201216,,,2,35,37,2,35,37,17,0.17334,0.198521,0.0129,0.164414,4,0.001193
12289,,,14,7,21,14,7,21,18,0.159573,0.177011,0.048156,0.178571,3,0.010255
9912265,,,30,16,46,30,16,46,24,0.10272,0.1341,0.000121,0.093237,3,0.027562
106258,,,137,12,149,137,12,149,22,0.123713,0.145404,0.000718,0.033557,2,0.133991
202196,,,1,10,11,1,10,11,24,0.111487,0.141773,0,0.272727,4,0.000624
106264,,,90,23,113,90,23,113,22,0.124293,0.144093,0.001548,0.047699,2,0.09495
9703259,,,53,10,63,53,10,63,34,0.059254,0.070582,0.000159,0.077317,4,0.091374
106207,,,93,7,100,93,7,100,22,0.125969,0.146616,0.014625,0.053434,2,0.122764
106335,,,4,8,12,4,8,12,21,0.136331,0.166245,0.000059,0.106061,2,0.003121
108002,,,10,25,35,10,25,35,21,0.146499,0.178995,0.000437,0.152101,4,0.007995
9801446,,,29,16,45,29,16,45,30,0.076029,0.094916,0.000319,0.117172,4,0.046656
104103,,,10,15,25,10,15,25,23,0.126304,0.158586,0.000043,0.156667,4,0.008608
4200,,,25,30,55,25,30,55,25,0.114248,0.152957,0.000504,0.085522,4,0.024647
110126,,,11,32,43,11,32,43,18,0.166053,0.193802,0.000958,0.09856,3,0.006847
104312,,,7,40,47,7,40,47,17,0.163544,0.195089,0.050738,0.116559,3,0.005626
9903417,,,109,7,116,109,7,116,27,0.083642,0.09761,0.00001,0.058171,3,0.166978
110266,,,3,16,19,3,16,19,19,0.173003,0.199714,0.000097,0.140351,4,0.001759
202209,,,3,21,24,3,21,24,24,0.119298,0.155631,0.000309,0.07971,3,0.001759
108225,,,4,33,37,4,33,37,24,0.122705,0.165,0.000916,0.120871,3,0.00255
1122,,,13,6,19,13,6,19,28,0.080822,0.101325,0.000235,0.114035,2,0.009587
9909509,,,15,11,26,15,11,26,30,0.072583,0.093977,0.000139,0.22,0,0.010744
8103,,,7,13,20,7,13,20,24,0.116212,0.144352,0.000033,0.215789,4,0.008061
8058,,,10,4,14,10,4,14,29,0.077494,0.097075,0.000466,0.214286,0,0.006795
9909373,,,13,28,41,13,28,41,25,0.103109,0.132708,0.00053,0.175,3,0.017963
2285,,,13,10,23,13,10,23,30,0.072632,0.094129,0.000356,0.254941,0,0.009053
9911421,,,16,9,25,16,9,25,25,0.106246,0.131829,0.000009,0.116667,4,0.017978
9803380,,,31,8,39,31,8,39,31,0.070807,0.085795,0.000663,0.136302,0,0.030018
9709492,,,46,4,50,46,4,50,33,0.062818,0.075089,0.00039,0.104898,0,0.06118
9607446,,,24,6,30,24,6,30,33,0.062944,0.074514,0.000615,0.055172,4,0.037578
8087,,,5,22,27,5,22,27,24,0.109117,0.139128,0.001405,0.074074,3,0.003518
9811353,,,83,8,91,83,8,91,33,0.064461,0.083009,0.000174,0.093162,3,0.260488
9711514,,,37,8,45,37,8,45,32,0.06658,0.080132,0.000234,0.133333,0,0.039234
103215,,,4,21,25,4,21,25,24,0.113898,0.148073,0.00005,0.201667,3,0.002674
9701244,,,68,11,79,68,11,79,34,0.059336,0.069952,0.000232,0.07384,4,0.141241
9904221,,,18,32,50,18,32,50,25,0.10008,0.12364,0.000637,0.18449,3,0.038987
7269,,,5,6,11,5,6,11,25,0.093768,0.116088,0,0.181818,3,0.003258
11064,,,3,12,15,3,12,15,26,0.10001,0.126953,0.000003,0.238095,7,0.002804
4004,,,53,5,58,53,5,58,32,0.068054,0.08604,0.000006,0.109195,7,0.057422
4173,,,58,45,103,58,45,103,25,0.107061,0.136935,0.001003,0.086168,7,0.057453
5006,,,22,14,36,22,14,36,26,0.098678,0.122797,0.000079,0.171429,7,0.025226
9808493,,,72,12,84,72,12,84,31,0.07247,0.095393,0.000056,0.120912,7,0.102753
7256,,,30,10,40,30,10,40,25,0.103992,0.128525,0.000211,0.123077,7,0.027579
9909564,,,8,22,30,8,22,30,26,0.09955,0.127394,0.000145,0.211494,7,0.010347
9510318,,,8,1,9,8,1,9,39,0.046491,0.052142,0.00004,0.236111,10,0.011098
11067,,,2,5,7,2,5,7,23,0.11435,0.130431,0.000001,0.166667,11,0.001138
9710521,,,29,4,33,29,4,33,41,0.042541,0.046897,0.000002,0.160985,11,0.02777
9907426,,,7,6,13,7,6,13,22,0.126982,0.147424,0.001129,0.128205,11,0.005615
9612260,,,43,2,45,43,2,45,41,0.042539,0.046743,0.000209,0.079293,11,0.045468
9804309,,,14,3,17,14,3,17,43,0.039218,0.04255,0.000168,0.091912,11,0.015587
9907254,,,8,10,18,8,10,18,23,0.116792,0.137871,0.000889,0.094771,11,0.00532
202218,,,4,28,32,4,28,32,20,0.145723,0.167603,0.000331,0.114919,2,0.002754
111108,,,1,11,12,1,11,12,22,0.134947,0.157364,0.000085,0.143939,2,0.000753
9350,,,122,25,147,122,25,147,23,0.106247,0.137078,0.006148,0.03215,2,0.161488
112074,,,8,19,27,8,19,27,22,0.14148,0.16751,0.001545,0.143077,2,0.01281
5261,,,39,15,54,39,15,54,25,0.097621,0.12145,0.000144,0.092243,2,0.089452
9808270,,,55,20,75,55,20,75,32,0.068225,0.08803,0.000395,0.088468,2,0.155203
9808205,,,161,30,191,161,30,191,32,0.068373,0.089882,0.001812,0.039129,2,0.514349
108177,,,69,35,104,69,35,104,21,0.138863,0.163115,0.002886,0.057396,2,0.065219
2147,,,68,17,85,68,17,85,23,0.102707,0.127351,0.000725,0.055602,2,0.096129
9801431,,,54,13,67,54,13,67,37,0.05109,0.059576,0.000204,0.090457,2,0.232166
112216,,,9,19,28,9,19,28,22,0.135825,0.160571,0.000082,0.115079,2,0.007823
102234,,,44,5,49,44,5,49,21,0.1275,0.143405,0.006782,0.094813,2,0.071326
204253,,,33,14,47,33,14,47,19,0.156604,0.176701,0.030043,0.115171,2,0.029186
3038,,,11,4,15,11,4,15,25,0.09091,0.109129,0.000285,0.152381,2,0.02309
108191,,,28,19,47,28,19,47,22,0.129791,0.15185,0.000115,0.107308,2,0.031086
9901219,,,14,4,18,14,4,18,33,0.064099,0.079824,0.000001,0.098039,2,0.030056
1124,,,13,29,42,13,29,42,23,0.104874,0.134073,0.00053,0.10511,2,0.042944
7270,,,13,28,41,13,28,41,23,0.10455,0.134651,0.000907,0.107317,2,0.02942
9902312,,,20,22,42,20,22,42,26,0.092216,0.1124,0.000174,0.093496,2,0.055597
106283,,,2,10,12,2,10,12,22,0.134376,0.157317,0.000021,0.068182,2,0.00133
201069,,,1,3,4,1,3,4,23,0.125757,0.144931,0.000001,0.25,2,0.000753
9804400,,,44,9,53,44,9,53,37,0.051071,0.059059,0.000024,0.088171,2,0.165515
105139,,,26,7,33,26,7,33,23,0.125761,0.148127,0.00017,0.086694,2,0.035441
9904245,,,16,23,39,16,23,39,26,0.097646,0.123221,0.000552,0.077598,2,0.033677
11074,,,3,20,23,3,20,23,25,0.093213,0.114615,0.000322,0.13834,2,0.002071
9607201,,,22,1,23,22,1,23,46,0.035096,0.037458,0.000724,0.120553,2,0.037765
9711363,,,12,1,13,12,1,13,35,0.056196,0.06478,0,0.198718,2,0.028215
9707268,,,4,1,5,4,1,5,48,0.032799,0.034666,0,0.3,2,0.003227
9803365,,,6,7,13,6,7,13,35,0.056314,0.065905,0.000326,0.192308,2,0.007613
9703241,,,12,1,13,12,1,13,47,0.033909,0.035993,0.000157,0.198718,2,0.009327
9706378,,,7,1,8,7,1,8,48,0.032799,0.034666,0,0.25,2,0.005422
6334,,,2,3,5,2,3,5,34,0.05998,0.070951,0.000082,0.25,2,0.001268
9904285,,,3,3,6,3,3,6,26,0.09105,0.110002,0.000069,0.333333,2,0.002092
9710289,,,11,2,13,11,2,13,34,0.059538,0.070546,0.000683,0.166667,2,0.028231
9807442,,,13,5,18,13,5,18,35,0.056317,0.065861,0.000247,0.114379,2,0.022593
9802387,,,16,1,17,16,1,17,47,0.033909,0.035992,0.000001,0.150735,2,0.039873
9909332,,,3,5,8,3,5,8,24,0.09028,0.105047,0.000009,0.214286,2,0.002369
9905246,,,7,34,41,7,34,41,26,0.093689,0.11918,0.000037,0.104268,2,0.015152
9812441,,,3,4,7,3,4,7,36,0.053322,0.061024,0,0.380952,2,0.002025
9810543,,,7,12,19,7,12,19,34,0.060607,0.075476,0.000255,0.102339,2,0.005369
9906460,,,3,3,6,3,3,6,33,0.063075,0.075057,0.000149,0.166667,2,0.001897
9909341,,,3,13,16,3,13,16,24,0.096083,0.119387,0.000019,0.133333,2,0.002134
7262,,,1,3,4,1,3,4,34,0.05983,0.070183,0,0.416667,2,0.000695
9809503,,,9,9,18,9,9,18,33,0.064221,0.081454,0.000058,0.127451,2,0.00626
9803246,,,4,3,7,4,3,7,32,0.065877,0.075572,0,0.261905,7,0.002504
9701234,,,11,2,13,11,2,13,33,0.062782,0.073096,0.000027,0.121795,7,0.009074
9701291,,,11,5,16,11,5,16,31,0.069948,0.080776,0.000784,0.1,7,0.00829
9705477,,,39,6,45,39,6,45,33,0.062799,0.07347,0.001017,0.026263,8,0.033774
9710404,,,2,2,4,2,2,4,37,0.049941,0.054563,0.000187,0.25,2,0.001518
9703214,,,9,1,10,9,1,10,36,0.052544,0.05789,0.000314,0.111111,2,0.011753
9612375,,,1,1,2,1,1,2,45,0.036372,0.038901,0.000109,0,11,0.000639
9803250,,,6,8,14,6,8,14,34,0.059662,0.071537,0.000041,0.159341,11,0.008233
9710416,,,9,1,10,9,1,10,40,0.044429,0.049235,0.000001,0.222222,11,0.008722
9610370,,,44,9,53,44,9,53,40,0.044469,0.050332,0.000114,0.12373,11,0.064215
9610553,,,20,10,30,20,10,30,40,0.044477,0.050542,0.000076,0.15977,11,0.031406
9602280,,,44,5,49,44,5,49,39,0.046504,0.052689,0.001312,0.105017,11,0.08124
9703401,,,10,2,12,10,2,12,40,0.044444,0.049422,0,0.151515,6,0.011856
9608317,,,40,1,41,40,1,41,40,0.044441,0.049417,0.000012,0.054268,6,0.058019
9803251,,,7,8,15,7,8,15,29,0.080732,0.096787,0.000664,0.180952,10,0.010528
9710341,,,4,11,15,4,11,15,29,0.081219,0.098586,0.000188,0.057143,10,0.003923
9604270,,,14,3,17,14,3,17,38,0.048754,0.055626,0.000119,0.099265,11,0.023099
11081,,,2,9,11,2,9,11,25,0.110978,0.139009,0.000317,0.072727,4,0.001312
1172,,,32,12,44,32,12,44,24,0.11471,0.138448,0.000274,0.091362,4,0.049506
7193,,,3,6,9,3,6,9,24,0.100999,0.12785,0.000277,0.013889,4,0.002175
9903448,,,53,8,61,53,8,61,32,0.067863,0.08919,0.000125,0.113934,4,0.077418
9707209,,,34,9,43,34,9,43,35,0.055644,0.063762,0.000373,0.04928,4,0.05914
9909563,,,1,10,11,1,10,11,24,0.110121,0.130915,0.000017,0.090909,4,0.000631
9709234,,,3,1,4,3,1,4,43,0.039231,0.042568,0,0.166667,6,0.002582
9710410,,,5,5,10,5,5,10,35,0.056046,0.064251,0.000048,0.088889,8,0.004112
9612250,,,18,1,19,18,1,19,41,0.042556,0.046844,0.000013,0.05848,8,0.019403
9610362,,,10,1,11,10,1,11,40,0.044445,0.049545,0.00032,0.081818,8,0.01282
9609377,,,23,4,27,23,4,27,39,0.046492,0.052342,0.000402,0.065527,8,0.030001
9405382,,,6,1,7,6,1,7,43,0.039204,0.04228,0.000002,0.214286,9,0.012788
9710414,,,2,1,3,2,1,3,33,0.060488,0.065937,0.000079,0,8,0.001275
9702352,,,3,2,5,3,2,5,32,0.064379,0.071042,0.000171,0.15,8,0.005268
9803258,,,5,11,16,5,11,16,30,0.075759,0.092949,0.000132,0.129167,4,0.011048
9706235,,,24,10,34,24,10,34,32,0.067338,0.083581,0.000856,0.120321,4,0.06504
9607394,,,157,7,164,157,7,164,33,0.062318,0.072027,0.001349,0.027046,4,0.367054
9705348,,,17,5,22,17,5,22,33,0.062735,0.074442,0.001508,0.056277,0,0.020225
9705271,,,54,12,66,54,12,66,33,0.062776,0.075682,0.000073,0.111888,4,0.11227
9706275,,,25,13,38,25,13,38,32,0.066853,0.081587,0.000626,0.09744,4,0.06328
9706554,,,26,8,34,26,8,34,33,0.063231,0.077175,0.000067,0.183601,4,0.065202
9705307,,,49,16,65,49,16,65,32,0.066868,0.08191,0.002661,0.10024,4,0.11151
9709306,,,14,14,28,14,14,28,33,0.063262,0.077714,0.000012,0.234127,4,0.040909
9607362,,,22,5,27,22,5,27,31,0.07117,0.085976,0.006177,0.112536,4,0.054345
9705411,,,11,11,22,11,11,22,32,0.066837,0.081443,0.000071,0.142857,4,0.022779
110237,,,6,24,30,6,24,30,21,0.150877,0.186788,0.000267,0.124138,2,0.004674
2177,,,8,28,36,8,28,36,24,0.108465,0.142699,0.000012,0.144444,2,0.007579
106245,,,17,31,48,17,31,48,20,0.159854,0.197521,0.000988,0.119238,2,0.013354
9808251,,,69,33,102,69,33,102,25,0.104327,0.128739,0.005378,0.083867,2,0.190328
9904395,,,54,35,89,54,35,89,24,0.102409,0.130061,0.000694,0.120787,2,0.097947
11150,,,7,11,18,7,11,18,23,0.111555,0.141132,0.000413,0.133987,2,0.006398
9912210,,,8,13,21,8,13,21,24,0.105373,0.137998,0.000039,0.235714,2,0.007223
9910420,,,40,14,54,40,14,54,24,0.101387,0.126637,0.000045,0.1174,2,0.04841
9910231,,,37,25,62,37,25,62,24,0.102864,0.134043,0.000087,0.131148,2,0.04048
103256,,,26,32,58,26,32,58,20,0.157982,0.201762,0.000933,0.153055,6,0.022746
9904219,,,29,10,39,29,10,39,27,0.091542,0.115529,0.00042,0.153846,2,0.039546
108005,,,16,10,26,16,10,26,23,0.126645,0.15407,0.000654,0.116923,2,0.012718
9703442,,,51,17,68,51,17,68,31,0.071577,0.090571,0.000578,0.052239,7,0.092718
9903203,,,13,47,60,13,47,60,26,0.10097,0.135675,0.000358,0.093785,2,0.034129
9905381,,,61,41,102,61,41,102,24,0.103279,0.132398,0.002128,0.09571,2,0.097762
9906281,,,44,14,58,44,14,58,24,0.101314,0.126453,0.000163,0.155475,2,0.072539
102315,,,42,41,83,42,41,83,23,0.139263,0.184151,0.001336,0.110197,6,0.055835
9906481,,,40,26,66,40,26,66,24,0.102363,0.13229,0.000735,0.103963,2,0.052222
101170,,,3,16,19,3,16,19,22,0.12379,0.15708,0.000306,0.201754,2,0.002781
9911481,,,14,16,30,14,16,30,24,0.101802,0.128642,0.000011,0.23908,2,0.01521
9211,,,3,18,21,3,18,21,23,0.115444,0.154032,0.000086,0.154762,2,0.002218
9904279,,,101,55,156,101,55,156,23,0.105991,0.137973,0.00171,0.076758,2,0.17083
9912317,,,24,18,42,24,18,42,24,0.101907,0.136251,0.000152,0.142276,2,0.026311
1001,,,16,21,37,16,21,37,30,0.075992,0.096603,0.00041,0.185435,11,0.016441
9907523,,,13,5,18,13,5,18,32,0.067216,0.081675,0.00013,0.215686,11,0.018019
9709423,,,1,9,10,1,9,10,34,0.059635,0.071243,0.000001,0.322222,11,0.001728
9802439,,,35,12,47,35,12,47,34,0.060704,0.07901,0.000161,0.129972,11,0.039881
9511336,,,15,2,17,15,2,17,39,0.046494,0.05234,0.000376,0.176471,11,0.028436
9810409,,,28,17,45,28,17,45,34,0.060558,0.078096,0.000334,0.142929,11,0.03202
9908523,,,21,20,41,21,20,41,32,0.067871,0.087778,0.000112,0.191463,11,0.021288
9701390,,,122,2,124,122,2,124,41,0.042557,0.046996,0.000402,0.032783,12,0.177082
9710255,,,28,15,43,28,15,43,34,0.060077,0.073783,0.000107,0.185493,11,0.038674
9910563,,,4,5,9,4,5,9,30,0.07734,0.095298,0.000159,0.263889,11,0.005479
9702424,,,19,11,30,19,11,30,39,0.046535,0.05353,0.00014,0.152874,11,0.027916
9907385,,,30,8,38,30,8,38,31,0.071575,0.089395,0.001148,0.154339,11,0.035176
9903515,,,21,8,29,21,8,29,35,0.057512,0.073004,0.000023,0.216749,11,0.022841
9903516,,,26,22,48,26,22,48,34,0.060583,0.078518,0.000032,0.147163,11,0.026099
9810389,,,20,9,29,20,9,29,34,0.0607,0.078791,0.000106,0.277094,11,0.027751
1002,,,50,18,68,50,18,68,22,0.131085,0.157677,0.003015,0.092625,6,0.060112
9609331,,,160,2,162,160,2,162,34,0.059648,0.070001,0.000905,0.030251,6,0.293681
9912516,,,20,25,45,20,25,45,21,0.145605,0.174011,0.006963,0.059596,6,0.024833
9912236,,,36,9,45,36,9,45,27,0.085751,0.103665,0.000013,0.116162,6,0.04208
9902443,,,32,29,61,32,29,61,31,0.07329,0.100726,0.000998,0.035519,6,0.058623
9903404,,,49,12,61,49,12,61,26,0.093221,0.115955,0.00081,0.094809,6,0.057463
9803277,,,102,5,107,102,5,107,33,0.063474,0.079065,0.000376,0.05343,6,0.164673
9912463,,,16,32,48,16,32,48,22,0.130379,0.158267,0.000562,0.086436,6,0.019192
9812472,,,81,10,91,81,10,91,26,0.091936,0.114054,0.002777,0.057021,6,0.096727
9606386,,,42,2,44,42,2,44,41,0.042559,0.047116,0.000366,0.031712,6,0.066978
9902371,,,76,48,124,76,48,124,28,0.087739,0.123784,0.002364,0.063336,6,0.107821
9811308,,,14,4,18,14,4,18,31,0.073467,0.098327,0.000335,0.120915,6,0.036882
9808312,,,60,26,86,60,26,86,31,0.074137,0.106694,0.002267,0.052101,6,0.084989
9909540,,,14,9,23,14,9,23,27,0.08578,0.103851,0.000015,0.282609,6,0.015964
9808299,,,58,5,63,58,5,63,33,0.064216,0.081833,0.00006,0.093958,6,0.098451
9907422,,,33,24,57,33,24,57,23,0.114363,0.144003,0.002896,0.072682,6,0.052001
9807423,,,63,7,70,63,7,70,32,0.068308,0.090498,0.000505,0.090683,6,0.095435
1003,,,1,16,17,1,16,17,30,0.080387,0.101464,0.000019,0.147059,1,0.000625
9805404,,,9,4,13,9,4,13,33,0.062915,0.074191,0.000006,0.147436,1,0.009587
9905313,,,4,6,10,4,6,10,31,0.071621,0.089096,0.000005,0.2,1,0.002516
9603202,,,88,9,97,88,9,97,32,0.066303,0.077282,0.000386,0.046392,1,0.159049
9901445,,,10,7,17,10,7,17,31,0.071836,0.090575,0.000038,0.213235,1,0.006947
9907468,,,5,9,14,5,9,14,29,0.084666,0.105192,0.000327,0.164835,1,0.003315
9604202,,,34,8,42,34,8,42,32,0.066317,0.07745,0.000885,0.08072,1,0.054662
9902315,,,11,10,21,11,10,21,32,0.067531,0.085021,0.000005,0.211905,1,0.010879
9708396,,,23,2,25,23,2,25,33,0.062822,0.073421,0.000184,0.091667,1,0.037665
9604335,,,20,3,23,20,3,23,33,0.062198,0.07093,0.000079,0.120553,1,0.018926
9602324,,,21,3,24,21,3,24,41,0.042554,0.047035,0.000342,0.112319,1,0.038686
9704245,,,30,7,37,30,7,37,32,0.067287,0.0832,0.000031,0.123123,1,0.052592
9805241,,,28,5,33,28,5,33,34,0.060183,0.073285,0.000014,0.088068,1,0.037153
9703290,,,80,41,121,80,41,121,31,0.071584,0.091532,0.006861,0.031619,1,0.139893
9906300,,,2,27,29,2,27,29,30,0.082261,0.108303,0.00034,0.1133,1,0.001208
9903258,,,9,7,16,9,7,16,32,0.067532,0.084839,0.000006,0.233333,1,0.008517
1005,,,31,20,51,31,20,51,23,0.110766,0.14487,0.000783,0.079608,6,0.037619
9811362,,,23,12,35,23,12,35,30,0.07672,0.09668,0.000159,0.195798,6,0.044459
9912443,,,3,8,11,3,8,11,29,0.08082,0.097767,0.000159,0.163636,10,0.007057
9705444,,,41,10,51,41,10,51,30,0.075462,0.091695,0.004631,0.069804,6,0.098934
9607465,,,29,8,37,29,8,37,43,0.039288,0.043762,0.000035,0.093844,6,0.075749
9909228,,,23,23,46,23,23,46,29,0.084615,0.115321,0.000288,0.083092,6,0.030497
9706509,,,41,9,50,41,9,50,29,0.081172,0.10012,0.003075,0.089388,6,0.074028
9806413,,,33,6,39,33,6,39,31,0.071465,0.087858,0.000182,0.138327,6,0.086913
9610224,,,50,11,61,50,11,61,34,0.058905,0.068463,0.000124,0.060383,6,0.116845
9810297,,,19,17,36,19,17,36,30,0.077928,0.101859,0.000227,0.157143,6,0.038399
9908311,,,23,22,45,23,22,45,25,0.106852,0.134607,0.000158,0.179798,6,0.034864
9609465,,,8,3,11,8,3,11,38,0.048766,0.055808,0.000258,0.036364,10,0.010543
9607292,,,34,2,36,34,2,36,42,0.040839,0.044946,0.000097,0.069841,6,0.096251
9910205,,,52,40,92,52,40,92,23,0.11057,0.145078,0.001947,0.032967,2,0.064573
9912223,,,19,19,38,19,19,38,24,0.105475,0.130984,0.000297,0.136558,6,0.023957
1006,,,1,3,4,1,3,4,26,0.09229,0.114025,0,0.166667,2,0.000632
9812538,,,68,55,123,68,55,123,25,0.101535,0.135071,0.003505,0.049247,2,0.117397
9807228,,,86,4,90,86,4,90,34,0.060053,0.07338,0.000099,0.075406,2,0.236334
9802334,,,106,10,116,106,10,116,33,0.063424,0.079077,0.001114,0.043628,2,0.204528
1007,,,1,3,4,1,3,4,26,0.092294,0.114026,0.000004,0.166667,2,0.000687
9702362,,,8,4,12,8,4,12,30,0.073874,0.08425,0.000011,0.242424,0,0.006748
9604404,,,22,1,23,22,1,23,29,0.079749,0.092874,0.001672,0.08498,0,0.019621
9611206,,,12,2,14,12,2,14,30,0.073867,0.08411,0.000268,0.186813,0,0.008322
9603303,,,10,1,11,10,1,11,30,0.073862,0.084013,0,0.218182,0,0.008039
1009,,,5,4,9,5,4,9,26,0.096102,0.119911,0.000099,0.069444,2,0.009017
9811428,,,129,24,153,129,24,153,25,0.098833,0.1199,0.00223,0.071164,3,0.242897
1013,,,1,9,10,1,9,10,28,0.087332,0.108021,0.00023,0.3,10,0.000948
9909568,,,2,10,12,2,10,12,29,0.0805,0.09662,0,0.19697,10,0.001153
9803266,,,30,16,46,30,16,46,28,0.086838,0.106201,0.000366,0.113527,10,0.025624
9609459,,,4,1,5,4,1,5,29,0.079748,0.092865,0,0.35,10,0.005748
9910260,,,2,5,7,2,5,7,28,0.087268,0.107443,0.000071,0.285714,10,0.001153
9611253,,,29,3,32,29,3,32,28,0.08666,0.104296,0.000219,0.137097,10,0.030545
9704415,,,28,3,31,28,3,31,28,0.086663,0.10433,0.000236,0.146237,10,0.028461
1015,,,1,2,3,1,2,3,25,0.086138,0.09764,0,0.5,2,0.002279
9903473,,,18,9,27,18,9,27,24,0.09421,0.110375,0.000134,0.146154,2,0.070107
9906469,,,148,9,157,148,9,157,24,0.09016,0.104846,0.000162,0.035856,2,0.30578
9508321,,,68,1,69,68,1,69,42,0.04081,0.044469,0.000251,0.072038,6,0.169804
9908326,,,42,23,65,42,23,65,26,0.097749,0.129582,0.000542,0.101923,6,0.056592
9903468,,,15,6,21,15,6,21,30,0.07834,0.102271,0.00028,0.134211,6,0.018656
9903501,,,22,11,33,22,11,33,30,0.078125,0.103029,0.000255,0.128788,6,0.026947
9704403,,,43,10,53,43,10,53,29,0.081131,0.099485,0.008948,0.075472,6,0.076826
9909333,,,26,16,42,26,16,42,24,0.108292,0.135502,0.000147,0.174797,6,0.039361
9808255,,,30,1,31,30,1,31,41,0.042555,0.04679,0.000001,0.07957,4,0.050438
9801246,,,15,9,24,15,9,24,29,0.080745,0.097814,0.000054,0.148551,6,0.02585
1021,,,1,6,7,1,6,7,30,0.076355,0.095043,0.0001,0.190476,8,0.000745
9802432,,,14,5,19,14,5,19,35,0.056123,0.064812,0.000038,0.160819,8,0.011224
9806513,,,9,5,14,9,5,14,32,0.065286,0.074509,0.000315,0.203297,8,0.007562
9901442,,,19,10,29,19,10,29,32,0.066778,0.080274,0.000348,0.108466,8,0.012896
9806356,,,17,11,28,17,11,28,31,0.071491,0.088663,0.00159,0.087302,8,0.013913
9812449,,,9,26,35,9,26,35,29,0.081784,0.103947,0.001405,0.068067,8,0.006935
9710223,,,21,1,22,21,1,22,41,0.042537,0.04659,0.000029,0.108225,8,0.01786
1023,,,5,3,8,5,3,8,26,0.092954,0.110282,0.000076,0.178571,2,0.003316
9903209,,,4,6,10,4,6,10,25,0.094983,0.108236,0.000143,0.111111,2,0.002888
9910336,,,5,9,14,5,9,14,25,0.096876,0.121926,0.000054,0.208791,2,0.004997
1024,,,1,34,35,1,34,35,24,0.115158,0.149771,0.000003,0.153782,2,0.000568
9905536,,,46,77,123,46,77,123,24,0.104485,0.140441,0.012371,0.073104,2,0.069781
9810308,,,60,8,68,60,8,68,32,0.067769,0.085127,0.000503,0.08604,2,0.137524
9901318,,,42,8,50,42,8,50,26,0.09187,0.113623,0.00152,0.106939,2,0.068803
9709473,,,54,2,56,54,2,56,38,0.048501,0.054207,0.000489,0.034091,2,0.206073
9612232,,,36,4,40,36,4,40,35,0.0556,0.062891,0.000324,0.114744,2,0.104553
9806440,,,55,6,61,55,6,61,33,0.064457,0.084282,0.000269,0.121038,2,0.217826
9802314,,,87,11,98,87,11,98,32,0.067136,0.082706,0.000488,0.065222,2,0.22037
9902283,,,63,42,105,63,42,105,26,0.099903,0.131407,0.00088,0.10293,2,0.120801
9907532,,,54,22,76,54,22,76,24,0.102221,0.130593,0.005416,0.112807,2,0.072148
9808333,,,68,10,78,68,10,78,25,0.086762,0.105055,0.000405,0.101732,2,0.200574
9812239,,,13,1,14,13,1,14,33,0.063131,0.075341,0.000001,0.104396,2,0.020386
9904210,,,38,53,91,38,53,91,25,0.101512,0.134401,0.000358,0.11514,2,0.056866
9807235,,,141,10,151,141,10,151,32,0.068404,0.089156,0.000882,0.06,2,0.5435
9906244,,,35,29,64,35,29,64,24,0.102881,0.130275,0.001727,0.028522,2,0.051972
9912538,,,2,5,7,2,5,7,31,0.071398,0.087984,0.00001,0.142857,8,0.001265
9812447,,,4,24,28,4,24,28,28,0.083414,0.110002,0.000155,0.083333,2,0.003956
9909217,,,19,61,80,19,61,80,24,0.108791,0.150191,0.001032,0.105538,2,0.023069
9901243,,,41,26,67,41,26,67,25,0.100007,0.126139,0.000884,0.102098,2,0.066058
9906470,,,42,14,56,42,14,56,24,0.097001,0.120481,0.00013,0.138312,2,0.068176
9912231,,,87,20,107,87,20,107,24,0.105624,0.13194,0.001559,0.05301,2,0.192587
9712488,,,49,3,52,49,3,52,33,0.062375,0.071539,0.000063,0.094268,2,0.117716
9811447,,,63,37,100,63,37,100,26,0.097476,0.125303,0.001004,0.069394,2,0.128264
9907400,,,18,21,39,18,21,39,23,0.100316,0.125052,0.00026,0.204453,2,0.027936
9809596,,,91,51,142,91,51,142,25,0.10613,0.136208,0.015309,0.090051,2,0.26524
1025,,,2,11,13,2,11,13,33,0.064838,0.08603,0,0.371795,4,0.00119
9611312,,,13,5,18,13,5,18,34,0.058674,0.066476,0.000012,0.261438,4,0.019708
9801329,,,13,9,22,13,9,22,32,0.067548,0.086996,0.000269,0.15368,4,0.038708
9805282,,,6,14,20,6,14,20,33,0.063683,0.080702,0.000135,0.255263,4,0.006381
9707331,,,13,14,27,13,14,27,34,0.059552,0.071843,0.000015,0.203704,4,0.019827
9609524,,,29,7,36,29,7,36,34,0.05881,0.067544,0.000046,0.152381,4,0.039254
9703286,,,15,13,28,15,13,28,33,0.062637,0.07491,0.000358,0.18254,4,0.035308
9712343,,,7,12,19,7,12,19,32,0.067402,0.086236,0.000138,0.187135,4,0.007688
9612253,,,14,11,25,14,11,25,35,0.055696,0.064298,0.000079,0.15,4,0.016078
9711516,,,17,11,28,17,11,28,34,0.0596,0.071989,0.000097,0.161376,4,0.048156
9611437,,,26,12,38,26,12,38,34,0.058859,0.068324,0.000088,0.141536,4,0.036596
9904367,,,7,13,20,7,13,20,33,0.065358,0.09138,0.000052,0.171053,4,0.019644
1028,,,5,11,16,5,11,16,23,0.117869,0.13803,0.000117,0.208333,1,0.004211
9901409,,,11,52,63,11,52,63,22,0.131618,0.160533,0.240804,0.066052,7,0.025663
9603314,,,79,4,83,79,4,83,40,0.044438,0.049645,0.00051,0.062886,1,0.173341
9705235,,,48,12,60,48,12,60,32,0.066782,0.08048,0.000276,0.091243,1,0.059292
9905351,,,11,17,28,11,17,28,32,0.068543,0.09243,0.000028,0.12963,1,0.009466
9606312,,,10,8,18,10,8,18,39,0.046508,0.053002,0.000165,0.081699,12,0.027436
9907391,,,17,9,26,17,9,26,33,0.064744,0.086156,0.000305,0.155385,1,0.014259
9608247,,,20,6,26,20,6,26,31,0.071152,0.085859,0.001161,0.118462,1,0.050621
9909404,,,14,15,29,14,15,29,23,0.118793,0.14146,0.001075,0.150246,1,0.011635
9710333,,,15,5,20,15,5,20,35,0.05612,0.065121,0.000062,0.113158,11,0.01898
1030,,,1,11,12,1,11,12,33,0.065427,0.088821,0.000237,0.121212,6,0.000568
9902321,,,2,9,11,2,9,11,33,0.064281,0.085207,0.000081,0.172727,6,0.001135
9709506,,,8,2,10,8,2,10,34,0.059512,0.070403,0.000036,0.244444,6,0.011058
9806307,,,6,4,10,6,4,10,33,0.063759,0.082571,0.00003,0.155556,6,0.006781
9808468,,,16,7,23,16,7,23,33,0.063528,0.079557,0.00008,0.15415,6,0.021349
9711446,,,7,10,17,7,10,17,33,0.063216,0.078673,0.000074,0.132353,6,0.010773
9707511,,,4,2,6,4,2,6,42,0.040844,0.044904,0.000096,0.1,6,0.003351
9802408,,,7,3,10,7,3,10,32,0.067706,0.08602,0.000511,0.111111,6,0.010547
9909490,,,1,19,20,1,19,20,33,0.065327,0.088896,0.000163,0.052632,6,0.000568
9811373,,,4,6,10,4,6,10,33,0.064201,0.084608,0.000003,0.288889,6,0.004869
9706542,,,17,3,20,17,3,20,34,0.059547,0.070658,0.000066,0.055263,6,0.015059
9712271,,,16,5,21,16,5,21,33,0.063402,0.077891,0.000124,0.159524,6,0.020651
9811291,,,202,17,219,202,17,219,32,0.068699,0.091633,0.002892,0.064786,3,0.524292
9810533,,,10,2,12,10,2,12,35,0.056664,0.067302,0.000002,0.272727,3,0.013172
9812486,,,47,19,66,47,19,66,25,0.099305,0.12078,0.001562,0.229138,3,0.134375
9910316,,,11,11,22,11,11,22,24,0.109629,0.133328,0.000288,0.114719,3,0.014655
9711438,,,8,1,9,8,1,9,35,0.056661,0.067228,0.000156,0.222222,3,0.01325
9902383,,,18,7,25,18,7,25,24,0.108606,0.12988,0.001973,0.130435,3,0.019174
9908276,,,23,15,38,23,15,38,25,0.102527,0.127773,0.001523,0.127778,0,0.023372
9902206,,,4,1,5,4,1,5,24,0.103011,0.118046,0.00001,0.25,3,0.005175
9811350,,,178,12,190,178,12,190,32,0.068585,0.09015,0.001265,0.072793,3,0.441464
9902239,,,27,11,38,27,11,38,31,0.073547,0.100065,0.000587,0.126877,7,0.040872
1032,,,1,13,14,1,13,14,32,0.067936,0.08664,0.00037,0.038462,11,0.001171
9605281,,,21,2,23,21,2,23,41,0.042542,0.0467,0.00016,0.059289,8,0.019564
9908388,,,11,7,18,11,7,18,34,0.060704,0.0769,0.000248,0.150327,11,0.011811
9708390,,,24,1,25,24,1,25,42,0.040808,0.044358,0.000015,0.105,11,0.023457
9902471,,,15,9,24,15,9,24,34,0.060748,0.079542,0.000674,0.086957,11,0.021768
9812455,,,18,3,21,18,3,21,34,0.06028,0.07527,0.000095,0.138095,11,0.016626
9907245,,,6,7,13,6,7,13,33,0.0637,0.080108,0.000072,0.096154,11,0.004305
9708463,,,12,2,14,12,2,14,33,0.062469,0.072766,0.000769,0.093407,11,0.008447
9609360,,,46,2,48,46,2,48,34,0.059637,0.069855,0.000861,0.041223,6,0.071982
9703348,,,18,1,19,18,1,19,43,0.039211,0.042315,0.000253,0.067251,11,0.014282
9809266,,,10,2,12,10,2,12,42,0.040813,0.044487,0.000419,0.068182,1,0.006608
9711460,,,14,1,15,14,1,15,44,0.037734,0.040473,0.00008,0.128571,11,0.009937
9705311,,,12,3,15,12,3,15,41,0.04255,0.046851,0.000007,0.07619,1,0.008876
1033,,,1,26,27,1,26,27,23,0.121437,0.150458,0.000001,0.206553,9,0.000659
9812230,,,11,4,15,11,4,15,37,0.05076,0.057614,0.000001,0.157143,6,0.012023
9706315,,,69,7,76,69,7,76,36,0.05347,0.061969,0.000192,0.074386,9,0.101609
9901260,,,18,18,36,18,18,36,27,0.092877,0.119821,0.000088,0.099206,9,0.016486
9602381,,,73,1,74,73,1,74,45,0.036363,0.03886,0.000001,0.081451,9,0.17096
9510287,,,16,3,19,16,3,19,42,0.040813,0.044613,0.00017,0.049708,6,0.033632
9810371,,,27,37,64,27,37,64,25,0.093765,0.124792,0.000933,0.120784,9,0.036996
9608472,,,20,2,22,20,2,22,36,0.053297,0.060201,0.00021,0.106061,6,0.028112
9707395,,,46,12,58,46,12,58,34,0.059184,0.070827,0.000294,0.134604,9,0.075258
9808412,,,22,26,48,22,26,48,31,0.072722,0.097317,0.000361,0.104167,9,0.025369
9505248,,,118,1,119,118,1,119,44,0.037733,0.04058,0.002794,0.069221,9,0.353828
9906224,,,34,55,89,34,55,89,22,0.130248,0.160269,0.010762,0.065756,9,0.032163
9808292,,,29,23,52,29,23,52,33,0.063633,0.082475,0.000192,0.154977,9,0.040976
9906343,,,16,28,44,16,28,44,25,0.095476,0.126811,0.000454,0.125793,9,0.019906
9607401,,,38,2,40,38,2,40,41,0.042581,0.047378,0.000015,0.150641,9,0.071273
9603307,,,32,12,44,32,12,44,40,0.044465,0.050342,0.001993,0.105708,9,0.062186
9801391,,,30,11,41,30,11,41,33,0.062883,0.076188,0.000299,0.207317,9,0.048752
9606256,,,13,4,17,13,4,17,41,0.042582,0.047471,0.000013,0.139706,9,0.015349
9903474,,,12,30,42,12,30,42,28,0.084623,0.106956,0.000231,0.125436,9,0.012695
9905549,,,27,36,63,27,36,63,24,0.107896,0.140831,0.000356,0.169487,9,0.030784
9907499,,,35,22,57,35,22,57,24,0.102759,0.130959,0.000511,0.106516,9,0.04951
9903418,,,7,48,55,7,48,55,23,0.110922,0.146118,0.000528,0.103367,9,0.008708
9808379,,,11,7,18,11,7,18,31,0.07126,0.088804,0.000063,0.179739,9,0.014867
9908286,,,8,52,60,8,52,60,22,0.13367,0.168441,0.000928,0.132486,9,0.008014
1034,,,3,7,10,3,7,10,24,0.104914,0.119356,0.000153,0.277778,6,0.002093
9804306,,,24,5,29,24,5,29,35,0.056056,0.064293,0.000067,0.131773,6,0.026261
9903220,,,24,8,32,24,8,32,34,0.060446,0.074935,0.000023,0.13004,6,0.024669
9806279,,,47,7,54,47,7,54,34,0.060418,0.075509,0.000166,0.093291,6,0.055119
9904260,,,2,10,12,2,10,12,33,0.063883,0.080298,0,0.189394,6,0.001324
9910267,,,3,15,18,3,15,18,23,0.117102,0.138472,0.000176,0.238562,6,0.004357
9812236,,,37,9,46,37,9,46,33,0.064214,0.082134,0.000168,0.108696,6,0.043241
9606477,,,34,4,38,34,4,38,42,0.040875,0.045498,0.000007,0.083926,6,0.047026
1035,,,5,10,15,5,10,15,32,0.067107,0.082276,0.000226,0.128571,8,0.003341
9912312,,,5,2,7,5,2,7,33,0.062667,0.073384,0,0.214286,8,0.003199
9807448,,,10,11,21,10,11,21,31,0.071167,0.086337,0.000946,0.109524,8,0.012436
9910262,,,8,3,11,8,3,11,32,0.066619,0.078998,0.000117,0.145455,8,0.006814
9902359,,,1,4,5,1,4,5,36,0.053635,0.062757,0.000078,0.1,8,0.000811
9712216,,,17,5,22,17,5,22,34,0.059209,0.068275,0.000543,0.084416,8,0.014858
9807513,,,60,7,67,60,7,67,31,0.070745,0.085012,0.002038,0.063546,8,0.053198
9812523,,,11,8,19,11,8,19,34,0.059529,0.070449,0.00017,0.134503,8,0.007474
9903341,,,18,8,26,18,8,26,31,0.070965,0.086055,0.000797,0.118462,8,0.016427
9810206,,,8,7,15,8,7,15,32,0.067175,0.081664,0.00018,0.166667,8,0.005709
9908413,,,5,13,18,5,13,18,32,0.06712,0.083175,0.000039,0.173203,8,0.003527
1037,,,2,9,11,2,9,11,25,0.095617,0.122754,0.000056,0.127273,7,0.001631
9806501,,,19,6,25,19,6,25,31,0.071579,0.089037,0.000063,0.138333,7,0.022604
9906509,,,8,12,20,8,12,20,25,0.096457,0.121849,0.000072,0.076316,2,0.006893
9607447,,,57,3,60,57,3,60,30,0.075198,0.088782,0.007168,0.072599,7,0.129376
9812282,,,92,14,106,92,14,106,25,0.094172,0.114654,0.001154,0.077089,2,0.172073
9907452,,,11,14,25,11,14,25,24,0.098492,0.127201,0.000133,0.105,2,0.014953
9802445,,,81,1,82,81,1,82,46,0.035097,0.037391,0.0001,0.04592,2,0.139635
9907205,,,4,9,13,4,9,13,31,0.072803,0.095313,0.000248,0.217949,7,0.004539
1038,,,1,13,14,1,13,14,32,0.068856,0.093732,0.000008,0.291209,12,0.000568
9812252,,,13,93,106,13,93,106,31,0.073659,0.107616,0.001657,0.047799,12,0.010158
9704298,,,53,13,66,53,13,66,39,0.04655,0.054081,0.000198,0.100466,12,0.066864
9411211,,,101,1,102,101,1,102,38,0.048751,0.055473,0.003303,0.081829,12,0.258108
9805484,,,9,34,43,9,34,43,32,0.067352,0.085053,0.000154,0.179956,12,0.007843
9704333,,,76,2,78,76,2,78,39,0.046497,0.052306,0.000027,0.062604,12,0.086748
9505391,,,47,6,53,47,6,53,39,0.046493,0.052461,0.000049,0.143687,12,0.090063
9807443,,,75,97,172,75,97,172,31,0.072965,0.102921,0.004346,0.040868,12,0.069206
9507253,,,60,4,64,60,4,64,38,0.048758,0.055818,0.000266,0.112847,12,0.145087
9504248,,,78,2,80,78,2,80,38,0.048752,0.055536,0.000223,0.094778,12,0.160368
9504219,,,111,3,114,111,3,114,38,0.048755,0.055654,0.002261,0.064509,12,0.214464
1039,,,5,17,22,5,17,22,23,0.108307,0.136848,0.000752,0.054113,2,0.00611
9703267,,,29,1,30,29,1,30,37,0.050863,0.056923,0.000156,0.116092,2,0.066122
9702372,,,16,8,24,16,8,24,37,0.050103,0.0557,0.000014,0.067029,2,0.03241
9808296,,,75,32,107,75,32,107,25,0.104441,0.129245,0.058393,0.089755,2,0.229976
9803305,,,14,6,20,14,6,20,35,0.055947,0.064742,0.00002,0.105263,2,0.023671
9906539,,,25,15,40,25,15,40,28,0.085613,0.105382,0.000067,0.127564,2,0.040552
9909453,,,17,3,20,17,3,20,26,0.090189,0.105521,0.000016,0.126316,2,0.037948
9909231,,,6,13,19,6,13,19,24,0.103718,0.133336,0.000263,0.045752,2,0.00724
9812273,,,38,67,105,38,67,105,22,0.109789,0.141055,0.011156,0.064881,2,0.109164
9911349,,,22,21,43,22,21,43,24,0.106163,0.137077,0.000517,0.137874,3,0.02516
9410259,,,21,3,24,21,3,24,43,0.039208,0.042427,0.008107,0.096014,9,0.072321
9807305,,,87,9,96,87,9,96,33,0.063135,0.077143,0.000894,0.057785,2,0.301117
9809531,,,45,10,55,45,10,55,27,0.090936,0.111755,0.002054,0.075084,2,0.074931
9907421,,,34,9,43,34,9,43,29,0.078823,0.093668,0.000021,0.054264,2,0.039321
9910494,,,5,12,17,5,12,17,28,0.085182,0.102921,0.000011,0.143382,2,0.013063
1040,,,6,7,13,6,7,13,35,0.057546,0.072769,0.000811,0.192308,11,0.005336
9809451,,,14,2,16,14,2,16,34,0.059526,0.070784,0.000134,0.108333,11,0.013783
9605286,,,40,1,41,40,1,41,41,0.042542,0.046648,0.001011,0.021951,8,0.033775
9906316,,,7,3,10,7,3,10,35,0.057146,0.069881,0.000084,0.244444,11,0.006416
1043,,,4,2,6,4,2,6,31,0.070464,0.081866,0.000054,0.2,13,0.003505
9801282,,,18,5,23,18,5,23,30,0.075788,0.090615,0.000203,0.130435,10,0.018444
9907540,,,2,1,3,2,1,3,44,0.037728,0.040454,0.000002,0.166667,13,0.001389
1044,,,1,20,21,1,20,21,23,0.118841,0.141697,0.000216,0.066667,6,0.001115
9901317,,,8,23,31,8,23,31,26,0.092216,0.116368,0.000862,0.117204,6,0.006584
9909378,,,3,14,17,3,14,17,23,0.114863,0.132265,0.000146,0.121324,6,0.002639
9809259,,,1,5,6,1,5,6,32,0.069194,0.093831,0.000001,0.066667,6,0.000594
9909538,,,7,16,23,7,16,23,27,0.085991,0.10585,0.00009,0.130435,6,0.006883
9911245,,,26,30,56,26,30,56,22,0.128193,0.151169,0.000701,0.115584,7,0.024639
9812240,,,1,4,5,1,4,5,30,0.077402,0.097609,0.000008,0.25,6,0.000594
9911345,,,6,1,7,6,1,7,38,0.04825,0.053564,0,0.047619,6,0.005034
9810290,,,4,4,8,4,4,8,34,0.060334,0.075462,0.000302,0.035714,6,0.009496
9801238,,,43,31,74,43,31,74,32,0.067915,0.090963,0.000857,0.045168,6,0.071573
9701336,,,19,3,22,19,3,22,37,0.050692,0.05724,0.0001,0.058442,6,0.023481
9912249,,,8,13,21,8,13,21,24,0.097447,0.11751,0.000009,0.297619,6,0.006728
9607286,,,36,6,42,36,6,42,33,0.062465,0.072576,0.001641,0.050523,11,0.058971
1045,,,1,1,2,1,1,2,31,0.069824,0.080212,0.000043,0,10,0.000586
9903420,,,4,9,13,4,9,13,30,0.075057,0.088811,0.000324,0.070513,10,0.002644
1046,,,14,17,31,14,17,31,31,0.072489,0.095593,0.001298,0.153763,8,0.01075
9806404,,,110,8,118,110,8,118,30,0.075221,0.09016,0.011254,0.026293,8,0.115652
9803237,,,34,19,53,34,19,53,33,0.063693,0.080179,0.001222,0.058055,8,0.03022
9905512,,,17,5,22,17,5,22,32,0.06719,0.083353,0.000034,0.127706,8,0.013134
9701289,,,81,6,87,81,6,87,33,0.063073,0.075762,0.003123,0.038359,8,0.099201
9807251,,,32,11,43,32,11,43,32,0.067758,0.087345,0.000399,0.100775,8,0.030419
9711440,,,35,3,38,35,3,38,34,0.059386,0.069453,0.000104,0.098862,8,0.034885
9803445,,,173,19,192,173,19,192,34,0.059969,0.074384,0.002629,0.021788,8,0.206435
9912370,,,3,19,22,3,19,22,30,0.076849,0.098748,0.001013,0.103896,8,0.002611
9702227,,,17,26,43,17,26,43,32,0.066216,0.079329,0.001675,0.028793,8,0.015494
9802357,,,54,12,66,54,12,66,31,0.070514,0.084897,0.001853,0.030769,8,0.048853
9607254,,,49,9,58,49,9,58,31,0.069029,0.078408,0.002571,0.038717,8,0.049679
9803351,,,12,16,28,12,16,28,31,0.071077,0.0875,0.000378,0.115079,8,0.011121
9808248,,,15,10,25,15,10,25,32,0.067737,0.086949,0.000075,0.171667,8,0.013081
9803229,,,16,4,20,16,4,20,32,0.066346,0.078652,0.000445,0.147368,8,0.016579
9810270,,,23,33,56,23,33,56,30,0.075257,0.09247,0.000976,0.02987,8,0.019067
9702367,,,48,6,54,48,6,54,31,0.071151,0.085431,0.002388,0.041579,8,0.040506
9710425,,,4,15,19,4,15,19,34,0.060256,0.074458,0.000211,0.125731,6,0.004635
9608321,,,30,9,39,30,9,39,34,0.060012,0.071713,0.000254,0.109987,6,0.068776
9708227,,,58,13,71,58,13,71,33,0.063948,0.080093,0.000387,0.115292,6,0.123459
9512369,,,77,5,82,77,5,82,34,0.059982,0.071145,0.001438,0.079784,6,0.221863
9604296,,,17,2,19,17,2,19,36,0.053564,0.060853,0.000399,0.175439,4,0.027953
9609393,,,6,3,9,6,3,9,34,0.059983,0.071084,0.000079,0.166667,6,0.020372
9609307,,,13,4,17,13,4,17,35,0.056231,0.064465,0.000091,0.172794,4,0.023149
9710389,,,18,3,21,18,3,21,36,0.053076,0.059804,0.000017,0.066667,9,0.029577
9610233,,,88,23,111,88,23,111,33,0.063503,0.07873,0.000946,0.092301,6,0.241339
9607259,,,44,5,49,44,5,49,34,0.059985,0.071203,0.000039,0.121599,6,0.10092
9507263,,,14,1,15,14,1,15,35,0.056583,0.065305,0.000257,0.22381,6,0.067628
1048,,,3,9,12,3,9,12,24,0.108625,0.12943,0.000255,0.075758,5,0.002001
9908288,,,44,4,48,44,4,48,23,0.113378,0.128754,0.005056,0.018174,6,0.038111
9702305,,,31,9,40,31,9,40,31,0.070269,0.083259,0.000659,0.079487,5,0.039149
9806306,,,5,5,10,5,5,10,34,0.059415,0.069879,0.000199,0.111111,5,0.00415
9704259,,,10,2,12,10,2,12,34,0.059681,0.070307,0.000003,0.143939,5,0.008344
9806401,,,10,23,33,10,23,33,31,0.072039,0.094577,0.000927,0.101326,5,0.011285
9804343,,,7,13,20,7,13,20,31,0.071871,0.09213,0.000336,0.142105,5,0.006119
9903394,,,9,11,20,9,11,20,26,0.095207,0.125055,0.00032,0.084211,5,0.00674
9903215,,,7,15,22,7,15,22,31,0.071633,0.090571,0.000032,0.166667,5,0.005786
1052,,,1,11,12,1,11,12,26,0.09305,0.118326,0.000006,0.181818,2,0.000578
9710516,,,55,1,56,55,1,56,39,0.04626,0.051038,0.000011,0.073052,2,0.128045
9705366,,,38,3,41,38,3,41,36,0.052789,0.059144,0.00017,0.087805,2,0.077408
9811495,,,43,20,63,43,20,63,26,0.097301,0.1199,0.001003,0.073477,2,0.083623
9906297,,,48,18,66,48,18,66,25,0.095269,0.118437,0.000055,0.106527,2,0.065372
9907397,,,3,9,12,3,9,12,26,0.093049,0.117893,0.000002,0.227273,2,0.003261
11098,,,1,2,3,1,2,3,28,0.085088,0.104288,0.000002,0.166667,7,0.00075
9803368,,,53,30,83,53,30,83,31,0.07296,0.101263,0.000584,0.071555,7,0.082698
9811251,,,14,11,25,14,11,25,27,0.090949,0.114685,0.000227,0.198333,7,0.020833
1054,,,5,24,29,5,24,29,31,0.073327,0.098887,0.000567,0.092365,8,0.003024
9909504,,,5,31,36,5,31,36,31,0.073329,0.100201,0.000234,0.123016,8,0.003264
9905218,,,3,10,13,3,10,13,33,0.063539,0.078666,0.000054,0.173077,8,0.002098
9710531,,,21,10,31,21,10,31,36,0.053655,0.063355,0.000845,0.068817,8,0.031139
9808454,,,22,14,36,22,14,36,32,0.066562,0.080682,0.000249,0.121429,8,0.021867
9712519,,,6,1,7,6,1,7,40,0.044424,0.049147,0.00004,0.047619,8,0.009065
9805268,,,28,8,36,28,8,36,37,0.050774,0.058839,0.000674,0.071429,8,0.022735
9812429,,,3,1,4,3,1,4,36,0.053607,0.062274,0.000115,0.083333,8,0.002536
9710356,,,17,5,22,17,5,22,36,0.053186,0.060581,0.000239,0.158009,8,0.017887
9907221,,,4,20,24,4,20,24,31,0.072939,0.097578,0.001091,0.086957,8,0.003498
9806298,,,18,6,24,18,6,24,37,0.050772,0.058534,0.000438,0.157609,8,0.017734
9706343,,,4,6,10,4,6,10,40,0.044462,0.049843,0.0001,0.044444,8,0.003377
9803497,,,28,5,33,28,5,33,40,0.044443,0.04957,0.000047,0.100379,8,0.026232
9606280,,,49,1,50,49,1,50,41,0.042535,0.046582,0.000002,0.067755,8,0.059714
9807358,,,55,35,90,55,35,90,30,0.076418,0.098088,0.002189,0.072409,8,0.054079
9905321,,,2,3,5,2,3,5,33,0.062448,0.073353,0.000001,0.25,8,0.001444
9903358,,,48,14,62,48,14,62,32,0.066703,0.081844,0.001502,0.084153,8,0.039423
9509311,,,66,1,67,66,1,67,40,0.044422,0.04914,0.001464,0.048621,8,0.107312
1056,,,2,1,3,2,1,3,36,0.053024,0.059333,0,0.5,5,0.001462
9805254,,,23,4,27,23,4,27,35,0.055987,0.063837,0.000083,0.092593,5,0.019879
1057,,,2,4,6,2,4,6,30,0.079734,0.096848,0.000119,0.3,1,0.001199
9908455,,,7,8,15,7,8,15,30,0.080672,0.098484,0.000119,0.195238,1,0.004582
1058,,,1,11,12,1,11,12,27,0.090037,0.111604,0.000192,0.098485,0,0.000574
9912483,,,8,9,17,8,9,17,32,0.067686,0.084489,0.000234,0.121324,0,0.004996
9912499,,,2,17,19,2,17,19,27,0.089423,0.111365,0.0001,0.207602,0,0.001146
9912515,,,3,8,11,3,8,11,27,0.088722,0.108423,0.000019,0.218182,0,0.002179
9902420,,,12,10,22,12,10,22,29,0.077688,0.102286,0.000123,0.123377,0,0.009733
9608340,,,17,6,23,17,6,23,31,0.069671,0.080923,0.001219,0.073123,6,0.030032
9607403,,,9,4,13,9,4,13,30,0.074608,0.086808,0.00651,0.083333,6,0.022006
9602414,,,71,1,72,71,1,72,43,0.03923,0.042565,0.000306,0.051643,6,0.20415
1059,,,5,35,40,5,35,40,24,0.105285,0.143162,0.000043,0.123718,3,0.003139
9704257,,,30,14,44,30,14,44,31,0.071188,0.087819,0.000506,0.119979,5,0.0443
9903298,,,54,12,66,54,12,66,25,0.098733,0.116972,0.000303,0.115851,3,0.154018
9708357,,,17,6,23,17,6,23,31,0.071231,0.088428,0.000462,0.077075,5,0.016447
9905415,,,35,21,56,35,21,56,25,0.103512,0.13179,0.000549,0.166883,3,0.070823
9803401,,,12,24,36,12,24,36,30,0.077195,0.101985,0.000314,0.059524,7,0.011076
9908299,,,15,19,34,15,19,34,26,0.097394,0.129789,0.000195,0.188057,3,0.025118
9902467,,,79,6,85,79,6,85,26,0.090234,0.105466,0.000869,0.120728,3,0.174424
9911252,,,39,22,61,39,22,61,24,0.103212,0.136754,0.000564,0.127596,3,0.056692
9802392,,,4,1,5,4,1,5,44,0.037729,0.040456,0,0.2,5,0.003321
9906266,,,40,18,58,40,18,58,26,0.096207,0.123777,0.000208,0.163642,3,0.065828
9903451,,,49,7,56,49,7,56,32,0.069324,0.09354,0.000864,0.094805,3,0.102833
9905311,,,50,28,78,50,28,78,25,0.103768,0.133537,0.003684,0.138195,3,0.106645
9907362,,,38,20,58,38,20,58,25,0.101298,0.130667,0.000207,0.15971,3,0.056628
9907355,,,34,15,49,34,15,49,26,0.096712,0.126808,0.000115,0.168793,3,0.053508
9810410,,,70,7,77,70,7,77,35,0.05699,0.068425,0.000008,0.11244,3,0.233035
9807340,,,18,20,38,18,20,38,31,0.071087,0.088439,0.000193,0.140114,5,0.019349
9612402,,,18,2,20,18,2,20,36,0.053486,0.061349,0.000035,0.173684,5,0.026416
9611247,,,14,10,24,14,10,24,30,0.075297,0.089906,0.001816,0.11413,5,0.026495
9909232,,,29,96,125,29,96,125,23,0.11086,0.155503,0.00196,0.118452,3,0.03954
9904236,,,36,10,46,36,10,46,33,0.065712,0.091985,0.000577,0.085507,3,0.062071
9902323,,,66,4,70,66,4,70,35,0.057053,0.068548,0.00004,0.125466,3,0.183437
9812489,,,58,25,83,58,25,83,25,0.099067,0.120818,0.001427,0.120776,3,0.121433
9806263,,,73,2,75,73,2,75,46,0.03512,0.037626,0.000005,0.096036,3,0.274485
9906234,,,73,51,124,73,51,124,25,0.102038,0.136681,0.00676,0.113034,3,0.11576
9611455,,,20,3,23,20,3,23,35,0.056505,0.066449,0.000402,0.221344,5,0.033314
1061,,,3,6,9,3,6,9,26,0.09378,0.115673,0.000004,0.305556,3,0.002322
9908358,,,13,30,43,13,30,43,26,0.095819,0.123129,0.000015,0.320044,3,0.013793
9904425,,,32,30,62,32,30,62,25,0.101561,0.128924,0.000389,0.235792,3,0.05701
9812378,,,12,3,15,12,3,15,32,0.067443,0.083905,0.000319,0.138095,6,0.009522
9904266,,,39,38,77,39,38,77,25,0.100495,0.12524,0.001089,0.198565,3,0.068776
1062,,,6,15,21,6,15,21,31,0.072034,0.092496,0.001097,0.119048,1,0.004375
9709376,,,15,12,27,15,12,27,30,0.075021,0.089976,0.00073,0.099715,1,0.012171
9703429,,,28,19,47,28,19,47,31,0.070555,0.084894,0.003087,0.067068,1,0.029671
9705286,,,35,6,41,35,6,41,31,0.069865,0.080982,0.000363,0.082317,1,0.030111
9808360,,,17,8,25,17,8,25,31,0.071575,0.087948,0.000289,0.1,1,0.014283
9810364,,,4,8,12,4,8,12,31,0.07025,0.08335,0.000067,0.227273,1,0.002893
9701324,,,7,1,8,7,1,8,30,0.07386,0.084003,0.001006,0.232143,1,0.00961
9806253,,,13,5,18,13,5,18,31,0.070016,0.081851,0.00018,0.147059,1,0.008546
9701328,,,10,2,12,10,2,12,41,0.042552,0.046961,0.000046,0.068182,1,0.009426
9803256,,,28,12,40,28,12,40,30,0.075237,0.090481,0.001992,0.092308,1,0.022322
9611218,,,53,1,54,53,1,54,34,0.059273,0.068545,0.000504,0.069182,1,0.047851
9906291,,,1,5,6,1,5,6,32,0.066103,0.077714,0.000082,0.066667,1,0.000886
9806424,,,13,12,25,13,12,25,31,0.070803,0.086468,0.000811,0.078333,1,0.008907
9807418,,,9,15,24,9,15,24,32,0.067572,0.086032,0.000531,0.123188,7,0.011189
9701404,,,10,3,13,10,3,13,31,0.069708,0.080287,0.000137,0.173077,1,0.009203
1064,,,3,4,7,3,4,7,29,0.080019,0.093968,0.000016,0.214286,6,0.001842
9903217,,,9,5,14,9,5,14,29,0.08002,0.094123,0.000251,0.175824,10,0.006135
9702314,,,30,1,31,30,1,31,28,0.086655,0.10417,0.00466,0.084946,10,0.030384
9803214,,,8,2,10,8,2,10,29,0.080298,0.094327,0.000009,0.211111,10,0.005775
9902399,,,13,1,14,13,1,14,36,0.053566,0.060767,0.000038,0.17033,6,0.010959
202247,,,4,52,56,4,52,56,16,0.187723,0.219759,0.001147,0.066234,2,0.002505
10240,,,29,6,35,29,6,35,25,0.099258,0.122886,0.00056,0.094958,2,0.025982
9908352,,,27,47,74,27,47,74,22,0.112378,0.149726,0.000947,0.105023,9,0.034478
202006,,,5,29,34,5,29,34,16,0.184865,0.213035,0.000031,0.097148,2,0.003732
111373,,,1,23,24,1,23,24,21,0.138361,0.165379,0,0.097826,2,0.000744
201231,,,40,9,49,40,9,49,21,0.142286,0.169284,0.000451,0.068878,2,0.029986
8080,,,4,7,11,4,7,11,23,0.100428,0.121427,0.000003,0.181818,2,0.002878
3219,,,59,30,89,59,30,89,24,0.109181,0.143246,0.001066,0.071885,2,0.067945
107054,,,1,21,22,1,21,22,23,0.117034,0.155162,0.000004,0.136364,2,0.000744
103062,,,29,8,37,29,8,37,21,0.134429,0.160638,0.000283,0.078829,2,0.025623
103074,,,11,12,23,11,12,23,20,0.14329,0.175504,0.000541,0.104743,2,0.011897
106149,,,10,13,23,10,13,23,22,0.129593,0.151492,0.000036,0.120553,2,0.006423
9912358,,,51,91,142,51,91,142,22,0.122307,0.17324,0.00386,0.038108,2,0.05346
9909415,,,14,7,21,14,7,21,25,0.095813,0.116524,0.000113,0.133333,2,0.014739
110249,,,8,45,53,8,45,53,21,0.150682,0.189952,0.000876,0.097242,2,0.005571
9911341,,,33,34,67,33,34,67,23,0.106246,0.137152,0.000621,0.068069,2,0.039756
202158,,,3,11,14,3,11,14,21,0.15125,0.16947,0.002789,0.164835,2,0.003665
201008,,,11,3,14,11,3,14,23,0.129685,0.1494,0.000002,0.159341,2,0.008404
107186,,,15,12,27,15,12,27,21,0.134121,0.153691,0.000043,0.190883,2,0.021151
111418,,,19,27,46,19,27,46,22,0.141241,0.167975,0.000951,0.090821,2,0.018859
201151,,,5,13,18,5,13,18,18,0.171345,0.200236,0.000162,0.140523,2,0.003661
9906368,,,10,23,33,10,23,33,24,0.099263,0.126593,0.000008,0.183712,2,0.014613
107083,,,6,41,47,6,41,47,21,0.138529,0.171072,0.000115,0.099907,2,0.00834
8010,,,12,22,34,12,22,34,23,0.111925,0.146373,0.000291,0.117647,2,0.009465
3149,,,16,22,38,16,22,38,24,0.107131,0.132664,0.000665,0.087087,2,0.019508
201307,,,11,13,24,11,13,24,17,0.169496,0.194006,0.000009,0.161232,2,0.007731
102236,,,12,17,29,12,17,29,21,0.132754,0.160906,0.000891,0.14532,2,0.010717
201291,,,25,105,130,25,105,130,17,0.191139,0.22913,0.018624,0.057049,2,0.020353
202086,,,4,70,74,4,70,74,18,0.188912,0.226829,0.000682,0.094039,2,0.002676
8044,,,22,30,52,22,30,52,21,0.138912,0.175108,0.001908,0.083529,2,0.024978
111215,,,6,49,55,6,49,55,22,0.143611,0.180875,0.00002,0.118855,2,0.004307
3058,,,52,101,153,52,101,153,22,0.120474,0.169445,0.003459,0.050138,2,0.044944
11251,,,49,20,69,49,20,69,24,0.11249,0.147416,0.000517,0.078005,2,0.076213
9910522,,,20,22,42,20,22,42,24,0.103947,0.133937,0.000166,0.133566,2,0.033632
1069,,,3,5,8,3,5,8,25,0.100577,0.120688,0.000614,0.107143,2,0.00346
9810408,,,26,6,32,26,6,32,38,0.048744,0.056035,0.000226,0.080645,2,0.025639
9909393,,,10,4,14,10,4,14,24,0.105142,0.121748,0.000215,0.148352,3,0.00919
9805291,,,1,3,4,1,3,4,33,0.062461,0.072181,0.000081,0.083333,2,0.000752
9701420,,,14,6,20,14,6,20,42,0.040855,0.045174,0.000299,0.089474,2,0.014453
9902271,,,14,35,49,14,35,49,24,0.103887,0.131959,0.001314,0.036139,2,0.015714
1072,,,22,9,31,22,9,31,25,0.097202,0.12216,0.000045,0.137634,3,0.022359
9811378,,,54,15,69,54,15,69,25,0.098188,0.11692,0.000699,0.180094,3,0.199395
9911386,,,6,34,40,6,34,40,25,0.102335,0.129977,0.000374,0.153205,3,0.006946
9710204,,,53,1,54,53,1,54,45,0.036394,0.039172,0.000944,0.070231,3,0.220953
9909326,,,17,10,27,17,10,27,26,0.09141,0.108992,0.000024,0.136752,3,0.019506
1073,,,6,32,38,6,32,38,24,0.115271,0.146593,0.000244,0.119488,4,0.006912
9810411,,,30,10,40,30,10,40,33,0.06428,0.083925,0.000163,0.101282,4,0.046569
9810500,,,33,27,60,33,27,60,26,0.098187,0.123964,0.000611,0.111017,4,0.058529
9911510,,,6,15,21,6,15,21,24,0.098685,0.125357,0.000087,0.161905,6,0.00555
9804428,,,17,14,31,17,14,31,32,0.067241,0.084244,0.000241,0.112903,4,0.022928
9607383,,,113,4,117,113,4,117,43,0.039251,0.043108,0.000203,0.04804,4,0.306414
9708364,,,21,24,45,21,24,45,34,0.059897,0.076036,0.000496,0.10101,4,0.039529
9807246,,,16,30,46,16,30,46,26,0.095792,0.118452,0.001935,0.135749,4,0.02073
9511378,,,56,5,61,56,5,61,41,0.042558,0.047266,0.000177,0.066667,4,0.110046
9908309,,,34,13,47,34,13,47,23,0.121311,0.14657,0.00046,0.086494,6,0.052051
9909334,,,41,29,70,41,29,70,23,0.122969,0.152041,0.002074,0.065217,6,0.050733
9702359,,,60,11,71,60,11,71,34,0.058954,0.069091,0.000232,0.086922,4,0.122009
9811355,,,16,12,28,16,12,28,33,0.063696,0.080772,0.000107,0.148148,4,0.018552
9806430,,,19,14,33,19,14,33,25,0.103813,0.13047,0.003717,0.129032,4,0.037924
9911264,,,12,22,34,12,22,34,23,0.109504,0.14087,0.000212,0.143494,2,0.016659
9910497,,,5,22,27,5,22,27,24,0.112496,0.139431,0.000023,0.145299,4,0.007691
9705315,,,11,7,18,11,7,18,31,0.070419,0.08397,0.000677,0.117647,4,0.014926
9905252,,,10,22,32,10,22,32,25,0.09254,0.117609,0.000101,0.107863,4,0.008899
9910315,,,24,10,34,24,10,34,28,0.084812,0.108589,0.001024,0.057932,4,0.028414
9705391,,,35,12,47,35,12,47,33,0.062806,0.075932,0.000483,0.067993,4,0.096357
9702333,,,23,9,32,23,9,32,33,0.062549,0.073789,0.000058,0.135081,4,0.04963
9707249,,,29,18,47,29,18,47,32,0.067151,0.084763,0.000666,0.099445,4,0.053429
9811316,,,25,40,65,25,40,65,27,0.089636,0.112278,0.002074,0.08726,4,0.043506
9807479,,,18,21,39,18,21,39,33,0.063721,0.081665,0.000319,0.101889,4,0.022885
9602424,,,33,2,35,33,2,35,42,0.040824,0.044792,0.000013,0.106723,4,0.069867
9905292,,,28,29,57,28,29,57,23,0.105351,0.135733,0.001336,0.092419,4,0.044583
9911255,,,25,19,44,25,19,44,24,0.095756,0.118693,0.00013,0.114165,4,0.034082
1074,,,1,17,18,1,17,18,26,0.094076,0.123851,0.000159,0.088235,4,0.000571
9609248,,,14,1,15,14,1,15,41,0.042536,0.046586,0.000054,0.080952,4,0.024524
9611347,,,17,5,22,17,5,22,32,0.067133,0.081248,0.000383,0.069264,7,0.018276
9704292,,,2,3,5,2,3,5,36,0.053105,0.060111,0.000001,0.2,4,0.001135
9805494,,,14,48,62,14,48,62,33,0.064703,0.090798,0.002048,0.022475,4,0.016888
9807465,,,16,11,27,16,11,27,33,0.063583,0.081158,0.000583,0.064103,4,0.039378
9801394,,,3,2,5,3,2,5,41,0.042587,0.047455,0.000006,0,4,0.001959
9909422,,,2,1,3,2,1,3,34,0.060777,0.078436,0.000007,0.166667,4,0.001323
9904472,,,20,9,29,20,9,29,34,0.060797,0.077245,0.000034,0.151478,11,0.016162
9809298,,,5,7,12,5,7,12,28,0.083488,0.105108,0.0001,0.060606,4,0.00355
9907571,,,1,2,3,1,2,3,33,0.062992,0.074213,0,0.333333,4,0.000568
9612440,,,15,7,22,15,7,22,35,0.056058,0.064624,0.000349,0.062771,4,0.024719
1075,,,4,8,12,4,8,12,32,0.067392,0.082426,0.000004,0.113636,1,0.00227
9812371,,,33,5,38,33,5,38,31,0.071515,0.08712,0.000441,0.119488,1,0.041038
9608406,,,12,8,20,12,8,20,33,0.06232,0.071808,0.000148,0.121053,1,0.022954
9711287,,,60,4,64,60,4,64,33,0.063971,0.079568,0.000422,0.112351,1,0.105146
9608392,,,11,3,14,11,3,14,41,0.042556,0.047121,0.000001,0.181319,1,0.021917
9704301,,,18,1,19,18,1,19,40,0.044462,0.049615,0.00026,0.093567,1,0.013278
9906318,,,10,3,13,10,3,13,36,0.05371,0.06166,0.000041,0.121795,1,0.007418
9709247,,,3,11,14,3,11,14,34,0.059177,0.068726,0.000137,0.120879,1,0.002419
1079,,,1,10,11,1,10,11,27,0.08862,0.108428,0.000018,0.281818,0,0.000761
9808404,,,31,12,43,31,12,43,33,0.063548,0.078037,0.000305,0.186411,0,0.03081
9902274,,,4,9,13,4,9,13,27,0.085662,0.101246,0.000005,0.275641,0,0.003738
9809574,,,18,7,25,18,7,25,33,0.063295,0.076522,0,0.276667,0,0.016499
9909353,,,15,27,42,15,27,42,26,0.095654,0.118922,0.000581,0.186585,0,0.011649
9901306,,,13,13,26,13,13,26,33,0.063301,0.076872,0.000001,0.249231,0,0.01035
9809490,,,26,10,36,26,10,36,32,0.06753,0.084544,0.00034,0.202521,0,0.027596
9906501,,,8,25,33,8,25,33,27,0.086009,0.103006,0.000009,0.186553,0,0.005556
1080,,,6,16,22,6,16,22,31,0.071851,0.091059,0.000845,0.073593,8,0.004543
9808320,,,7,7,14,7,7,14,32,0.066672,0.078908,0.000124,0.115385,8,0.005238
9808257,,,26,8,34,26,8,34,34,0.059829,0.072389,0.000126,0.0918,8,0.021473
9710539,,,10,2,12,10,2,12,35,0.056087,0.064291,0.00001,0.090909,8,0.008805
9904277,,,8,6,14,8,6,14,31,0.070564,0.085,0.000047,0.153846,8,0.006064
9708275,,,19,2,21,19,2,21,40,0.044427,0.049249,0.000006,0.104762,8,0.025511
9806212,,,10,5,15,10,5,15,30,0.074976,0.08961,0.002401,0.090476,8,0.012125
9710500,,,9,1,10,9,1,10,34,0.059082,0.067188,0.000366,0.044444,8,0.008493
9907231,,,55,6,61,55,6,61,32,0.067118,0.08293,0.000314,0.036339,8,0.044115
1083,,,10,24,34,10,24,34,24,0.106023,0.139015,0.00032,0.110517,3,0.009045
9812483,,,49,18,67,49,18,67,25,0.098299,0.117159,0.001965,0.17232,3,0.121959
9807415,,,47,4,51,47,4,51,35,0.056972,0.068094,0.00016,0.143137,3,0.167734
9812397,,,80,27,107,80,27,107,25,0.098654,0.119722,0.002973,0.073356,3,0.134555
9908305,,,8,19,27,8,19,27,26,0.092342,0.112705,0.000043,0.123932,3,0.009688
9901443,,,16,27,43,16,27,43,25,0.099276,0.121609,0.000299,0.205426,3,0.030575
9809582,,,58,15,73,58,15,73,31,0.072403,0.095807,0.001906,0.092085,3,0.189638
9902247,,,1,11,12,1,11,12,32,0.067408,0.085068,0.000002,0.265152,4,0.001213
9805471,,,65,2,67,65,2,67,47,0.033931,0.036164,0.000001,0.151967,3,0.402196
9807522,,,32,4,36,32,4,36,35,0.05697,0.068062,0.000012,0.153968,3,0.13813
9810535,,,47,12,59,47,12,59,31,0.072668,0.094831,0.000969,0.1128,3,0.153134
9911272,,,13,82,95,13,82,95,23,0.113777,0.153821,0.000356,0.047256,4,0.015919
9904301,,,15,13,28,15,13,28,31,0.071705,0.089511,0.000245,0.128307,4,0.012666
9807348,,,42,5,47,42,5,47,46,0.035127,0.037852,0.000004,0.149399,3,0.26062
9809406,,,43,11,54,43,11,54,32,0.068497,0.091318,0.001315,0.173305,3,0.233567
9907447,,,73,7,80,73,7,80,27,0.088474,0.109051,0.000075,0.089241,3,0.094402
9707518,,,4,32,36,4,32,36,33,0.063782,0.082972,0.000269,0.104762,9,0.004286
1087,,,6,22,28,6,22,28,28,0.087116,0.11502,0.000002,0.287037,0,0.004436
9710401,,,73,26,99,73,26,99,31,0.071902,0.094072,0.001038,0.08153,0,0.118997
9809291,,,14,2,16,14,2,16,32,0.066401,0.07847,0.000387,0.116667,0,0.012206
9907460,,,14,25,39,14,25,39,31,0.072806,0.095924,0.000053,0.215924,0,0.011856
9702409,,,74,12,86,74,12,86,33,0.06295,0.075015,0.000231,0.087415,0,0.128146
9911243,,,10,35,45,10,35,45,27,0.092148,0.122726,0.000194,0.172727,0,0.009041
9612364,,,51,15,66,51,15,66,32,0.066518,0.078792,0.000451,0.148951,0,0.086624
9806354,,,32,19,51,32,19,51,32,0.067527,0.087058,0.000154,0.157255,0,0.041226
9903276,,,6,9,15,6,9,15,28,0.085625,0.113565,0.000038,0.252381,0,0.007466
9603420,,,96,8,104,96,8,104,32,0.066364,0.077798,0.008406,0.067028,0,0.229598
9803357,,,16,13,29,16,13,29,31,0.071372,0.089482,0.000045,0.279557,0,0.023763
9804255,,,42,16,58,42,16,58,31,0.071615,0.090067,0.000175,0.137629,0,0.055337
9604320,,,76,2,78,76,2,78,33,0.06224,0.071104,0.000006,0.125541,0,0.186094
9905441,,,13,18,31,13,18,31,31,0.073066,0.098132,0.000022,0.268817,0,0.012294
9802276,,,9,3,12,9,3,12,33,0.062885,0.075326,0.000001,0.174242,0,0.011462
9810499,,,9,17,26,9,17,26,31,0.072572,0.094618,0.000193,0.212308,0,0.009395
9811369,,,16,36,52,16,36,52,30,0.078782,0.109061,0.001691,0.136878,0,0.031889
9703212,,,52,24,76,52,24,76,30,0.075808,0.09422,0.008339,0.12,0,0.089451
9712221,,,25,11,36,25,11,36,31,0.071347,0.089215,0.001189,0.190476,0,0.039104
9902220,,,13,16,29,13,16,29,31,0.072548,0.094468,0.000016,0.205665,0,0.011196
9806519,,,25,13,38,25,13,38,31,0.071868,0.091492,0.000027,0.232575,0,0.03555
9801272,,,30,20,50,30,20,50,31,0.071687,0.090976,0.00008,0.193469,0,0.039774
1088,,,8,30,38,8,30,38,24,0.116255,0.147018,0.000014,0.209104,7,0.009057
9912513,,,9,6,15,9,6,15,25,0.105431,0.125518,0.000002,0.22381,7,0.010478
9805442,,,43,14,57,43,14,57,29,0.082236,0.103978,0.001749,0.080201,7,0.066328
9903363,,,69,10,79,69,10,79,23,0.119236,0.140857,0.008416,0.084713,7,0.101079
9806471,,,97,119,216,97,119,216,30,0.078893,0.120585,0.210911,0.038286,7,0.169035
9908232,,,15,12,27,15,12,27,24,0.111057,0.135381,0.000098,0.264957,7,0.024431
9906434,,,63,32,95,63,32,95,24,0.111068,0.137153,0.000983,0.099776,7,0.091511
9908371,,,34,29,63,34,29,63,24,0.115221,0.1471,0.001025,0.132873,7,0.040103
9706260,,,59,13,72,59,13,72,30,0.076719,0.097037,0.00059,0.108959,7,0.129593
9904408,,,75,41,116,75,41,116,23,0.120394,0.147464,0.230598,0.082084,7,0.119185
9608281,,,11,1,12,11,1,12,34,0.059973,0.070841,0.000002,0.295455,7,0.030605
9910415,,,4,18,22,4,18,22,25,0.105821,0.132231,0.000154,0.272727,7,0.007415
9910236,,,27,24,51,27,24,51,24,0.115726,0.144309,0.001285,0.11451,7,0.033973
9910237,,,29,13,42,29,13,42,25,0.107332,0.133941,0.0011,0.13705,7,0.035776
9911392,,,14,32,46,14,32,46,25,0.109652,0.139844,0.000054,0.171981,7,0.018109
9512356,,,37,6,43,37,6,43,33,0.063808,0.078124,0.000124,0.125692,7,0.125557
9802405,,,75,15,90,75,15,90,30,0.077585,0.104288,0.002854,0.086142,7,0.132468
9912230,,,13,9,22,13,9,22,24,0.112725,0.134075,0.000029,0.290043,7,0.021434
9802300,,,58,11,69,58,11,69,30,0.076629,0.095655,0.001397,0.129156,7,0.12724
9908395,,,30,50,80,30,50,80,24,0.118126,0.154295,0.001646,0.104272,7,0.042567
9907335,,,30,9,39,30,9,39,24,0.109763,0.129639,0.000029,0.183536,7,0.040586
9809594,,,30,9,39,30,9,39,30,0.078186,0.106895,0.000286,0.149798,7,0.055211
9907514,,,11,15,26,11,15,26,26,0.098628,0.121689,0.000272,0.146154,7,0.01476
9910396,,,17,19,36,17,19,36,25,0.103095,0.125847,0.000248,0.12381,7,0.021307
9909245,,,11,10,21,11,10,21,25,0.104431,0.125398,0.000035,0.209524,7,0.015401
9710432,,,5,8,13,5,8,13,33,0.063383,0.07867,0.000028,0.166667,9,0.003261
9704322,,,34,16,50,34,16,50,34,0.059662,0.072654,0.000345,0.16,9,0.046674
9703427,,,41,6,47,41,6,47,34,0.059251,0.070217,0.000033,0.203515,9,0.076126
9708437,,,16,41,57,16,41,57,32,0.067564,0.087803,0.000492,0.152882,9,0.026395
9703433,,,36,7,43,36,7,43,34,0.05925,0.07028,0.000089,0.20598,9,0.073217
9703288,,,107,9,116,107,9,116,34,0.059274,0.070752,0.000523,0.087631,9,0.215141
9703337,,,74,10,84,74,10,84,34,0.059248,0.070467,0.000531,0.088927,9,0.147236
9703287,,,55,4,59,55,4,59,34,0.059181,0.069496,0.000054,0.163647,9,0.115722
9703276,,,119,12,131,119,12,131,33,0.062891,0.076585,0.004597,0.075866,9,0.261116
1090,,,4,4,8,4,4,8,31,0.070435,0.08289,0.000161,0.375,1,0.002742
9908224,,,7,1,8,7,1,8,31,0.070414,0.082666,0.000004,0.285714,1,0.005163
9910393,,,5,3,8,5,3,8,31,0.070428,0.082815,0,0.452381,1,0.003377
9811301,,,8,2,10,8,2,10,30,0.07574,0.092062,0.000619,0.244444,1,0.005995
9910425,,,6,2,8,6,2,8,31,0.070428,0.082776,0.000025,0.380952,1,0.003892
1093,,,11,7,18,11,7,18,28,0.08469,0.10878,0.000012,0.163399,6,0.009928
9902308,,,39,6,45,39,6,45,28,0.083017,0.10139,0.000052,0.111111,6,0.050287
9602292,,,16,2,18,16,2,18,42,0.040823,0.044797,0.000085,0.075163,6,0.024645
9807275,,,16,7,23,16,7,23,33,0.063692,0.079101,0.000139,0.051383,6,0.023343
9805373,,,59,7,66,59,7,66,31,0.071713,0.089061,0.000318,0.103263,6,0.108942
9901389,,,61,19,80,61,19,80,27,0.090344,0.115527,0.000848,0.113133,6,0.094848
1095,,,23,18,41,23,18,41,31,0.072067,0.089803,0.00018,0.304268,13,0.021897
9904353,,,59,20,79,59,20,79,30,0.075239,0.089695,0.000524,0.173158,13,0.093774
9908227,,,36,21,57,36,21,57,30,0.076707,0.095932,0.003316,0.255952,13,0.051028
9909574,,,33,21,54,33,21,54,30,0.076337,0.094137,0.000059,0.281272,13,0.041753
9808444,,,54,4,58,54,4,58,31,0.070406,0.081704,0.000011,0.259831,13,0.13339
9906346,,,20,10,30,20,10,30,31,0.070564,0.082975,0.000009,0.206897,13,0.02721
9909419,,,19,33,52,19,33,52,30,0.076959,0.097827,0.000132,0.280166,13,0.030639
9903502,,,60,14,74,60,14,74,31,0.071266,0.086093,0.000282,0.204369,13,0.101203
9906512,,,58,10,68,58,10,68,31,0.070056,0.081547,0.000005,0.231782,13,0.092401
9811473,,,74,6,80,74,6,80,31,0.069925,0.080409,0.000096,0.186234,13,0.13582
9810514,,,46,4,50,46,4,50,31,0.069793,0.079747,0,0.270204,13,0.107527
9910550,,,29,45,74,29,45,74,30,0.077015,0.098395,0.001756,0.212699,13,0.033865
9906551,,,35,16,51,35,16,51,30,0.075308,0.09005,0.000212,0.28549,13,0.054295
9910491,,,33,17,50,33,17,50,31,0.071741,0.088329,0.000106,0.251837,13,0.036042
9804403,,,104,5,109,104,5,109,31,0.070404,0.081714,0.00019,0.132093,13,0.201663
9812510,,,39,7,46,39,7,46,30,0.074557,0.086666,0.000228,0.26715,13,0.075373
9812287,,,79,8,87,79,8,87,31,0.070508,0.08239,0.000013,0.182572,13,0.138155
1096,,,1,19,20,1,19,20,31,0.076372,0.114471,0.000776,0.126316,12,0.000768
9911299,,,10,17,27,10,17,27,32,0.070324,0.10048,0.000239,0.173789,12,0.007521
9604388,,,70,5,75,70,5,75,39,0.046517,0.05306,0.000018,0.090631,12,0.098662
9706534,,,44,19,63,44,19,63,34,0.060431,0.076484,0.000446,0.076293,12,0.052888
9905548,,,3,86,89,3,86,89,30,0.081032,0.12669,0.001091,0.023366,5,0.002791
9605367,,,33,7,40,33,7,40,33,0.063946,0.079641,0.00428,0.073718,12,0.047734
9612300,,,32,20,52,32,20,52,33,0.063083,0.07655,0.00133,0.150075,12,0.041697
9907472,,,34,16,50,34,16,50,31,0.074022,0.101357,0.001642,0.102041,8,0.0337
9706430,,,58,12,70,58,12,70,34,0.060358,0.075218,0.000785,0.043064,12,0.067248
9907350,,,4,5,9,4,5,9,35,0.056097,0.06478,0,0.180556,12,0.003042
9811351,,,12,6,18,12,6,18,34,0.059642,0.070828,0.000014,0.104575,12,0.011965
9904344,,,26,3,29,26,3,29,32,0.067619,0.083521,0.000184,0.1133,8,0.028682
9909305,,,13,15,28,13,15,28,30,0.077409,0.100358,0.000612,0.156085,12,0.010034
9411260,,,78,3,81,78,3,81,38,0.048753,0.055621,0.000961,0.027315,12,0.130723
9908349,,,8,20,28,8,20,28,31,0.074097,0.103176,0.000169,0.152116,12,0.006209
9905310,,,25,42,67,25,42,67,31,0.074314,0.10597,0.001647,0.084803,12,0.025248
9811327,,,1,1,2,1,1,2,31,0.069996,0.082177,0.000001,0,8,0.000577
1098,,,5,18,23,5,18,23,28,0.081593,0.108998,0.000451,0.120553,2,0.004316
9908417,,,6,13,19,6,13,19,27,0.080939,0.103697,0.000123,0.21345,2,0.006512
9707235,,,49,8,57,49,8,57,35,0.056762,0.067101,0.000132,0.108709,2,0.065188
9705380,,,21,6,27,21,6,27,31,0.069805,0.080084,0.001449,0.175214,0,0.033562
9603208,,,161,1,162,161,1,162,46,0.035091,0.037359,0.001604,0.031708,0,0.343579
9609481,,,82,1,83,82,1,83,35,0.055369,0.061319,0.000727,0.079489,0,0.147485
9607310,,,57,2,59,57,2,59,45,0.036371,0.038995,0.000255,0.097019,2,0.09347
9901362,,,47,56,103,47,56,103,29,0.081087,0.115566,0.007378,0.053779,0,0.053102
9712468,,,20,5,25,20,5,25,33,0.063034,0.074831,0.00015,0.192029,2,0.036014
9801430,,,54,13,67,54,13,67,31,0.069911,0.080952,0.000435,0.112619,0,0.065479
9702393,,,34,3,37,34,3,37,34,0.060142,0.072642,0.000744,0.073574,2,0.070489
9611425,,,22,2,24,22,2,24,45,0.036372,0.038988,0.000002,0.219203,2,0.045183
9805300,,,11,5,16,11,5,16,31,0.070729,0.085156,0.000224,0.0375,4,0.014518
9806235,,,4,7,11,4,7,11,29,0.080295,0.096447,0.000963,0.036364,2,0.003378
9710460,,,61,9,70,61,9,70,32,0.067258,0.082517,0.000908,0.092924,2,0.088909
1100,,,4,3,7,4,3,7,31,0.0719,0.09038,0.000107,0.190476,8,0.003034
9806305,,,30,11,41,30,11,41,32,0.06678,0.080246,0.000118,0.128659,8,0.030687
9905372,,,18,30,48,18,30,48,30,0.0773,0.101938,0.001868,0.125887,8,0.013547
1101,,,60,43,103,60,43,103,24,0.103239,0.137072,0.001974,0.076908,2,0.138578
9806272,,,55,4,59,55,4,59,38,0.048435,0.054102,0.000007,0.089421,2,0.150586
9710209,,,42,14,56,42,14,56,38,0.048557,0.055545,0.000412,0.112662,2,0.114414
9808451,,,32,30,62,32,30,62,25,0.099998,0.126099,0.000535,0.113432,2,0.085084
9805272,,,55,5,60,55,5,60,38,0.048674,0.055974,0.000007,0.083051,2,0.196825
9804421,,,43,14,57,43,14,57,32,0.067859,0.086522,0.000222,0.14317,2,0.118562
9903329,,,17,1,18,17,1,18,38,0.048688,0.055079,0,0.098039,2,0.052095
9606411,,,98,3,101,98,3,101,46,0.035092,0.037498,0.000091,0.069802,2,0.28176
9507212,,,81,1,82,81,1,82,45,0.03636,0.038817,0.000434,0.089431,2,0.258869
9910286,,,33,7,40,33,7,40,25,0.090916,0.106737,0.000074,0.10641,2,0.091556
9804367,,,15,4,19,15,4,19,38,0.048569,0.055077,0.000176,0.125731,2,0.08496
9906456,,,10,39,49,10,39,49,24,0.103552,0.13541,0.000218,0.193027,2,0.02644
9912211,,,6,34,40,6,34,40,24,0.101352,0.133404,0.000425,0.238462,2,0.018487
9808254,,,19,2,21,19,2,21,33,0.06318,0.07674,0.000002,0.230952,2,0.063688
9805262,,,67,1,68,67,1,68,39,0.046367,0.051764,0.000067,0.070676,2,0.204376
9808470,,,40,1,41,40,1,41,38,0.048688,0.055079,0,0.069512,2,0.136609
9811352,,,20,7,27,20,7,27,34,0.059408,0.069362,0.000003,0.145299,2,0.049831
9712537,,,75,14,89,75,14,89,32,0.067796,0.087528,0.001605,0.097421,2,0.200871
9912282,,,7,23,30,7,23,30,24,0.102642,0.132586,0.000269,0.112644,2,0.016976
9812381,,,17,27,44,17,27,44,25,0.095933,0.122994,0.000301,0.109408,2,0.048812
9903454,,,64,10,74,64,10,74,26,0.092307,0.112265,0.000303,0.097927,2,0.112675
9810501,,,28,2,30,28,2,30,39,0.046371,0.051839,0.00004,0.162069,2,0.080912
9908513,,,28,56,84,28,56,84,24,0.105863,0.140437,0.000642,0.10743,2,0.069227
9907234,,,52,37,89,52,37,89,23,0.103004,0.133536,0.000319,0.103448,2,0.084297
9803299,,,66,8,74,66,8,74,32,0.067036,0.081583,0.000274,0.10348,2,0.228561
9903399,,,29,2,31,29,2,31,40,0.044319,0.048922,0.000001,0.116129,2,0.059631
9905320,,,21,28,49,21,28,49,24,0.099454,0.13052,0.000329,0.185374,2,0.045374
9703465,,,59,7,66,59,7,66,36,0.052777,0.060012,0.000232,0.076923,2,0.172954
9904225,,,16,9,25,16,9,25,24,0.090078,0.104256,0.000237,0.118333,2,0.047562
9712493,,,91,11,102,91,11,102,37,0.0511,0.059676,0.000734,0.053388,2,0.284956
9712495,,,91,14,105,91,14,105,31,0.071514,0.089873,0.003439,0.052106,2,0.307359
9802209,,,41,28,69,41,28,69,32,0.067433,0.086547,0.00053,0.090793,2,0.129397
9607372,,,127,5,132,127,5,132,45,0.036374,0.039241,0.000686,0.056674,2,0.408114
9805429,,,31,17,48,31,17,48,32,0.068026,0.088493,0.00013,0.142287,2,0.075884
9806328,,,104,37,141,104,37,141,31,0.07205,0.093473,0.003875,0.057244,2,0.300728
9906275,,,29,42,71,29,42,71,24,0.103794,0.135949,0.000337,0.138302,2,0.066246
9505275,,,91,1,92,91,1,92,44,0.03773,0.040512,0.003543,0.068323,2,0.333829
9901388,,,51,45,96,51,45,96,23,0.103943,0.135742,0.001493,0.074232,2,0.121531
9609343,,,27,2,29,27,2,29,46,0.0351,0.037562,0,0.173645,2,0.072753
1102,,,1,2,3,1,2,3,29,0.079834,0.093448,0.000033,0.166667,10,0.000568
9811411,,,2,5,7,2,5,7,29,0.079833,0.093646,0.000002,0.142857,10,0.001223
1103,,,9,21,30,9,21,30,27,0.092033,0.122841,0.00047,0.117241,11,0.010504
9704258,,,27,2,29,27,2,29,39,0.046504,0.052382,0.000099,0.123153,11,0.056219
9611397,,,39,2,41,39,2,41,39,0.046504,0.052323,0.000246,0.048171,6,0.052626
9611272,,,36,15,51,36,15,51,34,0.05945,0.070905,0.000653,0.086275,5,0.060434
9712471,,,19,5,24,19,5,24,34,0.05937,0.069786,0.000081,0.153986,11,0.020581
9711394,,,4,7,11,4,7,11,35,0.056468,0.066543,0.000002,0.045455,6,0.003687
9905551,,,6,9,15,6,9,15,28,0.088082,0.112337,0.000535,0.171429,11,0.005822
9902226,,,14,13,27,14,13,27,33,0.064015,0.082092,0.000207,0.091168,11,0.017855
9902483,,,8,10,18,8,10,18,31,0.071191,0.088577,0.00013,0.173203,11,0.010669
9905428,,,8,9,17,8,9,17,27,0.092949,0.116674,0.000997,0.047794,11,0.008974
9905391,,,9,6,15,9,6,15,32,0.068762,0.089763,0.000067,0.209524,11,0.007417
9906422,,,6,71,77,6,71,77,26,0.100011,0.142073,0.010981,0.038107,6,0.006041
9909271,,,5,3,8,5,3,8,40,0.044469,0.049915,0.000002,0.339286,11,0.005705
9707448,,,13,8,21,13,8,21,33,0.063471,0.079308,0.000215,0.142857,11,0.020909
9810319,,,10,15,25,10,15,25,31,0.073767,0.102545,0.000309,0.115,11,0.010318
9805341,,,13,5,18,13,5,18,34,0.059893,0.073939,0.000173,0.176471,11,0.014472
9606399,,,371,5,376,371,5,376,33,0.063004,0.075161,0.027427,0.008603,8,0.571854
1104,,,19,58,77,19,58,77,26,0.099258,0.123991,0.010345,0.186432,13,0.018217
9908480,,,13,14,27,13,14,27,31,0.071073,0.086033,0.000137,0.280627,13,0.019981
9908310,,,39,15,54,39,15,54,31,0.070654,0.083936,0.000001,0.274633,13,0.052244
9908235,,,19,8,27,19,8,27,31,0.070612,0.083121,0.000002,0.35755,13,0.03086
9906445,,,9,2,11,9,2,11,30,0.07422,0.085251,0.000102,0.218182,13,0.009138
9903503,,,51,6,57,51,6,57,31,0.070539,0.082574,0.000001,0.240915,13,0.086507
9910295,,,8,10,18,8,10,18,31,0.071357,0.086439,0.000209,0.277778,13,0.012081
9908248,,,34,7,41,34,7,41,31,0.070053,0.081453,0,0.278049,13,0.043919
9811227,,,15,10,25,15,10,25,29,0.080524,0.096029,0.001655,0.276667,13,0.039571
9812515,,,4,7,11,4,7,11,31,0.070595,0.082841,0.000055,0.309091,13,0.008787
9905448,,,24,9,33,24,9,33,31,0.07065,0.083504,0.000001,0.32197,13,0.038868
9910313,,,26,18,44,26,18,44,31,0.070661,0.084139,0.000002,0.298097,13,0.031299
9802284,,,9,2,11,9,2,11,31,0.069658,0.079074,0.000034,0.336364,13,0.024735
9906478,,,52,21,73,52,21,73,30,0.075323,0.090436,0.001049,0.194254,13,0.075716
9912531,,,26,10,36,26,10,36,31,0.071907,0.089021,0.000126,0.262698,13,0.025248
9909296,,,13,10,23,13,10,23,31,0.071184,0.085317,0.000117,0.300395,13,0.019683
9911223,,,10,39,49,10,39,49,30,0.077251,0.099571,0.000102,0.281888,13,0.013465
9903416,,,5,12,17,5,12,17,31,0.072503,0.092696,0.006008,0.264706,13,0.011833
9905465,,,4,7,11,4,7,11,30,0.076384,0.093713,0.000449,0.254545,13,0.008787
9811387,,,13,13,26,13,13,26,30,0.075809,0.091227,0.00013,0.206154,13,0.024262
9803341,,,7,4,11,7,4,11,30,0.074874,0.086988,0.000106,0.390909,13,0.032
9908290,,,9,15,24,9,15,24,30,0.0753,0.089943,0.00001,0.342391,13,0.01633
9912519,,,2,17,19,2,17,19,25,0.10114,0.120892,0.005238,0.049708,8,0.004153
9804233,,,87,5,92,87,5,92,31,0.071083,0.084476,0.000795,0.111204,13,0.165736
9910347,,,14,41,55,14,41,55,29,0.082228,0.104742,0.001297,0.254209,13,0.018108
9810509,,,43,6,49,43,6,49,30,0.075116,0.088234,0.00027,0.255527,13,0.099657
9910541,,,3,18,21,3,18,21,30,0.075896,0.092054,0.000006,0.369048,13,0.00644
9812305,,,8,9,17,8,9,17,31,0.070508,0.08243,0,0.378676,13,0.013311
9902419,,,4,28,32,4,28,32,29,0.082303,0.104412,0.000806,0.154234,13,0.005427
9807318,,,4,9,13,4,9,13,31,0.070661,0.083254,0.000203,0.301282,13,0.008787
9912409,,,24,27,51,24,27,51,31,0.072121,0.09049,0.000072,0.272941,13,0.023582
9908314,,,10,8,18,10,8,18,31,0.070643,0.083372,0.000003,0.392157,13,0.019321
9812445,,,42,7,49,42,7,49,30,0.0753,0.089323,0.000321,0.197704,13,0.078393
9912419,,,2,6,8,2,6,8,31,0.070162,0.081919,0,0.446429,13,0.004153
9910225,,,22,29,51,22,29,51,30,0.076388,0.094726,0.000023,0.270196,13,0.022232
9910247,,,18,18,36,18,18,36,31,0.070739,0.084524,0.000003,0.311905,13,0.023804
9910254,,,23,24,47,23,24,47,31,0.071842,0.089258,0.000097,0.29371,13,0.027747
9905521,,,4,8,12,4,8,12,31,0.07051,0.08242,0,0.462121,13,0.008787
9905523,,,35,17,52,35,17,52,30,0.075239,0.089789,0.00053,0.239819,13,0.065517
9908212,,,14,11,25,14,11,25,31,0.07014,0.08222,0.000003,0.365,13,0.021154
9902335,,,13,6,19,13,6,19,31,0.071149,0.084923,0.000023,0.365497,13,0.035253
1106,,,4,10,14,4,10,14,31,0.072788,0.094947,0.000086,0.126374,7,0.003032
9811235,,,17,7,24,17,7,24,32,0.06903,0.093856,0.000048,0.096014,7,0.015973
9810552,,,6,10,16,6,10,16,32,0.068079,0.08829,0.000011,0.1375,7,0.004727
9906313,,,7,2,9,7,2,9,34,0.060106,0.072152,0,0.152778,7,0.00607
9709291,,,14,20,34,14,20,34,31,0.071881,0.092982,0.00032,0.149733,7,0.037025
9612269,,,75,10,85,75,10,85,31,0.0714,0.088379,0.001011,0.070588,7,0.199905
9608430,,,80,10,90,80,10,90,31,0.071243,0.087249,0.000956,0.053184,7,0.193727
9903343,,,2,8,10,2,8,10,32,0.067796,0.086171,0,0.188889,7,0.001406
1107,,,1,3,4,1,3,4,33,0.062924,0.073599,0,0.25,12,0.000738
9610280,,,31,2,33,31,2,33,34,0.060163,0.072455,0.001731,0.018939,12,0.027619
9904461,,,3,2,5,3,2,5,35,0.056736,0.066577,0.000001,0.1,12,0.001885
1110,,,1,13,14,1,13,14,32,0.068388,0.089057,0.000012,0.087912,8,0.000648
9508386,,,29,2,31,29,2,31,40,0.04443,0.04926,0.002245,0.060215,8,0.033814
9806340,,,10,8,18,10,8,18,35,0.05732,0.071987,0.000151,0.091503,8,0.007342
9812423,,,6,6,12,6,6,12,32,0.06866,0.091174,0.000303,0.159091,8,0.004586
9903240,,,6,13,19,6,13,19,31,0.070948,0.087071,0.000473,0.152047,5,0.004291
9903306,,,4,4,8,4,4,8,33,0.062845,0.074161,0.000016,0.178571,11,0.002871
9806530,,,11,9,20,11,9,20,34,0.05992,0.073463,0.000074,0.168421,5,0.008615
9908464,,,5,6,11,5,6,11,34,0.059882,0.07259,0.000299,0.036364,8,0.003466
9804404,,,17,3,20,17,3,20,41,0.042601,0.047497,0.000019,0.073684,8,0.012695
9902294,,,8,8,16,8,8,16,35,0.056734,0.068411,0.000069,0.1375,8,0.005415
1113,,,6,15,21,6,15,21,24,0.10972,0.130124,0.000106,0.107143,7,0.005676
9711362,,,16,22,38,16,22,38,31,0.071614,0.090483,0.000352,0.102418,7,0.018108
9510403,,,49,1,50,49,1,50,41,0.042535,0.046587,0.000237,0.073469,7,0.07522
9611364,,,17,8,25,17,8,25,33,0.062791,0.073482,0.000581,0.138333,7,0.032616
9605349,,,20,1,21,20,1,21,33,0.062173,0.070451,0.000098,0.1,7,0.026435
9812358,,,31,18,49,31,18,49,33,0.064567,0.085031,0.000295,0.08023,7,0.039394
9608297,,,15,5,20,15,5,20,33,0.062787,0.073307,0.000045,0.157895,7,0.016524
9502378,,,38,1,39,38,1,39,40,0.044423,0.049149,0.00109,0.092443,7,0.087799
9807223,,,7,14,21,7,14,21,32,0.067838,0.086174,0.00009,0.12381,7,0.006823
9901261,,,1,5,6,1,5,6,33,0.063606,0.078014,0.000001,0.166667,7,0.000949
9805422,,,83,12,95,83,12,95,32,0.067727,0.087136,0.000735,0.036282,7,0.0883
9706417,,,9,12,21,9,12,21,33,0.062867,0.074198,0.000091,0.166667,7,0.009149
9802409,,,59,11,70,59,11,70,30,0.076757,0.097346,0.001593,0.065217,7,0.070171
9911206,,,9,36,45,9,36,45,23,0.120089,0.147271,0.001713,0.071212,7,0.008459
9802394,,,71,14,85,71,14,85,31,0.071582,0.089301,0.001961,0.053782,7,0.105024
1115,,,7,13,20,7,13,20,25,0.099284,0.126689,0.00001,0.281579,3,0.005593
9809217,,,65,3,68,65,3,68,35,0.057289,0.069754,0.000077,0.134328,3,0.215124
9910277,,,5,32,37,5,32,37,24,0.105473,0.138245,0.000081,0.162162,3,0.003959
9902407,,,39,2,41,39,2,41,35,0.05698,0.068033,0.000001,0.195732,3,0.101238
9903400,,,43,14,57,43,14,57,26,0.094051,0.114769,0.00054,0.170426,3,0.095804
9903479,,,42,31,73,42,31,73,25,0.099822,0.123154,0.000387,0.186454,3,0.09919
9906514,,,14,27,41,14,27,41,26,0.09782,0.127524,0.000051,0.265244,3,0.022571
9809467,,,35,19,54,35,19,54,31,0.072333,0.093035,0.000774,0.091195,3,0.077387
9812221,,,30,37,67,30,37,67,25,0.099778,0.124315,0.001018,0.133876,3,0.066756
1119,,,4,12,16,4,12,16,30,0.075886,0.092978,0.000798,0.108333,8,0.002493
9711488,,,9,1,10,9,1,10,41,0.042537,0.04659,0.000118,0.133333,8,0.00639
9901216,,,2,2,4,2,2,4,42,0.040808,0.044429,0,0.333333,8,0.00131
9812522,,,8,2,10,8,2,10,42,0.040808,0.044429,0,0.2,8,0.006046
9908466,,,4,2,6,4,2,6,31,0.069056,0.077928,0.000302,0.2,8,0.002735
9912376,,,5,3,8,5,3,8,30,0.075167,0.08838,0.000019,0.196429,8,0.003595
9903354,,,11,5,16,11,5,16,33,0.0626,0.072963,0.00007,0.17619,8,0.007911
9908412,,,4,1,5,4,1,5,32,0.064598,0.071674,0.000001,0.2,8,0.002568
9711485,,,21,2,23,21,2,23,41,0.042539,0.046664,0.000147,0.116601,8,0.016424
1120,,,2,8,10,2,8,10,32,0.067484,0.083448,0.000025,0.1,8,0.001196
9903248,,,2,2,4,2,2,4,32,0.065503,0.074756,0.000004,0.083333,11,0.001306
9903288,,,13,3,16,13,3,16,31,0.07,0.08138,0.000133,0.054167,8,0.011048
9712469,,,13,2,15,13,2,15,40,0.044456,0.049596,0.000325,0.057143,8,0.010455
9911433,,,3,8,11,3,8,11,32,0.067731,0.084734,0.000088,0.127273,8,0.001834
9806344,,,45,5,50,45,5,50,35,0.05664,0.06791,0.000845,0.048571,8,0.044446
9903337,,,12,6,18,12,6,18,31,0.070868,0.085631,0.000481,0.065359,11,0.007236
1121,,,1,15,16,1,15,16,24,0.106752,0.130448,0.000031,0.283333,6,0.001094
9903425,,,23,6,29,23,6,29,32,0.068564,0.08799,0.000131,0.166256,6,0.050674
9708456,,,119,5,124,119,5,124,33,0.062389,0.072315,0.000274,0.078416,6,0.271626
9904393,,,30,14,44,30,14,44,32,0.069401,0.093581,0.000292,0.143763,6,0.045025
9811202,,,62,13,75,62,13,75,32,0.067406,0.083873,0.000165,0.116036,6,0.127848
9807501,,,93,6,99,93,6,99,32,0.067586,0.083777,0.000057,0.099979,6,0.191601
9707409,,,87,1,88,87,1,88,42,0.040819,0.044496,0,0.106583,6,0.22293
9907446,,,31,23,54,31,23,54,24,0.115096,0.144494,0.0028,0.178197,6,0.051851
9810457,,,116,7,123,116,7,123,32,0.067659,0.084152,0.000199,0.086699,6,0.231637
9806236,,,76,9,85,76,9,85,31,0.071702,0.089722,0.000704,0.107983,6,0.174612
9903402,,,40,13,53,40,13,53,32,0.06888,0.09361,0.001424,0.145864,6,0.065295
9906206,,,58,12,70,58,12,70,27,0.089267,0.112774,0.000253,0.135611,6,0.100938
9905215,,,51,10,61,51,10,61,26,0.095399,0.121745,0.002082,0.121038,6,0.081115
9602260,,,92,3,95,92,3,95,35,0.055455,0.062063,0.007727,0.024188,0,0.16963
9909256,,,1,20,21,1,20,21,27,0.08536,0.107427,0.000193,0.145238,0,0.00133
1123,,,4,7,11,4,7,11,30,0.075776,0.091502,0.000306,0.081818,13,0.002668
9808415,,,15,5,20,15,5,20,29,0.08007,0.094462,0.000345,0.107895,10,0.010755
9806219,,,40,7,47,40,7,47,31,0.07042,0.081969,0.000185,0.098982,13,0.044418
9903292,,,18,6,24,18,6,24,31,0.070525,0.082412,0.00023,0.126812,13,0.014304
9903551,,,1,3,4,1,3,4,29,0.080357,0.095309,0.000222,0,10,0.000751
9905220,,,103,14,117,103,14,117,23,0.099031,0.119652,0.001705,0.034777,2,0.213195
9909254,,,53,16,69,53,16,69,25,0.091568,0.112654,0.000045,0.130009,2,0.098442
9904465,,,19,2,21,19,2,21,33,0.064002,0.079315,0.000005,0.1,2,0.049264
9906450,,,14,18,32,14,18,32,24,0.095211,0.115122,0.000165,0.102823,2,0.017161
9702243,,,38,1,39,38,1,39,47,0.033913,0.036067,0,0.081646,2,0.218918
9811296,,,6,25,31,6,25,31,25,0.08787,0.10739,0.000278,0.068817,2,0.010737
9705339,,,146,1,147,146,1,147,41,0.041894,0.045453,0.000531,0.022971,2,0.529313
9802287,,,27,10,37,27,10,37,37,0.051078,0.059251,0.000042,0.115616,2,0.115519
9709439,,,34,4,38,34,4,38,38,0.048534,0.054635,0.000046,0.073257,2,0.149872
9711421,,,18,2,20,18,2,20,38,0.048544,0.054608,0,0.131579,2,0.072905
9811390,,,113,8,121,113,8,121,33,0.064861,0.085313,0.000126,0.074105,2,0.224118
1128,,,3,3,6,3,3,6,24,0.10737,0.123721,0.000006,0.3,2,0.003129
9811221,,,6,2,8,6,2,8,24,0.109317,0.125507,0.000194,0.107143,2,0.004506
1129,,,3,7,10,3,7,10,25,0.093737,0.116551,0.000004,0.166667,2,0.012981
9901350,,,44,15,59,44,15,59,28,0.083995,0.102319,0.000897,0.09059,2,0.075686
1130,,,5,5,10,5,5,10,31,0.071307,0.087243,0.000029,0.344444,8,0.003116
9903512,,,7,9,16,7,9,16,30,0.07606,0.094587,0.000246,0.229167,8,0.006654
9805225,,,10,1,11,10,1,11,41,0.04261,0.047165,0.000002,0.336364,8,0.010594
9909539,,,6,10,16,6,10,16,31,0.071348,0.087801,0.000264,0.216667,8,0.005228
9907420,,,9,15,24,9,15,24,30,0.076711,0.098031,0.000861,0.143116,8,0.007699
9902375,,,17,6,23,17,6,23,32,0.066484,0.07934,0.000104,0.088933,8,0.011896
1132,,,3,11,14,3,11,14,31,0.072848,0.096582,0.000315,0.098901,7,0.002021
9905504,,,1,4,5,1,4,5,32,0.06691,0.080346,0.000037,0.25,7,0.000689
9903427,,,4,11,15,4,11,15,32,0.068074,0.088071,0.000424,0.06044,7,0.002486
9901252,,,5,5,10,5,5,10,34,0.059249,0.068371,0.000084,0.155556,7,0.004638
9805303,,,100,31,131,100,31,131,32,0.068657,0.096042,0.004033,0.05872,7,0.163274
9702345,,,5,6,11,5,6,11,32,0.067152,0.081512,0.000015,0.1,7,0.003227
9512380,,,335,14,349,335,14,349,31,0.071775,0.088447,0.007362,0.018229,7,0.718269
9804300,,,4,3,7,4,3,7,31,0.070744,0.083871,0.000066,0.166667,7,0.002867
9812253,,,4,7,11,4,7,11,31,0.071921,0.091415,0.000092,0.1,7,0.004072
9809566,,,7,9,16,7,9,16,30,0.07663,0.097226,0.000275,0.108333,7,0.006233
1133,,,2,9,11,2,9,11,30,0.075178,0.096094,0.000158,0.154545,5,0.001347
9909537,,,2,6,8,2,6,8,32,0.068018,0.086257,0.000095,0.196429,4,0.001255
9903449,,,11,14,25,11,14,25,33,0.064858,0.088631,0.000082,0.036667,6,0.014432
9908327,,,19,5,24,19,5,24,29,0.077474,0.097701,0.000676,0.09058,3,0.016506
9510376,,,58,2,60,58,2,60,42,0.040805,0.044476,0.000428,0.04322,5,0.091734
9812377,,,11,11,22,11,11,22,34,0.060839,0.077668,0.000017,0.123377,5,0.009257
9801403,,,9,2,11,9,2,11,34,0.059573,0.070674,0.000038,0.081818,11,0.007157
9702265,,,20,3,23,20,3,23,33,0.063911,0.079153,0.000835,0.086957,5,0.024457
9806287,,,16,7,23,16,7,23,34,0.060196,0.073087,0.000109,0.110672,5,0.014306
1134,,,1,121,122,1,121,122,26,0.110159,0.1559,0.000299,0.03238,1,0.000801
9906475,,,54,29,83,54,29,83,28,0.091426,0.116101,0.001733,0.087654,1,0.056142
9902341,,,19,21,40,19,21,40,33,0.064558,0.086572,0.000122,0.179487,12,0.014719
9511430,,,47,2,49,47,2,49,40,0.044422,0.049196,0.000123,0.094813,1,0.093192
9805270,,,71,13,84,71,13,84,31,0.072236,0.093748,0.000387,0.096099,1,0.092587
9707532,,,41,8,49,41,8,49,39,0.046529,0.053312,0.000007,0.168367,12,0.051888
9506317,,,60,2,62,60,2,62,39,0.046494,0.052365,0.000017,0.131148,12,0.132714
9705234,,,47,27,74,47,27,74,35,0.056212,0.067172,0.000357,0.115107,5,0.06782
9901331,,,18,25,43,18,25,43,31,0.070998,0.088082,0.001636,0.110188,8,0.015645
9911316,,,9,19,28,9,19,28,32,0.069955,0.097228,0.000021,0.244709,12,0.006487
9809429,,,10,32,42,10,32,42,31,0.071755,0.090876,0.000378,0.143438,11,0.007299
9907489,,,23,25,48,23,25,48,26,0.104986,0.130631,0.00043,0.212766,1,0.023457
9702435,,,13,2,15,13,2,15,34,0.05934,0.0691,0.000042,0.071429,8,0.010245
9705254,,,38,14,52,38,14,52,38,0.048808,0.057198,0.000672,0.085973,1,0.056847
9804332,,,44,1,45,44,1,45,41,0.042603,0.047234,0,0.111616,8,0.0521
9801262,,,40,14,54,40,14,54,31,0.07084,0.085387,0.000473,0.132075,8,0.050908
9802290,,,148,4,152,148,4,152,40,0.044496,0.050144,0.000443,0.038602,8,0.172584
9801268,,,33,16,49,33,16,49,33,0.063201,0.077614,0.00138,0.168367,5,0.047999
9907509,,,25,23,48,25,23,48,27,0.096204,0.119342,0.001873,0.138298,1,0.028113
9708346,,,23,6,29,23,6,29,39,0.046514,0.053,0.000002,0.195813,12,0.029633
9801397,,,54,11,65,54,11,65,31,0.071094,0.086397,0.000622,0.123077,1,0.095029
9912388,,,15,22,37,15,22,37,32,0.069206,0.093211,0.001668,0.221471,5,0.012331
9912391,,,33,17,50,33,17,50,27,0.096307,0.119267,0.012874,0.10449,1,0.027026
9902410,,,19,9,28,19,9,28,31,0.071199,0.088348,0.000203,0.119048,8,0.015245
9903436,,,28,10,38,28,10,38,32,0.067641,0.086216,0.000144,0.167852,5,0.025836
9808463,,,25,8,33,25,8,33,31,0.07163,0.089326,0.000033,0.216856,1,0.032694
9904468,,,29,36,65,29,36,65,26,0.104804,0.130487,0.009977,0.132212,1,0.03616
9901397,,,17,18,35,17,18,35,35,0.057632,0.074391,0.000376,0.190756,8,0.016632
9905495,,,6,18,24,6,18,24,33,0.065587,0.087522,0.000019,0.201087,11,0.004191
9812366,,,28,9,37,28,9,37,37,0.050945,0.058964,0.000095,0.184685,8,0.025717
9712222,,,58,10,68,58,10,68,30,0.075739,0.092417,0.002439,0.112818,1,0.106161
9906273,,,11,8,19,11,8,19,32,0.068351,0.090908,0.00009,0.128655,11,0.00986
9803363,,,44,10,54,44,10,54,31,0.071284,0.087403,0.0002,0.142208,1,0.080185
9703277,,,31,1,32,31,1,32,35,0.056622,0.065624,0.000004,0.115927,1,0.064756
9703278,,,56,5,61,56,5,61,34,0.06021,0.07328,0.000611,0.080055,12,0.082883
9703357,,,17,2,19,17,2,19,36,0.053744,0.062066,0.000025,0.157895,11,0.02815
9703284,,,56,5,61,56,5,61,35,0.056843,0.067474,0.000166,0.060929,12,0.086372
9911414,,,17,36,53,17,36,53,26,0.106306,0.133017,0.000558,0.188316,1,0.014816
9806228,,,24,6,30,24,6,30,35,0.056068,0.064286,0.000316,0.177011,8,0.033512
9607290,,,29,2,31,29,2,31,41,0.042546,0.046769,0.000327,0.091398,8,0.032865
9703291,,,29,5,34,29,5,34,32,0.066845,0.081581,0.000584,0.118371,1,0.080622
9803389,,,101,7,108,101,7,108,37,0.051212,0.059704,0.00088,0.059103,8,0.115669
9804217,,,14,6,20,14,6,20,34,0.057924,0.064187,0.000027,0.176316,8,0.019652
9812357,,,21,72,93,21,72,93,31,0.07284,0.10127,0.002199,0.038686,11,0.019611
9809287,,,8,8,16,8,8,16,31,0.072562,0.094918,0.00258,0.1875,12,0.008286
9903498,,,23,16,39,23,16,39,31,0.072492,0.09362,0.000323,0.149798,1,0.02743
9802379,,,45,4,49,45,4,49,31,0.070603,0.084175,0.000095,0.169643,1,0.079055
9709452,,,14,4,18,14,4,18,35,0.056124,0.064528,0.000824,0.094771,8,0.013424
9802381,,,34,13,47,34,13,47,34,0.059725,0.072498,0.000128,0.198427,12,0.037773
9809550,,,13,18,31,13,18,31,34,0.060252,0.076485,0.000094,0.158065,8,0.010849
9806482,,,39,10,49,39,10,49,36,0.053591,0.062562,0.000154,0.12585,8,0.03725
9904278,,,19,24,43,19,24,43,25,0.113571,0.140472,0.022689,0.180509,1,0.022103
9710487,,,33,9,42,33,9,42,34,0.060482,0.075943,0.000228,0.113821,12,0.04572
9805208,,,37,2,39,37,2,39,38,0.04872,0.055487,0.000002,0.129555,8,0.054002
9903260,,,32,20,52,32,20,52,31,0.072814,0.095889,0.000313,0.177979,1,0.049565
9905566,,,31,19,50,31,19,50,32,0.067312,0.084286,0.000845,0.126531,8,0.022954
9801375,,,54,10,64,54,10,64,34,0.059533,0.071758,0.000435,0.088294,5,0.076534
9912226,,,14,17,31,14,17,31,27,0.097779,0.118662,0.000178,0.262366,1,0.013034
9806244,,,17,7,24,17,7,24,32,0.066613,0.080329,0.000111,0.09058,1,0.015821
9803241,,,35,19,54,35,19,54,34,0.059565,0.072503,0.000502,0.138365,5,0.042328
9903390,,,16,8,24,16,8,24,36,0.054522,0.067471,0.000006,0.242754,8,0.01529
9804215,,,16,11,27,16,11,27,32,0.066893,0.082139,0.000093,0.150997,1,0.029757
9701309,,,34,23,57,34,23,57,34,0.059436,0.071259,0.000135,0.158208,12,0.042482
9806526,,,16,24,40,16,24,40,34,0.060073,0.075196,0.000032,0.217949,5,0.014025
9910209,,,28,19,47,28,19,47,28,0.091676,0.112347,0.000103,0.174838,1,0.025075
9610433,,,28,2,30,28,2,30,40,0.044438,0.049526,0.000071,0.058621,11,0.029437
9903226,,,21,12,33,21,12,33,33,0.063502,0.078972,0.000056,0.074811,1,0.021535
9905550,,,46,18,64,46,18,64,29,0.084753,0.107332,0.000518,0.113839,1,0.053636
9608407,,,23,10,33,23,10,33,35,0.056787,0.067296,0.000492,0.098485,11,0.036527
9909464,,,9,26,35,9,26,35,33,0.064221,0.084151,0.000096,0.170588,11,0.00891
9707481,,,55,10,65,55,10,65,30,0.075451,0.089846,0.001151,0.150546,1,0.094889
9912284,,,5,9,14,5,9,14,32,0.067142,0.082735,0.000005,0.263736,8,0.004244
9901277,,,10,18,28,10,18,28,32,0.067452,0.083943,0.000086,0.219577,11,0.007449
9910238,,,25,26,51,25,26,51,26,0.104581,0.129007,0.001496,0.172549,1,0.024594
9706209,,,21,4,25,21,4,25,34,0.059811,0.071505,0.000035,0.168333,12,0.029486
9702373,,,18,4,22,18,4,22,40,0.044453,0.049639,0.000192,0.160173,8,0.019611
9912551,,,6,15,21,6,15,21,31,0.071995,0.092003,0.000015,0.071429,8,0.003818
9911273,,,10,23,33,10,23,33,31,0.07343,0.098827,0.000267,0.202652,8,0.00794
9907409,,,12,12,24,12,12,24,32,0.066693,0.08078,0.001654,0.179348,8,0.009413
9803454,,,38,23,61,38,23,61,31,0.072378,0.09608,0.001169,0.122131,1,0.071732
1135,,,2,3,5,2,3,5,33,0.063177,0.076034,0.000039,0.3,12,0.001206
9509312,,,50,6,56,50,6,56,40,0.044436,0.049669,0.000098,0.083442,12,0.077068
9911265,,,3,2,5,3,2,5,41,0.042552,0.046936,0,0.15,12,0.001764
9704351,,,16,25,41,16,25,41,32,0.067411,0.085028,0.002092,0.082317,12,0.023305
1136,,,1,7,8,1,7,8,30,0.075161,0.089308,0.000001,0.125,10,0.000622
9903234,,,6,9,15,6,9,15,29,0.080353,0.096196,0.000328,0.052381,10,0.004072
9803396,,,8,9,17,8,9,17,29,0.080654,0.097601,0.000154,0.051471,10,0.005658
9803292,,,3,1,4,3,1,4,35,0.056752,0.0664,0.000009,0,10,0.002284
9910540,,,3,2,5,3,2,5,30,0.075136,0.088088,0.000028,0.1,10,0.00176
9905282,,,7,8,15,7,8,15,30,0.074858,0.088537,0.000451,0.104762,10,0.004481
9904223,,,6,2,8,6,2,8,30,0.07513,0.088083,0.000006,0.160714,10,0.004396
1142,,,15,6,21,15,6,21,35,0.057814,0.072925,0.000348,0.259524,11,0.015308
9906545,,,21,3,24,21,3,24,34,0.060832,0.077381,0.000131,0.259058,11,0.029552
9910338,,,31,9,40,31,9,40,35,0.05767,0.072967,0.000194,0.155128,11,0.032138
9910278,,,20,5,25,20,5,25,35,0.0576,0.071744,0.000006,0.298333,11,0.024703
9809321,,,30,2,32,30,2,32,34,0.060817,0.077417,0.000113,0.233871,11,0.035645
9907389,,,17,6,23,17,6,23,34,0.060849,0.077848,0.000053,0.233202,11,0.016783
9906319,,,29,7,36,29,7,36,34,0.061079,0.079072,0.000312,0.165079,11,0.031989
1143,,,2,9,11,2,9,11,26,0.095195,0.123853,0.000008,0.145455,3,0.001939
9901427,,,2,20,22,2,20,22,31,0.074764,0.109178,0.000016,0.095238,6,0.001573
9908369,,,14,17,31,14,17,31,25,0.100356,0.127396,0.000155,0.147312,3,0.022081
9801271,,,165,89,254,165,89,254,31,0.07242,0.10162,0.022971,0.031056,4,0.279812
9904247,,,4,11,15,4,11,15,26,0.096542,0.124986,0.000031,0.147619,6,0.004486
1145,,,3,24,27,3,24,27,24,0.116351,0.150308,0.00023,0.047009,3,0.002027
9912260,,,13,21,34,13,21,34,27,0.087731,0.111267,0.000387,0.06328,6,0.013468
9907414,,,13,9,22,13,9,22,33,0.0656,0.088749,0.000104,0.138528,3,0.01293
9701322,,,13,1,14,13,1,14,44,0.037763,0.040831,0.000025,0.038462,5,0.017501
9907340,,,3,7,10,3,7,10,32,0.06707,0.081346,0.000095,0.033333,13,0.002259
9905369,,,4,30,34,4,30,34,23,0.122186,0.153986,0.001402,0.025847,6,0.003152
9811356,,,156,7,163,156,7,163,33,0.064594,0.083026,0.000097,0.084564,3,0.411503
9805217,,,69,1,70,69,1,70,46,0.035118,0.03755,0.000041,0.118012,3,0.319154
9912227,,,8,20,28,8,20,28,25,0.104146,0.131408,0.000892,0.05291,11,0.012508
9902332,,,17,7,24,17,7,24,33,0.065485,0.088935,0.0004,0.061594,11,0.028274
9908330,,,14,4,18,14,4,18,33,0.063459,0.077354,0.00001,0.176471,5,0.01248
9812275,,,15,11,26,15,11,26,32,0.069233,0.094153,0.000403,0.061538,6,0.01628
9811337,,,157,6,163,157,6,163,33,0.064557,0.082528,0.000065,0.087139,3,0.430118
9704332,,,1,2,3,1,2,3,33,0.062416,0.071926,0,0,5,0.000691
9602250,,,58,5,63,58,5,63,39,0.046506,0.052565,0.002804,0.016641,6,0.092723
9808396,,,10,2,12,10,2,12,42,0.040835,0.044876,0.000011,0.083333,4,0.015248
1146,,,1,11,12,1,11,12,31,0.072033,0.091059,0.000025,0.143939,8,0.000647
9907297,,,2,9,11,2,9,11,31,0.071873,0.090524,0.000019,0.118182,8,0.001142
9711369,,,7,1,8,7,1,8,40,0.044425,0.049155,0.000001,0.142857,8,0.006748
9908280,,,3,13,16,3,13,16,31,0.071773,0.089573,0.000105,0.120833,8,0.001901
9806249,,,14,3,17,14,3,17,34,0.059759,0.071209,0.000126,0.088235,8,0.020712
9707226,,,3,3,6,3,3,6,32,0.066471,0.077748,0.000005,0.033333,8,0.001852
9708459,,,6,2,8,6,2,8,34,0.059925,0.07267,0.000031,0.196429,8,0.005936
9810220,,,9,4,13,9,4,13,34,0.059761,0.071243,0.000093,0.147436,8,0.016523
9806255,,,20,5,25,20,5,25,34,0.060324,0.075391,0.000177,0.096667,8,0.014559
9710442,,,3,1,4,3,1,4,36,0.053804,0.062617,0.000046,0.333333,6,0.003207
9707278,,,16,11,27,16,11,27,35,0.056859,0.068318,0.00085,0.065527,6,0.02639
1150,,,3,5,8,3,5,8,30,0.076434,0.093479,0.000096,0.125,10,0.00178
9704296,,,3,3,6,3,3,6,30,0.076358,0.092649,0.000103,0.133333,10,0.001897
9907321,,,1,4,5,1,4,5,30,0.076402,0.09313,0,0.2,10,0.000681
9704212,,,10,6,16,10,6,16,29,0.081791,0.100242,0.000435,0.1,10,0.010956
1151,,,5,9,14,5,9,14,28,0.085517,0.106247,0.000025,0.087912,7,0.004348
9704272,,,27,5,32,27,5,32,31,0.070785,0.085045,0.000172,0.063508,7,0.044194
9702358,,,10,2,12,10,2,12,43,0.039244,0.042823,0,0.143939,7,0.019549
9807254,,,12,12,24,12,12,24,31,0.072521,0.095926,0.000111,0.144928,7,0.012208
9905529,,,2,3,5,2,3,5,32,0.069084,0.091516,0.000014,0.05,7,0.004825
9908229,,,6,18,24,6,18,24,27,0.092837,0.118634,0.000121,0.144928,7,0.00444
9608466,,,10,2,12,10,2,12,42,0.040838,0.044745,0,0.181818,7,0.01155
9808431,,,31,5,36,31,5,36,32,0.068046,0.088119,0.000028,0.124603,7,0.049183
1156,,,1,1,2,1,1,2,48,0.032796,0.034619,0.000079,0,0,0.000793
9901226,,,1,1,2,1,1,2,47,0.033905,0.035928,0.000079,0,0,0.000578
1157,,,2,21,23,2,21,23,32,0.068906,0.09112,0.000001,0.247036,8,0.001316
9806368,,,28,10,38,28,10,38,36,0.053516,0.062779,0.00003,0.138691,8,0.032283
9712546,,,28,19,47,28,19,47,34,0.059801,0.073528,0.000931,0.064292,8,0.032363
9805315,,,17,5,22,17,5,22,36,0.05391,0.063397,0.000037,0.209957,8,0.019414
9707390,,,59,3,62,59,3,62,40,0.044492,0.050068,0.00011,0.086991,8,0.092024
9901222,,,14,3,17,14,3,17,36,0.053629,0.062691,0.000001,0.125,8,0.011161
9702282,,,15,1,16,15,1,16,34,0.059273,0.068546,0.001237,0.141667,8,0.021687
9701303,,,52,3,55,52,3,55,40,0.044479,0.049974,0.000296,0.093266,8,0.091389
9711309,,,19,4,23,19,4,23,36,0.05386,0.063138,0.001188,0.130435,8,0.033338
9901229,,,38,13,51,38,13,51,35,0.057385,0.072088,0.000232,0.11451,8,0.032875
9711427,,,34,2,36,34,2,36,41,0.042602,0.047309,0,0.147619,8,0.056937
9703417,,,16,4,20,16,4,20,35,0.056848,0.067622,0.000418,0.094737,8,0.016694
1158,,,3,7,10,3,7,10,34,0.060113,0.072135,0.000003,0.2,12,0.001936
9605376,,,15,3,18,15,3,18,40,0.044432,0.049335,0.000045,0.104575,12,0.012524
9710450,,,14,5,19,14,5,19,35,0.056782,0.066909,0.000563,0.143275,12,0.013047
9902243,,,7,9,16,7,9,16,36,0.053796,0.062803,0.000047,0.204167,12,0.004878
9701222,,,16,1,17,16,1,17,36,0.053707,0.061506,0.000035,0.143382,12,0.014297
9905305,,,8,9,17,8,9,17,33,0.062917,0.074546,0.000851,0.176471,12,0.005197
9710506,,,6,1,7,6,1,7,42,0.040838,0.044731,0.000027,0.071429,12,0.005298
1159,,,1,9,10,1,9,10,32,0.06749,0.084497,0.000001,0.055556,8,0.000568
9804288,,,21,1,22,21,1,22,34,0.059273,0.068545,0.000011,0.077922,8,0.017251
9709442,,,43,7,50,43,7,50,34,0.059541,0.070747,0.000645,0.103673,8,0.074501
9705475,,,3,2,5,3,2,5,32,0.066087,0.076776,0.000003,0.05,8,0.003105
9911286,,,5,6,11,5,6,11,31,0.071279,0.088383,0.000095,0.190909,8,0.004226
9806259,,,17,10,27,17,10,27,35,0.057339,0.072321,0.000909,0.131054,8,0.025623
1160,,,3,3,6,3,3,6,24,0.115634,0.139401,0.000125,0.2,9,0.003059
9511357,,,11,1,12,11,1,12,44,0.037727,0.040444,0.000164,0.159091,9,0.012873
9911365,,,10,24,34,10,24,34,23,0.125018,0.157567,0.001499,0.106855,9,0.00787
1161,,,2,12,14,2,12,14,30,0.078126,0.104934,0.00045,0.093407,8,0.001141
9912395,,,1,7,8,1,7,8,32,0.068198,0.086882,0.000111,0.125,11,0.000623
9812334,,,1,4,5,1,4,5,30,0.07481,0.088407,0,0.2,8,0.000623
9806291,,,7,4,11,7,4,11,31,0.070039,0.081782,0.000375,0.027273,11,0.004303
9807236,,,6,2,8,6,2,8,40,0.044435,0.049284,0.000067,0.178571,11,0.003645
9908220,,,3,6,9,3,6,9,31,0.072158,0.090667,0.000133,0.194444,11,0.001766
1162,,,1,5,6,1,5,6,30,0.07724,0.098566,0,0.266667,13,0.000583
9903272,,,4,3,7,4,3,7,29,0.080077,0.094075,0.000385,0.142857,13,0.002304
9710402,,,3,3,6,3,3,6,30,0.075116,0.088197,0.000002,0.166667,13,0.001719
9810516,,,3,6,9,3,6,9,29,0.081601,0.100895,0.000166,0.152778,13,0.001719
9802214,,,11,23,34,11,23,34,30,0.077778,0.104443,0.001247,0.034759,12,0.01003
1163,,,3,14,17,3,14,17,26,0.095237,0.117512,0.000416,0.176471,0,0.002544
9812289,,,17,17,34,17,17,34,32,0.068279,0.089457,0.000285,0.125668,0,0.018359
9903207,,,10,10,20,10,10,20,31,0.072686,0.096406,0.000029,0.244737,0,0.009025
9803500,,,12,2,14,12,2,14,30,0.075022,0.08809,0.000057,0.159341,0,0.011801
9903534,,,7,6,13,7,6,13,32,0.066964,0.080326,0.000098,0.076923,0,0.005446
9806480,,,2,2,4,2,2,4,34,0.059322,0.070029,0.00008,0.166667,4,0.00222
9902354,,,28,13,41,28,13,41,31,0.072073,0.091452,0.000553,0.104268,0,0.031013
9903542,,,14,39,53,14,39,53,25,0.101638,0.126265,0.001253,0.090348,0,0.012909
1166,,,30,20,50,30,20,50,25,0.098822,0.127705,0.000174,0.136735,3,0.029322
9904262,,,42,40,82,42,40,82,25,0.100575,0.126317,0.00046,0.184734,3,0.085274
9608269,,,16,3,19,16,3,19,34,0.059289,0.068844,0.000269,0.102339,5,0.025536
9603311,,,34,1,35,34,1,35,43,0.039207,0.042365,0.000147,0.058824,5,0.080505
9907347,,,13,49,62,13,49,62,25,0.106202,0.143337,0.000394,0.255156,3,0.019138
9907380,,,14,5,19,14,5,19,26,0.092654,0.113027,0.000097,0.181287,3,0.020133
9906549,,,41,26,67,41,26,67,25,0.100216,0.123764,0.000319,0.12076,3,0.051716
9901209,,,83,22,105,83,22,105,25,0.099859,0.123022,0.001241,0.147985,3,0.202613
9912287,,,26,55,81,26,55,81,24,0.108256,0.146096,0.001109,0.13858,3,0.02969
1168,,,2,4,6,2,4,6,38,0.048767,0.055898,0.000037,0.166667,0,0.001345
9804449,,,3,5,8,3,5,8,38,0.047671,0.052389,0.000026,0.196429,0,0.002428
9812476,,,10,3,13,10,3,13,39,0.045552,0.049707,0.000042,0.153846,0,0.00803
9703327,,,46,1,47,46,1,47,38,0.047566,0.051498,0.000165,0.086494,0,0.06327
1169,,,2,17,19,2,17,19,23,0.118063,0.140448,0.000023,0.230994,6,0.001325
9704448,,,73,12,85,73,12,85,35,0.056373,0.067788,0.000532,0.030952,6,0.092944
9603205,,,25,1,26,25,1,26,40,0.044425,0.049175,0.000159,0.121538,6,0.032254
9809486,,,4,4,8,4,4,8,35,0.057018,0.070056,0.000124,0.196429,6,0.00444
9806351,,,13,4,17,13,4,17,37,0.050797,0.057752,0.000002,0.275735,6,0.014225
9511342,,,49,1,50,49,1,50,39,0.046486,0.052069,0.001313,0.065714,6,0.078174
9812246,,,5,5,10,5,5,10,22,0.123872,0.138353,0.008212,0.233333,6,0.007584
9803257,,,18,20,38,18,20,38,33,0.064061,0.083678,0.000555,0.065434,6,0.017879
9602234,,,26,1,27,26,1,27,40,0.044422,0.049141,0.000716,0.12963,6,0.051617
9906395,,,7,13,20,7,13,20,24,0.105665,0.123235,0.004079,0.155263,6,0.006206
9805244,,,14,10,24,14,10,24,33,0.064097,0.083243,0.000189,0.137681,6,0.021935
9903229,,,18,13,31,18,13,31,23,0.114143,0.131762,0.002761,0.121505,6,0.016749
9904287,,,11,9,20,11,9,20,24,0.10485,0.120584,0.000979,0.184211,6,0.009547
1170,,,4,9,13,4,9,13,32,0.068563,0.089949,0.000106,0.102564,7,0.013242
9801284,,,8,1,9,8,1,9,36,0.052997,0.059064,0.000001,0.277778,7,0.006892
9903477,,,12,4,16,12,4,16,32,0.067825,0.086318,0.000001,0.141667,7,0.016254
9903543,,,13,47,60,13,47,60,31,0.073506,0.102967,0.000401,0.097312,7,0.012472
9701396,,,53,5,58,53,5,58,32,0.064815,0.072294,0.000119,0.096794,7,0.127145
9901327,,,8,2,10,8,2,10,33,0.063339,0.076341,0.000012,0.233333,7,0.006557
9701233,,,43,3,46,43,3,46,32,0.066975,0.079534,0.000053,0.135749,7,0.073166
9808303,,,12,4,16,12,4,16,32,0.067592,0.084795,0.000115,0.133333,7,0.016103
1171,,,10,8,18,10,8,18,30,0.074788,0.088089,0.000154,0.196078,13,0.007711
9708256,,,9,3,12,9,3,12,29,0.080334,0.094643,0.001639,0.174242,13,0.028057
9804290,,,47,3,50,47,3,50,31,0.070403,0.081622,0.00005,0.099592,13,0.058258
9612347,,,18,12,30,18,12,30,29,0.080465,0.095826,0.010056,0.035632,0,0.019385
9902394,,,5,8,13,5,8,13,30,0.075151,0.088717,0.000412,0.108974,13,0.004442
9809504,,,11,6,17,11,6,17,29,0.081837,0.102633,0.000343,0.047794,6,0.018424
9510309,,,82,1,83,82,1,83,35,0.056584,0.065331,0.000704,0.072583,4,0.146746
9605296,,,55,3,58,55,3,58,35,0.056589,0.065473,0.00013,0.083485,4,0.086495
9906296,,,40,8,48,40,8,48,30,0.076126,0.09343,0.000101,0.151152,4,0.062621
4210,,,16,17,33,16,17,33,23,0.12656,0.159619,0.000409,0.147177,4,0.021693
1174,,,7,21,28,7,21,28,24,0.115236,0.143923,0.000057,0.152116,6,0.00515
9803460,,,21,5,26,21,5,26,32,0.066641,0.079507,0.000002,0.14,7,0.022182
9803366,,,17,6,23,17,6,23,32,0.067197,0.082159,0.000019,0.150198,7,0.020301
9608361,,,25,4,29,25,4,29,31,0.071202,0.085946,0.000453,0.084975,7,0.043184
9812267,,,14,18,32,14,18,32,32,0.068423,0.092966,0.000116,0.106855,7,0.016306
9912430,,,7,27,34,7,27,34,23,0.123068,0.150102,0.000039,0.155971,7,0.006187
9912271,,,8,15,23,8,15,23,23,0.115241,0.132402,0.000195,0.130435,4,0.007805
9906256,,,7,6,13,7,6,13,34,0.060762,0.076267,0.000004,0.198718,4,0.005292
9812369,,,41,17,58,41,17,58,27,0.093211,0.119883,0.000312,0.124017,6,0.058869
9902355,,,7,9,16,7,9,16,31,0.072268,0.093278,0.000122,0.208333,7,0.006256
9908246,,,9,19,28,9,19,28,25,0.106286,0.13475,0.000222,0.157407,6,0.009408
9910553,,,32,56,88,32,56,88,23,0.12589,0.162754,0.002142,0.12278,6,0.033311
9905463,,,6,10,16,6,10,16,27,0.091291,0.114947,0.000056,0.1625,7,0.004965
1175,,,11,15,26,11,15,26,23,0.116947,0.136485,0.000452,0.190769,6,0.009197
9907360,,,16,24,40,16,24,40,22,0.130151,0.155094,0.002208,0.139103,6,0.020448
9907425,,,14,8,22,14,8,22,23,0.115478,0.132436,0.000116,0.253247,6,0.023322
9807336,,,21,5,26,21,5,26,32,0.067622,0.086776,0.000416,0.121538,6,0.021401
9803304,,,9,1,10,9,1,10,35,0.05548,0.061889,0,0.222222,6,0.011855
9810504,,,10,1,11,10,1,11,35,0.05698,0.068382,0,0.227273,6,0.010986
9910416,,,20,1,21,20,1,21,37,0.050749,0.057294,0,0.111905,6,0.017127
9904209,,,7,8,15,7,8,15,34,0.060429,0.074807,0.000082,0.280952,6,0.008491
9907474,,,15,27,42,15,27,42,26,0.093446,0.12775,0.000202,0.125436,6,0.020191
1177,,,6,6,12,6,6,12,31,0.072368,0.092619,0.000122,0.166667,0,0.0046
9802277,,,10,8,18,10,8,18,30,0.074209,0.085993,0.000596,0.084967,0,0.0087
9711384,,,28,7,35,28,7,35,32,0.065226,0.074355,0.000254,0.089916,0,0.028198
9811273,,,14,15,29,14,15,29,31,0.071682,0.088741,0.002445,0.102217,0,0.00971
9711258,,,15,5,20,15,5,20,31,0.069064,0.078321,0.000533,0.107895,0,0.015866
9801453,,,5,10,15,5,10,15,31,0.069259,0.079855,0.000115,0.133333,0,0.007204
9807454,,,25,28,53,25,28,53,31,0.072709,0.098294,0.002151,0.091074,0,0.040599
1178,,,2,7,9,2,7,9,31,0.071859,0.088732,0.000009,0.236111,0,0.001309
1179,,,1,1,2,1,1,2,33,0.063978,0.077359,0.000079,0,1,0.000629
9911455,,,1,6,7,1,6,7,32,0.068344,0.086196,0.000079,0.238095,1,0.00057
1180,,,1,10,11,1,10,11,33,0.063112,0.076213,0.000092,0.236364,8,0.000691
9806260,,,5,9,14,5,9,14,35,0.056083,0.06474,0.000099,0.115385,8,0.003395
9610276,,,47,1,48,47,1,48,42,0.040826,0.044602,0.00136,0.034131,8,0.063685
9910492,,,6,18,24,6,18,24,33,0.063691,0.079756,0.000018,0.193841,8,0.003498
9709390,,,11,5,16,11,5,16,35,0.056068,0.06437,0.000219,0.1125,8,0.011431
9602206,,,33,15,48,33,15,48,32,0.067648,0.084348,0.007277,0.040337,4,0.093929
9505347,,,24,3,27,24,3,27,41,0.042547,0.046952,0.002564,0.051282,4,0.035819
9507236,,,9,4,13,9,4,13,38,0.048762,0.055883,0.000563,0.089744,11,0.025007
9508293,,,10,7,17,10,7,17,41,0.042553,0.047242,0.000677,0.099265,4,0.015902
9510219,,,27,1,28,27,1,28,46,0.035088,0.037308,0.000079,0.117725,4,0.128199
9507359,,,5,1,6,5,1,6,41,0.042534,0.046579,0,0.233333,4,0.009755
9602207,,,21,3,24,21,3,24,42,0.040822,0.044843,0.001417,0.03442,9,0.066488
9511275,,,14,2,16,14,2,16,44,0.037734,0.040588,0.000058,0.120833,4,0.016769
9602208,,,73,7,80,73,7,80,38,0.048775,0.056412,0.001478,0.054589,5,0.12978
9504403,,,4,1,5,4,1,5,40,0.044422,0.049143,0.000151,0.1,5,0.012524
9507363,,,69,2,71,69,2,71,38,0.048752,0.055536,0.005295,0.06841,5,0.164118
9512212,,,5,2,7,5,2,7,38,0.048752,0.05556,0.000026,0.238095,5,0.026224
9310313,,,62,1,63,62,1,63,37,0.051249,0.059551,0.040931,0.094214,12,0.210592
9407293,,,19,1,20,19,1,20,38,0.048751,0.055477,0.000351,0.276316,5,0.082474
9602211,,,27,1,28,27,1,28,40,0.044444,0.049543,0.000382,0.064815,6,0.068457
1188,,,5,7,12,5,7,12,26,0.096153,0.115512,0.00109,0.098485,10,0.004882
9905520,,,12,19,31,12,19,31,32,0.069523,0.098666,0.000932,0.124731,1,0.01103
9808421,,,9,7,16,9,7,16,29,0.080718,0.09684,0.000024,0.25,10,0.012436
9805416,,,6,2,8,6,2,8,29,0.079751,0.092933,0.001218,0.142857,8,0.00501
9909244,,,24,26,50,24,26,50,25,0.101543,0.119093,0.001983,0.111429,12,0.021202
1189,,,5,13,18,5,13,18,28,0.089175,0.116466,0.000367,0.094771,8,0.003018
9912547,,,14,20,34,14,20,34,31,0.072985,0.097689,0.001706,0.100713,8,0.010166
9801322,,,21,4,25,21,4,25,37,0.051171,0.059166,0.000105,0.155,8,0.032422
9911244,,,4,21,25,4,21,25,30,0.078561,0.10349,0.000213,0.128333,13,0.002871
9712240,,,5,1,6,5,1,6,30,0.074866,0.086761,0.000318,0.233333,8,0.003743
9912216,,,8,15,23,8,15,23,31,0.072941,0.094518,0.000476,0.063241,8,0.005254
9908379,,,1,15,16,1,15,16,27,0.092372,0.119272,0.000218,0.104167,8,0.000796
1191,,,3,3,6,3,3,6,32,0.067316,0.081401,0,0.433333,1,0.002223
9812205,,,64,2,66,64,2,66,32,0.066899,0.080042,0.000157,0.082517,1,0.084761
1192,,,4,5,9,4,5,9,32,0.067363,0.083632,0.000087,0.111111,11,0.004468
9611449,,,7,4,11,7,4,11,41,0.042563,0.047369,0.000075,0.181818,11,0.009765
9806522,,,4,11,15,4,11,15,34,0.06076,0.079526,0.000297,0.085714,11,0.005927
9708423,,,6,7,13,6,7,13,33,0.062769,0.074699,0.000097,0.153846,11,0.013834
9602218,,,13,4,17,13,4,17,32,0.065644,0.074283,0.000059,0.125,7,0.034636
9510363,,,40,1,41,40,1,41,31,0.068789,0.076847,0.000044,0.088415,7,0.102478
9509428,,,27,2,29,27,2,29,31,0.069654,0.079056,0.000091,0.12069,7,0.072558
9511462,,,8,2,10,8,2,10,31,0.069656,0.079085,0.000014,0.111111,7,0.013296
1196,,,2,8,10,2,8,10,31,0.071186,0.087391,0.000083,0.222222,8,0.001136
9911207,,,7,6,13,7,6,13,32,0.067708,0.085443,0.000026,0.173077,8,0.004749
9912490,,,1,5,6,1,5,6,33,0.062729,0.073921,0.000001,0.2,8,0.000622
11122,,,2,33,35,2,33,35,28,0.088472,0.120139,0.000013,0.058824,8,0.001136
9910250,,,12,15,27,12,15,27,31,0.073597,0.097914,0.000317,0.210769,8,0.010627
9911504,,,4,13,17,4,13,17,31,0.073682,0.098906,0.000438,0.175,8,0.003369
9612398,,,42,3,45,42,3,45,40,0.044446,0.049552,0.000163,0.102525,8,0.073033
9706526,,,25,1,26,25,1,26,40,0.04444,0.049347,0.000001,0.127692,11,0.02797
9707263,,,24,3,27,24,3,27,35,0.055985,0.063702,0.000014,0.160969,8,0.05428
9708452,,,5,4,9,5,4,9,31,0.071354,0.087181,0.000056,0.166667,8,0.00497
9408366,,,17,1,18,17,1,18,38,0.048751,0.055482,0.002439,0.03268,8,0.026205
9805233,,,9,6,15,9,6,15,34,0.059463,0.070044,0.000083,0.271429,8,0.017446
9711223,,,37,5,42,37,5,42,34,0.059455,0.069926,0.000182,0.120209,8,0.062174
9810489,,,8,7,15,8,7,15,32,0.069283,0.093929,0.000405,0.131868,11,0.013662
9905386,,,19,8,27,19,8,27,31,0.076678,0.101403,0.000617,0.112536,11,0.026147
1200,,,2,9,11,2,9,11,33,0.06367,0.07934,0.000008,0.209091,7,0.001734
9702384,,,13,1,14,13,1,14,41,0.042557,0.047032,0.000158,0.126374,7,0.010482
9705467,,,21,8,29,21,8,29,34,0.059218,0.068735,0.000014,0.092365,7,0.021615
9807461,,,5,8,13,5,8,13,33,0.064045,0.081179,0.000021,0.224359,7,0.003929
9804377,,,13,12,25,13,12,25,32,0.067113,0.083834,0.000364,0.13,7,0.009887
9706265,,,19,5,24,19,5,24,33,0.062834,0.073406,0.000091,0.097826,7,0.018238
9705223,,,11,1,12,11,1,12,42,0.040823,0.044608,0.000069,0.166667,7,0.009321
9809308,,,6,3,9,6,3,9,34,0.059205,0.068488,0.00016,0.083333,1,0.003972
9605342,,,52,4,56,52,4,56,32,0.066959,0.079935,0.000756,0.032792,7,0.04816
9706271,,,17,6,23,17,6,23,33,0.063476,0.077326,0.000261,0.098814,7,0.013066
1201,,,2,4,6,2,4,6,34,0.059535,0.070499,0.000079,0.2,5,0.001138
9807209,,,11,4,15,11,4,15,33,0.062988,0.074314,0.000189,0.07619,5,0.010286
9906252,,,1,11,12,1,11,12,33,0.06307,0.075381,0.000025,0.083333,5,0.000623
9807573,,,5,1,6,5,1,6,34,0.05926,0.068092,0,0.266667,3,0.005025
9702334,,,18,7,25,18,7,25,33,0.063098,0.075847,0.000944,0.063333,6,0.017835
1202,,,2,14,16,2,14,16,29,0.081459,0.102112,0.000447,0.091667,8,0.00149
9902337,,,3,14,17,3,14,17,31,0.069922,0.082491,0.000585,0.117647,13,0.00179
9909427,,,1,11,12,1,11,12,30,0.075283,0.091472,0.000014,0.151515,8,0.00064
9905217,,,4,5,9,4,5,9,31,0.06996,0.080586,0.000081,0.125,13,0.002516
9807297,,,23,8,31,23,8,31,33,0.062548,0.073066,0.000765,0.05914,8,0.018573
9802440,,,49,4,53,49,4,53,34,0.057816,0.06362,0.000683,0.109942,8,0.051658
9801321,,,1,2,3,1,2,3,32,0.064412,0.071146,0.000079,0,13,0.00064
9903527,,,3,4,7,3,4,7,34,0.059389,0.069491,0.000002,0.238095,8,0.001781
9802350,,,28,7,35,28,7,35,34,0.059355,0.069455,0.000207,0.059664,8,0.023504
9912367,,,6,18,24,6,18,24,28,0.086169,0.109431,0.001237,0.186594,8,0.004763
9709264,,,12,1,13,12,1,13,30,0.073876,0.084163,0.000883,0.108974,13,0.013115
9906322,,,28,4,32,28,4,32,33,0.062174,0.072056,0.000009,0.129032,8,0.024727
9909203,,,24,15,39,24,15,39,30,0.077056,0.096567,0.000603,0.151822,8,0.019404
9809433,,,22,16,38,22,16,38,32,0.06663,0.080393,0.000105,0.124467,8,0.02026
1203,,,14,3,17,14,3,17,29,0.079776,0.093181,0.000023,0.047794,6,0.011561
9607245,,,20,2,22,20,2,22,28,0.086657,0.10423,0.000204,0.136364,10,0.020658
9902207,,,3,1,4,3,1,4,28,0.086655,0.104167,0.000044,0.166667,10,0.002573
1204,,,12,34,46,12,34,46,24,0.114203,0.156838,0.000753,0.0657,4,0.012306
9903299,,,3,10,13,3,10,13,31,0.071722,0.089496,0.000093,0.102564,5,0.002726
9805448,,,14,8,22,14,8,22,33,0.063726,0.080699,0.000417,0.138528,4,0.020106
9603212,,,49,10,59,49,10,59,32,0.067011,0.080546,0.002498,0.070134,4,0.070578
9808400,,,26,3,29,26,3,29,32,0.066335,0.078429,0.000007,0.118227,5,0.02405
9909265,,,30,38,68,30,38,68,32,0.070994,0.105915,0.000343,0.063652,4,0.034665
9603347,,,4,1,5,4,1,5,33,0.062805,0.073081,0,0.15,4,0.005733
9703317,,,40,14,54,40,14,54,32,0.066729,0.081009,0.000954,0.078267,4,0.058532
9806486,,,13,14,27,13,14,27,30,0.076044,0.094577,0.0004,0.148148,5,0.01196
9509272,,,9,2,11,9,2,11,41,0.042536,0.04668,0.000219,0.109091,4,0.041953
9506461,,,43,1,44,43,1,44,42,0.040801,0.044339,0.000395,0.081924,5,0.066016
9906462,,,9,10,19,9,10,19,31,0.073205,0.098518,0.000065,0.232026,5,0.008046
9811237,,,11,30,41,11,30,41,30,0.077232,0.101336,0.000305,0.088415,5,0.009743
9909222,,,6,26,32,6,26,32,28,0.087842,0.121668,0.000589,0.113911,5,0.005615
9805486,,,7,15,22,7,15,22,32,0.067728,0.086906,0.001157,0.136364,4,0.007471
9603247,,,26,1,27,26,1,27,43,0.039204,0.042293,0,0.132479,5,0.036749
9912369,,,5,101,106,5,101,106,23,0.123202,0.168008,0.011502,0.060647,7,0.005279
9707451,,,20,35,55,20,35,55,32,0.067395,0.087081,0.001199,0.059933,4,0.025647
1205,,,1,2,3,1,2,3,37,0.049906,0.054368,0,0.333333,0,0.000573
9804206,,,3,1,4,3,1,4,38,0.047554,0.051356,0,0.25,0,0.002094
9803367,,,5,1,6,5,1,6,36,0.052473,0.057435,0.000079,0.1,0,0.003726
1206,,,4,1,5,4,1,5,44,0.037742,0.040604,0,0.15,11,0.002733
9602231,,,1,3,4,1,3,4,43,0.03922,0.042644,0.000001,0.166667,4,0.00513
1208,,,5,8,13,5,8,13,25,0.089673,0.108345,0.000002,0.24359,2,0.007354
9909425,,,44,13,57,44,13,57,24,0.096892,0.122076,0.000096,0.169173,2,0.084189
9703351,,,72,1,73,72,1,73,47,0.033917,0.036173,0.000006,0.125761,2,0.192895
9706281,,,53,4,57,53,4,57,46,0.035113,0.037896,0.000011,0.159461,2,0.153393
9808327,,,29,7,36,29,7,36,32,0.067858,0.085492,0.000435,0.065079,2,0.064209
9903308,,,72,7,79,72,7,79,24,0.094742,0.117434,0.000211,0.077897,2,0.134163
9812351,,,6,5,11,6,5,11,33,0.063567,0.077194,0.000001,0.045455,2,0.004846
9602233,,,20,1,21,20,1,21,44,0.03773,0.040513,0.000277,0.128571,9,0.042397
1212,,,3,14,17,3,14,17,24,0.10284,0.115789,0.000119,0.213235,11,0.002734
9911489,,,5,8,13,5,8,13,24,0.102901,0.115476,0.000086,0.269231,11,0.00415
9912290,,,1,14,15,1,14,15,34,0.061577,0.080585,0.000003,0.252381,11,0.000726
9912261,,,11,7,18,11,7,18,34,0.060807,0.077186,0.000042,0.24183,11,0.008359
9702441,,,4,2,6,4,2,6,41,0.042542,0.046766,0,0.4,11,0.003667
9907436,,,11,7,18,11,7,18,34,0.060759,0.076774,0.000003,0.284314,11,0.008877
9602351,,,40,2,42,40,2,42,40,0.044425,0.049265,0.001892,0.077236,11,0.045429
9810416,,,10,2,12,10,2,12,35,0.056694,0.067321,0.000008,0.25,11,0.008139
9607353,,,6,1,7,6,1,7,41,0.042539,0.046649,0.000079,0.261905,11,0.004381
9911482,,,4,8,12,4,8,12,24,0.102454,0.114158,0.000357,0.227273,11,0.003761
9710299,,,3,1,4,3,1,4,42,0.040807,0.044357,0,0.416667,11,0.002307
9909214,,,7,4,11,7,4,11,24,0.102048,0.113007,0.000118,0.309091,11,0.005794
9912447,,,3,16,19,3,16,19,25,0.095217,0.109203,0.000138,0.178363,11,0.001873
9602238,,,31,2,33,31,2,33,42,0.040821,0.0447,0.000204,0.023674,6,0.04186
1215,,,2,3,5,2,3,5,28,0.081424,0.099639,0.000128,0.25,4,0.001374
1216,,,7,20,27,7,20,27,30,0.074022,0.095226,0.000476,0.245014,0,0.005056
9906259,,,16,16,32,16,16,32,29,0.075772,0.096572,0.000713,0.180645,0,0.013362
9710436,,,36,13,49,36,13,49,31,0.069925,0.080969,0.000343,0.159864,0,0.049181
9903478,,,21,11,32,21,11,32,30,0.075072,0.098899,0.000793,0.221774,0,0.018609
9912307,,,5,8,13,5,8,13,30,0.075272,0.093137,0.000455,0.372727,0,0.004706
9911463,,,4,27,31,4,27,31,30,0.074084,0.095169,0.000328,0.183871,0,0.003017
9810313,,,22,13,35,22,13,35,31,0.071462,0.08707,0.000219,0.236134,0,0.026014
9905239,,,16,16,32,16,16,32,30,0.072228,0.091448,0.000015,0.216734,0,0.014066
9710543,,,12,10,22,12,10,22,31,0.069892,0.080672,0.000062,0.238095,0,0.017673
9805264,,,21,24,45,21,24,45,31,0.071104,0.087491,0.00011,0.139394,0,0.026107
9912305,,,7,26,33,7,26,33,29,0.076797,0.100322,0.000398,0.24023,0,0.007088
9912306,,,9,13,22,9,13,22,30,0.07391,0.094196,0.000171,0.313158,0,0.007868
9610259,,,39,1,40,39,1,40,36,0.052467,0.057409,0.000155,0.147436,0,0.07231
9707351,,,21,6,27,21,6,27,31,0.069769,0.079829,0.000208,0.216524,0,0.035063
9901304,,,19,5,24,19,5,24,32,0.067139,0.080776,0,0.274704,0,0.021702
9907545,,,16,17,33,16,17,33,30,0.073714,0.092262,0.000155,0.200758,0,0.014495
9610415,,,34,3,37,34,3,37,35,0.055378,0.061498,0.000479,0.095345,0,0.035225
9810216,,,34,12,46,34,12,46,31,0.071959,0.090049,0.00089,0.165152,0,0.040772
1218,,,2,7,9,2,7,9,28,0.086894,0.105629,0.000278,0.180556,10,0.001377
9911432,,,2,3,5,2,3,5,29,0.079802,0.093289,0,0.3,10,0.001443
9802419,,,8,9,17,8,9,17,29,0.080217,0.09516,0.000839,0.066176,10,0.009635
9803349,,,6,8,14,6,8,14,28,0.086711,0.104824,0.000321,0.137363,10,0.004039
9509433,,,11,3,14,11,3,14,28,0.086661,0.104301,0.001824,0.142857,10,0.010306
9901354,,,4,9,13,4,9,13,28,0.086861,0.105638,0.000173,0.121795,10,0.002754
9512275,,,1,4,5,1,4,5,28,0.086707,0.104543,0.000157,0.1,10,0.000634
1219,,,2,1,3,2,1,3,32,0.068292,0.087197,0.000005,0,4,0.001285
9602245,,,15,4,19,15,4,19,40,0.04443,0.049475,0.000005,0.099415,12,0.023804
9602248,,,4,2,6,4,2,6,42,0.040807,0.044482,0.000001,0.266667,4,0.003089
9512298,,,8,3,11,8,3,11,42,0.040805,0.044487,0.000196,0.1,4,0.009604
1225,,,2,8,10,2,8,10,24,0.102021,0.130229,0.000001,0.311111,3,0.001228
9909411,,,24,12,36,24,12,36,24,0.102302,0.131714,0.000115,0.148413,3,0.032937
1226,,,3,19,22,3,19,22,24,0.1077,0.136375,0.000182,0.073593,6,0.004587
9710368,,,12,5,17,12,5,17,40,0.044505,0.050494,0.000028,0.143382,6,0.025171
9612292,,,6,9,15,6,9,15,40,0.044504,0.050779,0.000087,0.119048,6,0.010334
9806315,,,20,8,28,20,8,28,31,0.07085,0.086768,0.000224,0.128307,6,0.023749
9711410,,,2,20,22,2,20,22,32,0.067675,0.087361,0.00001,0.064935,6,0.001906
9809523,,,8,6,14,8,6,14,31,0.072038,0.091087,0.00077,0.043956,5,0.007423
9910456,,,6,7,13,6,7,13,26,0.091568,0.109341,0.000007,0.24359,3,0.009144
9808287,,,15,17,32,15,17,32,30,0.077348,0.102093,0.000559,0.078629,6,0.029259
1227,,,2,3,5,2,3,5,28,0.092256,0.113006,0.000072,0.2,1,0.001135
1312,,,15,34,49,15,34,49,28,0.09499,0.123873,0.001234,0.074025,1,0.011206
2250,,,12,20,32,12,20,32,27,0.099449,0.125986,0.001511,0.187356,1,0.010627
1229,,,18,20,38,18,20,38,28,0.084265,0.111472,0.000065,0.145804,6,0.048028
9812346,,,7,4,11,7,4,11,33,0.063636,0.079914,0.000071,0.218182,11,0.008729
9901351,,,11,7,18,11,7,18,31,0.071861,0.091401,0.000045,0.081699,6,0.013897
9712234,,,30,15,45,30,15,45,31,0.071953,0.093238,0.002012,0.078788,6,0.061765
9803451,,,13,41,54,13,41,54,32,0.068748,0.096895,0.000154,0.098183,6,0.032313
9812399,,,5,23,28,5,23,28,31,0.071319,0.089035,0.000598,0.079365,12,0.01166
9801425,,,7,22,29,7,22,29,32,0.068447,0.093292,0.000365,0.087438,11,0.013918
9707546,,,30,21,51,30,21,51,32,0.067376,0.084982,0.000134,0.106275,6,0.078302
9805470,,,100,10,110,100,10,110,34,0.060281,0.074501,0.000168,0.05613,6,0.154992
9602255,,,19,4,23,19,4,23,39,0.046498,0.052391,0.000498,0.05336,10,0.05557
9602256,,,5,1,6,5,1,6,42,0.040804,0.044416,0,0.166667,1,0.005922
9602259,,,13,1,14,13,1,14,28,0.086655,0.104167,0.004145,0.049451,10,0.013523
9406311,,,11,1,12,11,1,12,27,0.094873,0.119322,0.005697,0.037879,10,0.009702
9607448,,,23,6,29,23,6,29,34,0.058699,0.066837,0.008001,0.134236,4,0.071287
9412278,,,41,1,42,41,1,42,43,0.039205,0.04228,0.002229,0.03252,2,0.136787
9506359,,,37,1,38,37,1,38,43,0.039211,0.042375,0.00021,0.072546,4,0.053123
1237,,,2,2,4,2,2,4,32,0.067022,0.08188,0.000001,0.25,8,0.00182
9602262,,,38,3,41,38,3,41,40,0.044438,0.049621,0.000458,0.092683,1,0.081675
9507284,,,52,4,56,52,4,56,40,0.044433,0.049589,0.000988,0.06039,1,0.140842
9511454,,,54,4,58,54,4,58,41,0.04255,0.047137,0.000138,0.077435,1,0.111821
9602263,,,11,2,13,11,2,13,42,0.040819,0.044697,0.001184,0.089744,0,0.021699
9602265,,,30,1,31,30,1,31,42,0.040817,0.04458,0.000086,0.115054,1,0.066876
9508408,,,26,2,28,26,2,28,41,0.042552,0.047023,0.000186,0.099206,1,0.070682
1242,,,1,5,6,1,5,6,27,0.084167,0.102658,0,0.2,13,0.000568
9702210,,,18,2,20,18,2,20,30,0.073928,0.084312,0.000085,0.094737,13,0.012916
9906443,,,3,13,16,3,13,16,30,0.074822,0.088585,0.000791,0.083333,13,0.001897
9909229,,,7,31,38,7,31,38,26,0.09183,0.117533,0.013776,0.061878,13,0.004566
9907502,,,4,8,12,4,8,12,29,0.079824,0.09375,0.000027,0.227273,13,0.002865
9802211,,,3,3,6,3,3,6,30,0.073905,0.084384,0.000158,0.1,13,0.001956
9602267,,,12,2,14,12,2,14,42,0.040822,0.044795,0.000001,0.153846,4,0.05911
1244,,,5,4,9,5,4,9,29,0.084632,0.100876,0.000045,0.208333,1,0.003697
9809211,,,11,1,12,11,1,12,30,0.078329,0.091195,0.000164,0.19697,1,0.012913
9712523,,,4,3,7,4,3,7,30,0.075069,0.087884,0.000209,0.071429,1,0.003056
9911237,,,11,12,23,11,12,23,28,0.090941,0.112232,0.000507,0.110672,1,0.007783
11130,,,1,18,19,1,18,19,25,0.097556,0.118208,0.000079,0.196078,2,0.000755
9608256,,,32,1,33,32,1,33,45,0.036358,0.038776,0.000081,0.089962,2,0.053262
9707296,,,10,1,11,10,1,11,46,0.035085,0.037252,0,0.154545,0,0.008943
2151,,,7,18,25,7,18,25,24,0.107448,0.134284,0.000755,0.12,2,0.004307
9611465,,,35,6,41,35,6,41,40,0.043723,0.048146,0.00184,0.025,2,0.128936
9905450,,,3,16,19,3,16,19,25,0.087767,0.105571,0.000004,0.192982,2,0.003129
9904428,,,11,10,21,11,10,21,34,0.059806,0.072874,0.000011,0.12619,2,0.011341
9802415,,,6,7,13,6,7,13,33,0.063303,0.077054,0.000462,0.173077,2,0.009724
9706385,,,16,5,21,16,5,21,41,0.041938,0.046134,0.000009,0.161905,2,0.031574
9904502,,,2,2,4,2,2,4,35,0.055956,0.064324,0,0.333333,2,0.001331
9903511,,,11,11,22,11,11,22,26,0.081063,0.095625,0.00002,0.181818,2,0.012906
9802201,,,47,9,56,47,9,56,36,0.053303,0.061653,0.000817,0.064935,2,0.237884
9904284,,,2,6,8,2,6,8,33,0.064103,0.083119,0.000003,0.196429,0,0.001144
103229,,,4,13,17,4,13,17,24,0.098978,0.119622,0.000297,0.166667,2,0.002772
9710526,,,8,6,14,8,6,14,34,0.059168,0.069659,0.000031,0.186813,0,0.005862
9602270,,,6,2,8,6,2,8,44,0.037735,0.040654,0.000007,0.071429,9,0.007885
9602272,,,23,11,34,23,11,34,39,0.046511,0.053117,0.00008,0.11943,12,0.02887
9512213,,,4,8,12,4,8,12,39,0.046503,0.052798,0,0.242424,12,0.005144
9509432,,,29,8,37,29,8,37,40,0.044434,0.049757,0.000088,0.119369,12,0.066356
9510207,,,15,1,16,15,1,16,41,0.042534,0.046577,0.000079,0.108333,12,0.018019
1249,,,15,7,22,15,7,22,23,0.117556,0.137804,0.000093,0.300866,4,0.018002
9610544,,,83,3,86,83,3,86,35,0.056289,0.06462,0.000538,0.029549,6,0.116411
9904250,,,39,6,45,39,6,45,28,0.084059,0.101757,0.000473,0.132323,4,0.06318
9912390,,,22,28,50,22,28,50,23,0.121043,0.148667,0.000351,0.138367,4,0.027291
9907319,,,48,45,93,48,45,93,22,0.130928,0.159726,0.003754,0.076671,4,0.080979
9904378,,,55,13,68,55,13,68,28,0.084461,0.105048,0.001118,0.108428,4,0.082653
1250,,,1,2,3,1,2,3,33,0.065094,0.084969,0,0.333333,4,0.000579
9903264,,,5,14,19,5,14,19,33,0.063916,0.082621,0.000039,0.140351,9,0.003534
9602275,,,8,2,10,8,2,10,39,0.046502,0.052516,0.000264,0.155556,12,0.020368
1253,,,9,27,36,9,27,36,25,0.104826,0.132971,0.000618,0.173016,7,0.009066
9806348,,,55,22,77,55,22,77,31,0.072475,0.096731,0.00055,0.156699,7,0.105571
9705356,,,42,17,59,42,17,59,30,0.076331,0.096549,0.001323,0.085622,7,0.063925
9711246,,,66,18,84,66,18,84,31,0.072487,0.097861,0.002756,0.130952,7,0.155682
9905296,,,18,30,48,18,30,48,31,0.073542,0.102669,0.000294,0.128546,7,0.020381
9801363,,,24,9,33,24,9,33,31,0.071564,0.089702,0.000753,0.096591,7,0.029202
9903447,,,16,21,37,16,21,37,31,0.073404,0.100969,0.000161,0.206456,7,0.015563
9712224,,,81,13,94,81,13,94,31,0.072489,0.097328,0.002191,0.109128,7,0.188798
9612446,,,68,27,95,68,27,95,30,0.076116,0.095056,0.002552,0.077828,7,0.189224
9712287,,,71,7,78,71,7,78,31,0.071779,0.090681,0.000116,0.111888,7,0.164341
9906274,,,19,25,44,19,25,44,26,0.099304,0.126981,0.000791,0.214839,7,0.019698
9908202,,,17,18,35,17,18,35,26,0.095826,0.120258,0.000399,0.12605,7,0.024418
9711469,,,69,4,73,69,4,73,31,0.071891,0.091617,0.000093,0.129186,7,0.177186
9903535,,,70,37,107,70,37,107,24,0.112625,0.142751,0.003792,0.04955,7,0.092331
9812209,,,13,14,27,13,14,27,31,0.073071,0.099999,0.000725,0.088319,7,0.016566
9903540,,,11,22,33,11,22,33,26,0.095103,0.117148,0.000366,0.173387,7,0.010987
9804254,,,21,8,29,21,8,29,31,0.07156,0.089576,0.000037,0.137931,7,0.022266
9711262,,,63,18,81,63,18,81,31,0.071916,0.093268,0.000307,0.13642,7,0.168919
1255,,,3,4,7,3,4,7,33,0.063275,0.076412,0.00008,0.071429,8,0.001749
9802299,,,42,4,46,42,4,46,32,0.065737,0.076007,0.000698,0.056039,8,0.059663
9810475,,,24,5,29,24,5,29,32,0.067448,0.083977,0.000176,0.086207,8,0.02509
9912548,,,3,35,38,3,35,38,28,0.089089,0.116846,0.000197,0.118065,10,0.001956
9910438,,,15,19,34,15,19,34,29,0.081768,0.101928,0.000643,0.177362,10,0.009916
9806303,,,23,15,38,23,15,38,30,0.0771,0.099573,0.003319,0.024182,10,0.02364
9905309,,,19,9,28,19,9,28,30,0.075598,0.091319,0.000094,0.19709,10,0.014509
9505397,,,53,8,61,53,8,61,39,0.0465,0.052773,0.001343,0.074044,7,0.267369
1259,,,7,10,17,7,10,17,31,0.072089,0.091893,0.000286,0.209559,8,0.004568
9908355,,,7,4,11,7,4,11,32,0.066734,0.080367,0.000207,0.227273,8,0.005096
9902372,,,13,5,18,13,5,18,33,0.063561,0.0779,0.0004,0.104575,8,0.009547
9810517,,,10,4,14,10,4,14,33,0.061707,0.070154,0.000001,0.214286,8,0.007715
9907224,,,10,15,25,10,15,25,31,0.071679,0.089669,0.001121,0.143116,8,0.007224
9908260,,,8,9,17,8,9,17,30,0.075449,0.090951,0.000549,0.2125,8,0.00623
9711387,,,26,5,31,26,5,31,35,0.056045,0.06425,0.000188,0.095699,8,0.021026
1260,,,1,25,26,1,25,26,27,0.092462,0.120374,0.000679,0.096923,8,0.000906
9812352,,,2,4,6,2,4,6,41,0.042613,0.047552,0,0.2,8,0.001156
9712517,,,26,5,31,26,5,31,36,0.053082,0.059855,0.000097,0.123656,8,0.034147
9903244,,,8,4,12,8,4,12,34,0.05889,0.067371,0.000677,0.075758,8,0.006561
9809427,,,24,20,44,24,20,44,31,0.070811,0.086766,0.000284,0.10148,8,0.020363
9808340,,,21,8,29,21,8,29,35,0.056509,0.067557,0.000041,0.174877,8,0.023633
9908317,,,21,12,33,21,12,33,30,0.077273,0.10124,0.000534,0.19697,8,0.017992
9901281,,,36,11,47,36,11,47,34,0.05916,0.070125,0.000067,0.134135,8,0.033852
9904404,,,43,6,49,43,6,49,32,0.066185,0.078071,0.000247,0.105867,8,0.039925
9905214,,,27,18,45,27,18,45,31,0.071903,0.091082,0.000436,0.150505,8,0.020658
9602285,,,5,2,7,5,2,7,40,0.044428,0.049226,0.000014,0.047619,8,0.004321
9506355,,,3,1,4,3,1,4,39,0.046487,0.052074,0.000039,0.166667,8,0.002516
11133,,,3,3,6,3,3,6,28,0.084128,0.098667,0.000327,0.2,8,0.002101
9604313,,,47,14,61,47,14,61,38,0.048777,0.056744,0.000054,0.125137,5,0.087096
10146,,,8,10,18,8,10,18,27,0.091813,0.11214,0.000345,0.150327,8,0.006434
9910545,,,10,6,16,10,6,16,32,0.069042,0.089841,0.000015,0.154167,8,0.009424
1264,,,17,45,62,17,45,62,24,0.11205,0.152578,0.003157,0.064516,2,0.016824
9912457,,,51,20,71,51,20,71,24,0.10629,0.134487,0.002572,0.115114,2,0.081171
9905240,,,31,1,32,31,1,32,27,0.083176,0.095958,0.000009,0.204637,2,0.075765
9909395,,,3,37,40,3,37,40,24,0.10114,0.132734,0.000016,0.192308,2,0.005498
9907222,,,4,79,83,4,79,83,24,0.103838,0.13899,0.000295,0.035998,2,0.007991
9803415,,,43,4,47,43,4,47,38,0.048656,0.055783,0.000012,0.106383,2,0.169529
9901208,,,33,85,118,33,85,118,23,0.111601,0.148587,0.008264,0.041576,2,0.062196
9910554,,,13,10,23,13,10,23,24,0.099401,0.123563,0.000043,0.225296,2,0.03609
9910428,,,32,29,61,32,29,61,24,0.09984,0.128609,0.000866,0.114208,2,0.044664
9910365,,,33,72,105,33,72,105,23,0.110234,0.154509,0.002719,0.042102,2,0.044654
9909469,,,50,13,63,50,13,63,24,0.095629,0.118938,0.000142,0.168203,2,0.088004
9906487,,,70,42,112,70,42,112,23,0.104819,0.13519,0.001039,0.08462,2,0.131214
9912397,,,4,4,8,4,4,8,25,0.094939,0.116677,0.000021,0.196429,2,0.006613
9906516,,,31,11,42,31,11,42,24,0.094656,0.117136,0.00006,0.191638,2,0.066217
9809401,,,29,2,31,29,2,31,34,0.059647,0.071265,0.00001,0.072043,2,0.087315
9907296,,,10,36,46,10,36,46,23,0.101445,0.128591,0.004889,0.062121,2,0.051808
9911524,,,61,35,96,61,35,96,24,0.104976,0.136758,0.001296,0.093852,2,0.098067
9705451,,,21,2,23,21,2,23,42,0.040216,0.043309,0.000237,0.035573,2,0.022641
9903472,,,13,34,47,13,34,47,24,0.101435,0.129861,0.000846,0.023589,2,0.010535
9904248,,,45,16,61,45,16,61,28,0.085401,0.104304,0.001345,0.055191,2,0.059647
1266,,,5,8,13,5,8,13,31,0.073183,0.097528,0.000001,0.230769,7,0.010642
9810271,,,5,8,13,5,8,13,31,0.07191,0.092083,0.000002,0.205128,7,0.00608
9806278,,,24,13,37,24,13,37,31,0.072322,0.094884,0.000081,0.162162,7,0.045975
9804363,,,91,45,136,91,45,136,30,0.077738,0.107315,0.004797,0.052778,7,0.134003
1267,,,2,19,21,2,19,21,30,0.082188,0.110782,0.000104,0.107143,6,0.00126
9811489,,,27,25,52,27,25,52,29,0.088438,0.121161,0.002009,0.116578,6,0.047488
9604452,,,91,4,95,91,4,95,42,0.040835,0.044989,0.000129,0.098208,4,0.319525
9903238,,,17,8,25,17,8,25,30,0.078926,0.105105,0.000182,0.157609,6,0.029492
9809223,,,17,9,26,17,9,26,31,0.072868,0.097594,0.000076,0.103077,6,0.016913
9712393,,,5,1,6,5,1,6,43,0.039213,0.042389,0,0.166667,6,0.005744
9907530,,,1,11,12,1,11,12,31,0.076621,0.101226,0,0.234848,4,0.000628
9901231,,,8,13,21,8,13,21,30,0.078164,0.107018,0.000387,0.104762,6,0.005922
9907505,,,20,11,31,20,11,31,30,0.082023,0.109075,0.00002,0.153941,6,0.032253
9906233,,,27,17,44,27,17,44,30,0.08242,0.112077,0.001144,0.130662,6,0.037242
9902201,,,9,26,35,9,26,35,30,0.082257,0.112897,0.00049,0.10084,6,0.010037
9904282,,,31,14,45,31,14,45,30,0.082101,0.110507,0.001214,0.095792,6,0.059747
9812233,,,14,6,20,14,6,20,32,0.068067,0.089148,0.000116,0.113158,4,0.014343
9907518,,,8,6,14,8,6,14,31,0.071892,0.089698,0.000101,0.104396,6,0.007916
9907519,,,9,2,11,9,2,11,36,0.053297,0.060138,0,0.1,6,0.007527
1268,,,15,8,23,15,8,23,32,0.067646,0.084335,0.00009,0.162055,8,0.010472
9704342,,,13,1,14,13,1,14,43,0.039227,0.042497,0.000079,0.203297,8,0.011723
9711486,,,8,1,9,8,1,9,44,0.037749,0.040615,0.000004,0.125,8,0.006638
9801277,,,2,5,7,2,5,7,35,0.055922,0.063463,0,0.214286,8,0.002
9902302,,,3,7,10,3,7,10,32,0.067678,0.084986,0.00007,0.033333,8,0.002738
1269,,,1,11,12,1,11,12,28,0.082318,0.10283,0,0.310606,11,0.000568
9905472,,,18,32,50,18,32,50,27,0.089373,0.116845,0.001235,0.079184,11,0.015663
9802241,,,48,8,56,48,8,56,33,0.063051,0.075042,0.000699,0.06461,11,0.064943
9611363,,,71,5,76,71,5,76,40,0.044465,0.050298,0.000458,0.054386,11,0.103942
9802374,,,27,8,35,27,8,35,34,0.060618,0.077099,0.000178,0.089916,11,0.03668
9708311,,,50,3,53,50,3,53,41,0.042576,0.047455,0.00003,0.051161,11,0.07039
9901386,,,18,15,33,18,15,33,33,0.064005,0.08172,0.000156,0.098485,6,0.025465
9711308,,,55,8,63,55,8,63,34,0.060137,0.07284,0.000121,0.049923,6,0.113093
9803453,,,32,8,40,32,8,40,34,0.060124,0.073711,0.000163,0.080769,11,0.043241
9603374,,,66,2,68,66,2,68,40,0.044426,0.049289,0.00031,0.059482,11,0.11323
1270,,,1,4,5,1,4,5,32,0.067664,0.08332,0.000007,0.25,8,0.000576
9806352,,,10,6,16,10,6,16,31,0.071304,0.086073,0.001557,0.066667,8,0.00905
9901376,,,7,10,17,7,10,17,32,0.066748,0.079541,0.000394,0.128676,8,0.004981
9911334,,,2,17,19,2,17,19,32,0.067827,0.08633,0.000209,0.122807,8,0.001135
9806342,,,15,4,19,15,4,19,41,0.042631,0.047777,0.000035,0.131579,8,0.014007
1271,,,3,5,8,3,5,8,30,0.074524,0.0863,0.000037,0.214286,10,0.00189
9604416,,,32,2,34,32,2,34,39,0.046493,0.052216,0.000288,0.088235,10,0.03276
9803242,,,32,6,38,32,6,38,29,0.080421,0.095103,0.001889,0.121429,10,0.032434
9607378,,,11,3,14,11,3,14,40,0.044445,0.049642,0.000008,0.120879,10,0.012759
9805334,,,19,7,26,19,7,26,29,0.080055,0.094296,0.000147,0.138462,10,0.014809
9701389,,,14,7,21,14,7,21,39,0.046516,0.052784,0.000174,0.15,10,0.015816
1272,,,2,12,14,2,12,14,29,0.081774,0.102686,0.000087,0.285714,8,0.001895
9910464,,,6,13,19,6,13,19,30,0.076763,0.097786,0.00014,0.184211,8,0.005126
9809443,,,17,18,35,17,18,35,29,0.081656,0.103216,0.000554,0.107563,8,0.013836
9909541,,,12,15,27,12,15,27,30,0.076979,0.098812,0.000276,0.175214,8,0.009865
9908425,,,9,13,22,9,13,22,29,0.081865,0.103521,0.000499,0.19697,8,0.007152
9609226,,,11,3,14,11,3,14,28,0.08673,0.104807,0.00862,0.098901,8,0.011517
9707500,,,10,6,16,10,6,16,29,0.080675,0.096626,0.000037,0.233333,8,0.009407
9804436,,,15,11,26,15,11,26,29,0.080873,0.09802,0.000267,0.212308,8,0.013121
9712447,,,3,9,12,3,9,12,29,0.080944,0.098504,0.00006,0.272727,8,0.003848
1273,,,5,9,14,5,9,14,24,0.106184,0.13898,0.00055,0.043956,2,0.003301
9908433,,,24,19,43,24,19,43,25,0.093985,0.11797,0.00207,0.062195,11,0.018493
9910227,,,2,3,5,2,3,5,33,0.062824,0.073906,0.000002,0.15,6,0.001375
9910213,,,5,14,19,5,14,19,28,0.08445,0.104438,0.000363,0.05848,2,0.004002
9811309,,,3,6,9,3,6,9,32,0.068663,0.09057,0.000006,0.069444,2,0.002417
9910383,,,2,13,15,2,13,15,24,0.109726,0.142629,0.000209,0.066667,2,0.001508
9906381,,,20,9,29,20,9,29,23,0.101945,0.128032,0.000147,0.12931,2,0.03044
1274,,,10,17,27,10,17,27,30,0.073297,0.09444,0.000219,0.173789,0,0.007811
9607382,,,9,6,15,9,6,15,33,0.062258,0.071454,0.000824,0.204762,0,0.01484
9708393,,,56,8,64,56,8,64,32,0.066862,0.080765,0.000117,0.097222,0,0.107158
9608350,,,33,5,38,33,5,38,34,0.058617,0.066087,0.000906,0.137269,0,0.061102
9602299,,,55,1,56,55,1,56,41,0.042554,0.046841,0.000211,0.100974,6,0.202397
1279,,,1,7,8,1,7,8,30,0.075789,0.091536,0.000079,0.410714,10,0.000632
9911520,,,1,12,13,1,12,13,30,0.075541,0.091049,0.000001,0.282051,10,0.000571
9706450,,,21,8,29,21,8,29,29,0.081056,0.0975,0.000354,0.197044,10,0.020568
9602304,,,1,2,3,1,2,3,40,0.044427,0.049258,0,0.5,11,0.000672
1281,,,1,2,3,1,2,3,28,0.086809,0.105007,0.000007,0,10,0.000641
9901374,,,4,5,9,4,5,9,29,0.080268,0.095376,0.000064,0.097222,10,0.002456
9602307,,,25,1,26,25,1,26,44,0.03773,0.040513,0.001049,0.12,2,0.049887
1284,,,1,1,2,1,1,2,33,0.064062,0.082655,0.000037,0,13,0.000863
9807278,,,72,55,127,72,55,127,32,0.068443,0.096323,0.004298,0.029496,0,0.096589
1285,,,1,19,20,1,19,20,26,0.095512,0.121121,0.000003,0.273684,3,0.002548
9911457,,,37,10,47,37,10,47,25,0.097301,0.124485,0.00019,0.16605,3,0.043268
9810280,,,53,8,61,53,8,61,32,0.068491,0.090748,0.000563,0.101366,3,0.158682
9909481,,,18,12,30,18,12,30,26,0.094513,0.117587,0.000049,0.257471,3,0.020355
9912266,,,16,13,29,16,13,29,26,0.091899,0.116114,0.00001,0.259852,3,0.013247
9910498,,,15,9,24,15,9,24,27,0.088605,0.109684,0.000006,0.219203,3,0.02112
9905487,,,35,11,46,35,11,46,26,0.092087,0.110163,0.000206,0.168687,3,0.069482
9906513,,,43,24,67,43,24,67,26,0.096835,0.125686,0.00103,0.130258,3,0.073824
9911406,,,48,43,91,48,43,91,25,0.10086,0.13524,0.001624,0.087546,3,0.051836
9909496,,,6,9,15,6,9,15,27,0.088547,0.109561,0.000002,0.258242,3,0.010959
9906523,,,38,7,45,38,7,45,27,0.088544,0.109605,0.000083,0.162262,3,0.060796
1286,,,17,42,59,17,42,59,26,0.106543,0.134689,0.001335,0.11806,1,0.013526
9810496,,,15,9,24,15,9,24,32,0.067943,0.086747,0.000089,0.237319,1,0.020335
9703298,,,45,3,48,45,3,48,30,0.074362,0.085624,0.003419,0.125,1,0.086755
9804227,,,45,12,57,45,12,57,32,0.067916,0.086923,0.000316,0.130013,1,0.076356
9704325,,,29,3,32,29,3,32,31,0.070537,0.08232,0.000816,0.154234,1,0.065888
9804241,,,56,14,70,56,14,70,31,0.072276,0.094069,0.000738,0.127122,1,0.086594
9712467,,,20,6,26,20,6,26,30,0.075177,0.089439,0.000015,0.247692,1,0.020991
9712302,,,46,5,51,46,5,51,31,0.071295,0.087501,0.000457,0.116078,1,0.073076
9903322,,,8,6,14,8,6,14,32,0.067022,0.081706,0,0.324176,1,0.011479
9610534,,,36,1,37,36,1,37,29,0.079747,0.092859,0.01417,0.159159,1,0.06717
9907240,,,35,28,63,35,28,63,27,0.097325,0.121367,0.003017,0.128415,1,0.041159
9612329,,,14,3,17,14,3,17,41,0.042544,0.046902,0.000006,0.106618,1,0.025522
9608491,,,46,4,50,46,4,50,31,0.07084,0.083998,0.00247,0.130918,1,0.08216
9701294,,,53,1,54,53,1,54,30,0.07386,0.084003,0.005768,0.119846,1,0.090143
9805424,,,38,14,52,38,14,52,30,0.075659,0.091681,0.001326,0.153878,1,0.056917
9707313,,,27,8,35,27,8,35,29,0.080769,0.09687,0.00624,0.215966,1,0.055423
9804275,,,20,54,74,20,54,74,31,0.071875,0.094044,0.000797,0.064791,1,0.034478
9708372,,,25,8,33,25,8,33,32,0.067304,0.083426,0.000197,0.109848,1,0.045994
9708223,,,16,2,18,16,2,18,42,0.040807,0.044482,0.000173,0.114379,1,0.019792
9810235,,,5,16,21,5,16,21,30,0.078255,0.095588,0.00001,0.209524,1,0.00648
9911434,,,20,41,61,20,41,61,26,0.104657,0.133729,0.007539,0.113388,1,0.018681
1287,,,5,15,20,5,15,20,31,0.07322,0.099163,0.003333,0.184211,8,0.004576
9708484,,,3,6,9,3,6,9,32,0.067135,0.081769,0.000006,0.097222,8,0.003354
9908500,,,1,20,21,1,20,21,31,0.073275,0.099779,0.002747,0.02619,8,0.00087
9801300,,,16,8,24,16,8,24,31,0.071912,0.092042,0.002068,0.063406,8,0.01473
9912345,,,2,7,9,2,7,9,30,0.07574,0.092472,0.000386,0.208333,8,0.001578
9806345,,,13,3,16,13,3,16,34,0.05943,0.070018,0.000029,0.1125,8,0.009331
1290,,,14,6,20,14,6,20,30,0.077491,0.100237,0.000151,0.105263,7,0.012917
9909473,,,16,3,19,16,3,19,30,0.074974,0.087293,0.000005,0.212418,7,0.025589
1292,,,1,9,10,1,9,10,30,0.072691,0.094864,0.000083,0.233333,0,0.000671
9803412,,,3,3,6,3,3,6,34,0.058667,0.066341,0.000291,0.133333,0,0.002297
9710234,,,11,7,18,11,7,18,33,0.062301,0.071892,0.000227,0.098039,0,0.006904
9903227,,,2,8,10,2,8,10,30,0.075039,0.09852,0.000044,0.166667,0,0.001243
9902282,,,1,9,10,1,9,10,32,0.06636,0.078493,0,0.222222,0,0.000572
1293,,,8,16,24,8,16,24,25,0.106475,0.135956,0.000529,0.105072,7,0.008391
9801412,,,25,14,39,25,14,39,29,0.082031,0.104836,0.078266,0.116734,7,0.080781
9812229,,,53,24,77,53,24,77,28,0.088865,0.120605,0.000872,0.089029,6,0.084548
9907270,,,11,12,23,11,12,23,29,0.085221,0.108705,0.000365,0.136364,1,0.009914
9608365,,,52,5,57,52,5,57,32,0.067075,0.080566,0.000729,0.093358,7,0.163317
9903230,,,42,16,58,42,16,58,30,0.078205,0.107781,0.000947,0.133999,7,0.086458
9603414,,,33,2,35,33,2,35,34,0.059997,0.071236,0.000259,0.061345,1,0.066049
9711261,,,27,3,30,27,3,30,32,0.066807,0.080746,0.000168,0.044828,7,0.065317
9701278,,,30,4,34,30,4,34,33,0.063375,0.075777,0.000082,0.142602,7,0.115559
1295,,,8,12,20,8,12,20,28,0.090214,0.114068,0.000055,0.147368,1,0.006013
9805216,,,12,5,17,12,5,17,31,0.071663,0.088913,0.000369,0.102941,1,0.015267
9911461,,,6,8,14,6,8,14,29,0.085742,0.107133,0.000014,0.302198,1,0.006026
9803337,,,11,3,14,11,3,14,32,0.067393,0.082288,0.00002,0.098901,1,0.020713
9905387,,,13,16,29,13,16,29,29,0.08561,0.107145,0.000397,0.133005,12,0.010722
9809485,,,12,7,19,12,7,19,33,0.063396,0.077561,0.000256,0.084795,12,0.014595
9801330,,,17,13,30,17,13,30,34,0.060431,0.075943,0.000446,0.095402,12,0.017575
9906324,,,7,14,21,7,14,21,32,0.068177,0.088038,0.000141,0.033333,12,0.006084
9903355,,,28,5,33,28,5,33,28,0.09056,0.11037,0.001233,0.174395,1,0.038358
1296,,,4,29,33,4,29,33,23,0.113171,0.148187,0.000007,0.104167,2,0.003656
9912524,,,6,37,43,6,37,43,23,0.10651,0.139374,0.000018,0.138427,2,0.005264
9812344,,,33,5,38,33,5,38,25,0.085776,0.099743,0.000004,0.164296,2,0.087117
8019,,,54,27,81,54,27,81,24,0.116159,0.149574,0.003911,0.070525,2,0.071744
10009,,,22,28,50,22,28,50,24,0.110769,0.144577,0.000801,0.116922,2,0.03444
9810204,,,4,12,16,4,12,16,33,0.063729,0.079659,0.000016,0.05,2,0.008855
9904292,,,22,2,24,22,2,24,27,0.089684,0.107254,0.000022,0.137681,2,0.032106
9611369,,,11,1,12,11,1,12,44,0.037728,0.040446,0,0.106061,2,0.017233
11054,,,44,18,62,44,18,62,24,0.111065,0.145355,0.001497,0.086339,2,0.055648
9902392,,,19,48,67,19,48,67,22,0.109297,0.139136,0.001821,0.13659,2,0.045772
9602321,,,1,1,2,1,1,2,41,0.042535,0.046582,0,0,1,0.000634
1298,,,2,27,29,2,27,29,24,0.117555,0.152746,0.000005,0.141626,6,0.001878
9906374,,,34,23,57,34,23,57,24,0.110987,0.134885,0.000242,0.110276,7,0.046746
9808328,,,39,15,54,39,15,54,30,0.078177,0.106775,0.000416,0.077568,7,0.065619
9909325,,,26,19,45,26,19,45,25,0.10678,0.135331,0.000164,0.14899,6,0.030681
9904283,,,34,21,55,34,21,55,27,0.093444,0.121942,0.000126,0.118182,6,0.044759
9809437,,,17,13,30,17,13,30,30,0.077811,0.103247,0.000109,0.117241,7,0.035542
9908255,,,33,22,55,33,22,55,24,0.115031,0.14619,0.001556,0.123232,7,0.041657
9812337,,,27,7,34,27,7,34,31,0.072806,0.094701,0.000079,0.139929,6,0.052546
9909480,,,31,36,67,31,36,67,24,0.1174,0.15448,0.000567,0.114428,6,0.032352
9911337,,,20,15,35,20,15,35,24,0.117157,0.149916,0.000091,0.179832,6,0.020266
9908404,,,22,16,38,22,16,38,24,0.114582,0.14304,0.000872,0.164296,7,0.022854
9903544,,,26,13,39,26,13,39,31,0.073493,0.099454,0.000705,0.143725,6,0.040336
9608251,,,54,5,59,54,5,59,42,0.040865,0.045388,0.000074,0.08533,6,0.111998
1299,,,10,5,15,10,5,15,29,0.084643,0.10095,0.000258,0.161905,1,0.006239
1300,,,1,7,8,1,7,8,32,0.068833,0.09289,0.000023,0.178571,0,0.000695
9807347,,,4,15,19,4,15,19,32,0.06783,0.087577,0.000067,0.190058,4,0.002901
9903274,,,5,27,32,5,27,32,31,0.072776,0.095619,0.000125,0.232863,0,0.00405
1301,,,12,24,36,12,24,36,26,0.099809,0.134187,0.001107,0.092857,0,0.008846
9909508,,,7,9,16,7,9,16,27,0.084178,0.105885,0.000232,0.116667,0,0.010161
9911302,,,19,21,40,19,21,40,27,0.089938,0.117405,0.000448,0.11336,0,0.015989
9701393,,,40,6,46,40,6,46,30,0.074982,0.087652,0.00574,0.141063,0,0.068909
9906265,,,23,57,80,23,57,80,25,0.106127,0.145818,0.002185,0.084968,3,0.034124
9809453,,,32,8,40,32,8,40,31,0.072516,0.095255,0.000271,0.091026,0,0.046149
9907510,,,46,22,68,46,22,68,26,0.091232,0.118801,0.001796,0.062335,0,0.045193
1302,,,6,9,15,6,9,15,32,0.069123,0.091149,0.000021,0.114286,5,0.005442
9710336,,,37,10,47,37,10,47,32,0.06725,0.082156,0.000049,0.156337,7,0.085629
9811357,,,14,7,21,14,7,21,33,0.064993,0.086543,0.000083,0.140476,5,0.015367
9712319,,,56,8,64,56,8,64,32,0.067501,0.083889,0.001235,0.059028,5,0.061866
9707482,,,56,13,69,56,13,69,32,0.067227,0.082355,0.00008,0.118286,7,0.173022
9809470,,,45,4,49,45,4,49,33,0.063246,0.075682,0.000021,0.078231,5,0.047444
9904207,,,5,6,11,5,6,11,34,0.060855,0.077727,0.000177,0.081818,5,0.004981
9602327,,,8,1,9,8,1,9,40,0.044424,0.049146,0.000636,0.138889,4,0.009802
9506329,,,13,1,14,13,1,14,39,0.046487,0.052068,0.00079,0.126374,11,0.017583
1304,,,3,11,14,3,11,14,29,0.080228,0.106755,0.000118,0.093407,5,0.001875
9802352,,,12,2,14,12,2,14,33,0.063627,0.079899,0.000028,0.17033,5,0.008988
9804355,,,27,9,36,27,9,36,30,0.075759,0.092654,0.000544,0.09127,6,0.051156
9608357,,,5,1,6,5,1,6,44,0.037734,0.040517,0.000002,0.166667,5,0.00764
9805318,,,10,6,16,10,6,16,32,0.067868,0.086333,0.000369,0.166667,5,0.006406
9703463,,,25,8,33,25,8,33,31,0.070173,0.082328,0.000744,0.085227,5,0.02736
9806239,,,5,1,6,5,1,6,33,0.063555,0.077228,0.000139,0.266667,5,0.003867
9704243,,,20,5,25,20,5,25,34,0.058892,0.067919,0.000368,0.023333,5,0.016209
9911399,,,1,14,15,1,14,15,29,0.08306,0.110765,0.00005,0.238095,5,0.000686
9812387,,,12,15,27,12,15,27,31,0.073644,0.102346,0.000515,0.079772,5,0.021174
1306,,,10,79,89,10,79,89,23,0.112678,0.15534,0.00037,0.101251,2,0.012495
9909249,,,18,79,97,18,79,97,22,0.112638,0.150573,0.000332,0.106637,2,0.026841
9810309,,,27,28,55,27,28,55,25,0.09999,0.125942,0.000368,0.107407,2,0.056337
9901320,,,26,26,52,26,26,52,25,0.095086,0.118997,0.000045,0.167843,2,0.070995
9903340,,,35,27,62,35,27,62,23,0.104094,0.128678,0.001327,0.068747,2,0.069206
9909514,,,11,9,20,11,9,20,24,0.100121,0.125423,0.000104,0.126316,2,0.017753
9808301,,,92,7,99,92,7,99,32,0.068107,0.086638,0.000045,0.105236,2,0.305349
9810328,,,35,7,42,35,7,42,25,0.087776,0.104648,0.00034,0.095819,2,0.069704
9901210,,,12,6,18,12,6,18,26,0.091778,0.112116,0.000004,0.202614,2,0.018906
9711259,,,23,5,28,23,5,28,37,0.050127,0.056028,0.000009,0.146825,2,0.066057
9908381,,,5,20,25,5,20,25,24,0.098174,0.12566,0.000017,0.105,2,0.008398
9912482,,,13,34,47,13,34,47,23,0.105059,0.133124,0.000043,0.071693,2,0.015433
9811363,,,46,30,76,46,30,76,24,0.098663,0.127327,0.000741,0.086486,9,0.081579
9911465,,,7,23,30,7,23,30,23,0.108749,0.144184,0.000108,0.127586,2,0.009721
9901228,,,61,28,89,61,28,89,25,0.100477,0.127667,0.000651,0.124234,2,0.139842
9807325,,,122,8,130,122,8,130,32,0.068283,0.087256,0.000215,0.083125,2,0.400566
9812426,,,42,4,46,42,4,46,33,0.063927,0.079556,0.000039,0.151691,2,0.124006
9905470,,,16,29,45,16,29,45,25,0.102197,0.130163,0.000373,0.138889,2,0.025873
9811266,,,17,32,49,17,32,49,25,0.100082,0.126698,0.000531,0.133503,2,0.039514
9911364,,,20,26,46,20,26,46,24,0.103051,0.136475,0.000263,0.110145,2,0.02629
9906375,,,57,1,58,57,1,58,26,0.08607,0.10005,0.000001,0.078947,2,0.071088
9807283,,,74,6,80,74,6,80,32,0.068044,0.086938,0.000285,0.103639,2,0.307446
9807310,,,86,1,87,86,1,87,34,0.060526,0.075123,0.00001,0.08046,2,0.249845
9908429,,,23,14,37,23,14,37,24,0.101726,0.128093,0.000074,0.188438,2,0.029848
9710417,,,36,3,39,36,3,39,39,0.046392,0.051911,0.000342,0.089744,2,0.176123
9812308,,,8,14,22,8,14,22,25,0.08835,0.108468,0.00001,0.127706,2,0.015858
9802328,,,13,5,18,13,5,18,34,0.058358,0.065361,0.000096,0.101307,2,0.035495
9808355,,,59,37,96,59,37,96,25,0.100474,0.129419,0.001781,0.105044,2,0.161884
9802340,,,10,5,15,10,5,15,35,0.056356,0.065372,0.000087,0.07619,2,0.032114
9906362,,,26,25,51,26,25,51,24,0.103628,0.134797,0.0009,0.110588,2,0.043903
9903334,,,9,18,27,9,18,27,26,0.094413,0.121334,0.000031,0.123932,2,0.016584
9911275,,,14,22,36,14,22,36,23,0.106188,0.130699,0.000309,0.096032,2,0.022666
9912268,,,8,20,28,8,20,28,24,0.098166,0.124828,0.000065,0.059524,2,0.005848
9904338,,,24,8,32,24,8,32,24,0.097465,0.1194,0.000087,0.146169,2,0.039756
9810471,,,23,26,49,23,26,49,26,0.097941,0.121932,0.000302,0.084609,2,0.043318
9808241,,,18,2,20,18,2,20,35,0.056895,0.068046,0.00003,0.097368,2,0.043887
9907390,,,42,17,59,42,17,59,23,0.104737,0.13014,0.000419,0.11948,2,0.05276
9902204,,,24,7,31,24,7,31,33,0.064264,0.081367,0.000113,0.093548,2,0.028512
9904382,,,30,60,90,30,60,90,23,0.10701,0.141798,0.003926,0.116355,2,0.052086
1307,,,2,6,8,2,6,8,31,0.071575,0.088993,0.000001,0.267857,8,0.001418
1308,,,2,11,13,2,11,13,28,0.087421,0.108758,0.000201,0.224359,10,0.001365
9805440,,,3,10,13,3,10,13,29,0.079913,0.094401,0.000001,0.192308,10,0.002821
1232,,,1,5,6,1,5,6,28,0.086762,0.10513,0.000079,0.366667,10,0.000634
9903375,,,8,16,24,8,16,24,28,0.087403,0.10884,0.000292,0.168478,10,0.00521
9508204,,,38,1,39,38,1,39,28,0.086655,0.104167,0.000777,0.109312,10,0.044464
9805214,,,9,1,10,9,1,10,32,0.065413,0.073776,0.000264,0.088889,0,0.006565
9803311,,,2,15,17,2,15,17,28,0.087708,0.109151,0.000317,0.136029,10,0.001211
1309,,,7,28,35,7,28,35,25,0.107985,0.142644,0.000302,0.092437,6,0.008624
9904448,,,20,7,27,20,7,27,31,0.072223,0.090044,0.000063,0.188034,6,0.03223
9607237,,,13,3,16,13,3,16,30,0.074052,0.084955,0.001241,0.108333,6,0.012449
9603342,,,25,1,26,25,1,26,41,0.042545,0.046794,0.000057,0.072308,6,0.040805
9904469,,,7,36,43,7,36,43,29,0.084867,0.119046,0.000183,0.065338,6,0.007411
9809239,,,12,4,16,12,4,16,30,0.0776,0.09875,0.000052,0.220833,6,0.015343
9804252,,,49,11,60,49,11,60,32,0.068216,0.091178,0.002773,0.10339,7,0.113681
9904351,,,5,2,7,5,2,7,31,0.070444,0.083355,0.000003,0.119048,6,0.004166
9806308,,,73,27,100,73,27,100,31,0.073105,0.102199,0.00062,0.076667,7,0.121213
9908390,,,21,5,26,21,5,26,32,0.067186,0.081997,0.000002,0.18,6,0.030671
9905446,,,3,5,8,3,5,8,31,0.069972,0.081253,0.000001,0.25,6,0.002842
9709292,,,19,4,23,19,4,23,30,0.07421,0.085763,0.000253,0.175889,6,0.028914
9908397,,,22,27,49,22,27,49,25,0.106965,0.139127,0.0004,0.153061,6,0.031138
9910408,,,12,17,29,12,17,29,24,0.105201,0.133313,0.00008,0.156404,6,0.013309
9911415,,,1,6,7,1,6,7,31,0.073376,0.096039,0.000001,0.119048,6,0.001094
1310,,,23,22,45,23,22,45,24,0.107838,0.137909,0.00007,0.107576,2,0.020556
9903499,,,12,8,20,12,8,20,26,0.091293,0.11028,0.000144,0.178947,2,0.040374
9806294,,,39,13,52,39,13,52,33,0.064421,0.084529,0.000358,0.115385,2,0.191325
9712409,,,17,2,19,17,2,19,42,0.040216,0.043331,0,0.078947,2,0.064946
9907423,,,33,17,50,33,17,50,25,0.097476,0.121362,0.00029,0.069149,2,0.040442
9811379,,,53,23,76,53,23,76,25,0.099532,0.123778,0.001003,0.094912,2,0.128728
1311,,,2,4,6,2,4,6,25,0.094756,0.115918,0.000009,0.066667,2,0.004633
9809234,,,12,61,73,12,61,73,26,0.097319,0.124021,0.002083,0.043379,2,0.019804
9811267,,,36,16,52,36,16,52,32,0.066922,0.082177,0.000466,0.033183,2,0.057714
9811264,,,1,2,3,1,2,3,31,0.070183,0.081185,0,0.333333,1,0.001462
9807492,,,2,4,6,2,4,6,32,0.065983,0.077066,0.000005,0.166667,1,0.002047
9807494,,,16,26,42,16,26,42,31,0.072623,0.096413,0.000618,0.137631,12,0.017653
9904330,,,13,21,34,13,21,34,28,0.09134,0.114708,0.001741,0.097782,1,0.014569
9708306,,,14,2,16,14,2,16,31,0.068852,0.077209,0.000217,0.179167,1,0.014241
9809230,,,8,5,13,8,5,13,30,0.079726,0.094499,0.000031,0.287879,1,0.009923
9908292,,,5,13,18,5,13,18,30,0.08282,0.109696,0.000446,0.169935,12,0.004228
9905375,,,1,1,2,1,1,2,37,0.050865,0.056924,0,0.5,1,0.001462
9802273,,,8,4,12,8,4,12,34,0.059996,0.072254,0.000418,0.106061,1,0.010248
9701375,,,14,5,19,14,5,19,32,0.066966,0.080129,0.000842,0.093567,1,0.015535
9906476,,,7,24,31,7,24,31,29,0.085952,0.109789,0.000041,0.178161,1,0.011193
9809263,,,9,12,21,9,12,21,29,0.084984,0.102918,0.001916,0.172515,1,0.011979
9911283,,,5,10,15,5,10,15,29,0.08651,0.109112,0.000603,0.104762,7,0.004148
9705207,,,6,1,7,6,1,7,36,0.053585,0.060889,0.000096,0.095238,1,0.006388
9902233,,,12,12,24,12,12,24,31,0.072384,0.092776,0.000166,0.158103,12,0.01083
9802365,,,28,12,40,28,12,40,30,0.076203,0.093522,0.001047,0.195946,1,0.046873
1313,,,1,13,14,1,13,14,26,0.096964,0.119251,0.000078,0.142857,7,0.000625
9902256,,,34,9,43,34,9,43,31,0.07245,0.094573,0.000028,0.105759,7,0.044762
9809282,,,13,6,19,13,6,19,32,0.068425,0.091496,0.000115,0.081871,7,0.01766
9908420,,,3,17,20,3,17,20,27,0.091862,0.115647,0.000307,0.155263,7,0.002385
9804293,,,2,7,9,2,7,9,31,0.072549,0.095362,0.000008,0.083333,7,0.001144
9909478,,,22,31,53,22,31,53,25,0.104538,0.131523,0.000991,0.131222,7,0.023526
9903242,,,17,6,23,17,6,23,31,0.072291,0.093383,0.000224,0.140316,7,0.034674
9810397,,,14,28,42,14,28,42,31,0.07351,0.102381,0.000253,0.175958,7,0.02507
9809329,,,42,11,53,42,11,53,31,0.072667,0.096551,0.000117,0.091437,7,0.05662
9604438,,,32,6,38,32,6,38,32,0.066414,0.078116,0.000157,0.059744,1,0.094317
12046,,,3,43,46,3,43,46,21,0.139626,0.177927,0.000097,0.100483,2,0.002067
9911238,,,7,8,15,7,8,15,25,0.092414,0.110751,0.000011,0.114286,2,0.011723
4105,,,5,30,35,5,30,35,24,0.113909,0.150591,0.000026,0.090756,2,0.005172
3084,,,22,43,65,22,43,65,22,0.120233,0.16571,0.000926,0.06875,2,0.021264
9809554,,,40,6,46,40,6,46,31,0.072361,0.091084,0.000537,0.135749,2,0.131308
9911395,,,39,27,66,39,27,66,23,0.109218,0.142996,0.000398,0.134033,2,0.04433
4118,,,4,8,12,4,8,12,25,0.088838,0.106191,0,0.083333,2,0.002502
9903428,,,11,8,19,11,8,19,26,0.083645,0.102768,0.000044,0.131579,2,0.011341
8095,,,1,5,6,1,5,6,24,0.101515,0.128771,0,0.2,2,0.000695
9808353,,,4,8,12,4,8,12,32,0.066872,0.081585,0.000001,0.068182,2,0.009834
9903460,,,27,26,53,27,26,53,24,0.101329,0.129289,0.000185,0.136067,2,0.047642
9912491,,,8,9,17,8,9,17,25,0.099461,0.127721,0.000027,0.1875,2,0.00694
9810542,,,6,20,26,6,20,26,23,0.113817,0.140328,0.010122,0.101667,2,0.016768
7346,,,6,54,60,6,54,60,20,0.148325,0.184273,0.000589,0.086441,2,0.005666
4020,,,3,19,22,3,19,22,23,0.118527,0.156206,0.000021,0.095238,2,0.00212
9910261,,,4,28,32,4,28,32,24,0.099845,0.130527,0.000003,0.096774,2,0.003629
5321,,,18,7,25,18,7,25,24,0.104392,0.13015,0.000005,0.17029,2,0.017889
9602340,,,6,2,8,6,2,8,43,0.039216,0.042524,0.000001,0.232143,4,0.007116
1317,,,3,40,43,3,40,43,26,0.101861,0.132233,0.000149,0.094131,7,0.002102
9911429,,,3,30,33,3,30,33,26,0.098859,0.126643,0.000009,0.204545,7,0.00262
9807496,,,9,8,17,9,8,17,31,0.072582,0.097209,0.00008,0.125,7,0.013405
9604233,,,41,3,44,41,3,44,31,0.069276,0.07823,0.000159,0.122622,7,0.134304
9802315,,,13,4,17,13,4,17,32,0.067919,0.089859,0.000029,0.161765,7,0.018228
9908237,,,6,3,9,6,3,9,32,0.068523,0.088944,0.000054,0.125,7,0.004621
9905404,,,8,6,14,8,6,14,25,0.101691,0.122387,0.00032,0.089744,7,0.007732
9702353,,,14,3,17,14,3,17,30,0.073931,0.084439,0.000208,0.172794,7,0.039823
9902482,,,29,20,49,29,20,49,31,0.073404,0.100396,0.000333,0.204082,7,0.033613
9910291,,,27,23,50,27,23,50,26,0.0979,0.123885,0.000374,0.113095,7,0.038295
9807447,,,15,16,31,15,16,31,32,0.068117,0.09016,0.000175,0.143011,7,0.018582
9903323,,,2,9,11,2,9,11,32,0.067699,0.085021,0.000009,0.209091,7,0.001463
9804434,,,4,6,10,4,6,10,32,0.068051,0.091255,0.000005,0.2,7,0.003989
9605220,,,39,5,44,39,5,44,31,0.071054,0.084508,0.000173,0.122093,7,0.113275
9606354,,,46,2,48,46,2,48,43,0.039221,0.042591,0.000351,0.027482,7,0.090575
9709223,,,14,14,28,14,14,28,30,0.075888,0.093877,0.000324,0.132275,7,0.023096
9902313,,,9,4,13,9,4,13,32,0.067934,0.087228,0.000014,0.121795,7,0.009684
9912242,,,3,6,9,3,6,9,25,0.107575,0.133099,0.000601,0.083333,7,0.002283
9909298,,,6,8,14,6,8,14,27,0.091954,0.115442,0.000054,0.115385,7,0.00738
9712502,,,6,2,8,6,2,8,31,0.07148,0.08853,0.000004,0.178571,7,0.005705
9909561,,,6,10,16,6,10,16,26,0.093987,0.110753,0.000015,0.128571,7,0.006579
9908343,,,5,33,38,5,33,38,31,0.073575,0.102606,0.000312,0.158606,7,0.004394
1318,,,11,16,27,11,16,27,27,0.090966,0.109809,0.000477,0.250712,13,0.01022
9911204,,,1,10,11,1,10,11,30,0.076247,0.093291,0.000237,0.172727,13,0.0013
9705372,,,6,5,11,6,5,11,31,0.071606,0.08672,0.000331,0.145455,13,0.004802
9909438,,,2,6,8,2,6,8,32,0.066866,0.078974,0.000019,0.267857,13,0.001901
1319,,,1,8,9,1,8,9,24,0.110915,0.142525,0.000105,0.055556,3,0.00058
9811448,,,156,14,170,156,14,170,26,0.090679,0.108205,0.000424,0.062443,3,0.299028
9905403,,,10,24,34,10,24,34,27,0.087793,0.112204,0.000104,0.156863,4,0.008069
9710254,,,1,12,13,1,12,13,33,0.063168,0.078389,0.000001,0.128205,4,0.000568
1320,,,6,26,32,6,26,32,24,0.105549,0.135005,0.000084,0.226815,3,0.006418
9902310,,,58,18,76,58,18,76,25,0.098923,0.118501,0.034426,0.149123,3,0.184428
9908205,,,12,32,44,12,32,44,26,0.096793,0.126515,0.000028,0.294926,3,0.013966
9910255,,,14,77,91,14,77,91,23,0.107496,0.148277,0.002581,0.146764,3,0.019433
9903224,,,38,20,58,38,20,58,25,0.098529,0.118579,0.000696,0.162432,3,0.070131
1321,,,3,11,14,3,11,14,28,0.086861,0.110315,0.00032,0.104396,7,0.004027
9805403,,,45,24,69,45,24,69,30,0.077437,0.104021,0.000484,0.07289,7,0.053999
9811396,,,4,2,6,4,2,6,37,0.051056,0.058218,0.000081,0.25,7,0.002732
9904470,,,1,3,4,1,3,4,37,0.051061,0.058293,0.000002,0.416667,7,0.000778
9808329,,,2,15,17,2,15,17,31,0.072366,0.095263,0.000003,0.216912,7,0.001759
9811395,,,4,1,5,4,1,5,38,0.048576,0.054433,0,0.333333,7,0.002732
9805260,,,9,4,13,9,4,13,32,0.067493,0.084456,0.000066,0.192308,7,0.023708
9805235,,,6,6,12,6,6,12,32,0.06755,0.085112,0.000033,0.272727,7,0.018326
9901342,,,9,16,25,9,16,25,32,0.069061,0.094892,0.000105,0.186667,7,0.014745
9912372,,,6,17,23,6,17,23,27,0.092314,0.117085,0.000231,0.116601,7,0.009854
1322,,,1,36,37,1,36,37,26,0.105818,0.137321,0.000108,0.060811,5,0.000569
9610368,,,10,2,12,10,2,12,41,0.042546,0.046767,0.000739,0.113636,5,0.009342
9511260,,,23,1,24,23,1,24,40,0.044433,0.049303,0.001311,0.086957,5,0.024894
9610373,,,9,2,11,9,2,11,41,0.042547,0.046768,0.00005,0.145455,5,0.007812
9809290,,,2,10,12,2,10,12,32,0.068616,0.091241,0.000005,0.181818,5,0.001482
4026,,,2,5,7,2,5,7,28,0.089963,0.107614,0.000009,0.166667,1,0.001135
9702349,,,7,5,12,7,5,12,32,0.067018,0.079995,0.000818,0.151515,5,0.005525
9610318,,,2,3,5,2,3,5,35,0.055971,0.063581,0.000083,0.2,5,0.001416
9704355,,,19,3,22,19,3,22,35,0.056595,0.065594,0.000115,0.080087,6,0.018642
9710358,,,10,2,12,10,2,12,32,0.065663,0.075478,0.000164,0.204545,5,0.007581
9705245,,,18,3,21,18,3,21,33,0.062413,0.072253,0.000323,0.111905,5,0.023889
9611299,,,5,3,8,5,3,8,35,0.056594,0.065576,0.000058,0.214286,6,0.004623
9803426,,,8,3,11,8,3,11,32,0.067177,0.082527,0.000002,0.218182,5,0.005588
9911505,,,6,1,7,6,1,7,33,0.061623,0.069337,0.000001,0.261905,5,0.00448
9709225,,,8,2,10,8,2,10,36,0.052716,0.058677,0.000081,0.055556,5,0.006075
9807421,,,48,26,74,48,26,74,31,0.072373,0.095687,0.000178,0.101259,1,0.050047
9803369,,,4,11,15,4,11,15,31,0.070834,0.085252,0.000084,0.085714,5,0.002672
9809203,,,2,1,3,2,1,3,37,0.05008,0.054986,0,0.166667,5,0.001259
9810234,,,2,4,6,2,4,6,32,0.066556,0.079738,0.000003,0.1,5,0.001212
9904319,,,2,8,10,2,8,10,32,0.068002,0.085041,0,0.211111,5,0.001307
9812298,,,9,45,54,9,45,54,32,0.069229,0.100481,0.000212,0.053459,6,0.015945
9603391,,,28,19,47,28,19,47,34,0.060164,0.073834,0.000765,0.014801,4,0.064765
1323,,,1,8,9,1,8,9,33,0.062912,0.076448,0.000001,0.152778,4,0.000568
9703250,,,25,17,42,25,17,42,33,0.062864,0.077171,0.000103,0.166667,4,0.061881
9612468,,,24,6,30,24,6,30,33,0.062555,0.073858,0.000026,0.205747,4,0.077995
9605238,,,11,3,14,11,3,14,37,0.050057,0.055403,0.00016,0.071429,2,0.01319
9707450,,,14,20,34,14,20,34,32,0.066992,0.083548,0.000755,0.134581,4,0.021767
9703246,,,30,17,47,30,17,47,33,0.062639,0.07505,0.000033,0.149861,4,0.087221
1325,,,1,5,6,1,5,6,30,0.075218,0.089377,0,0.366667,10,0.000568
9812224,,,3,2,5,3,2,5,42,0.040815,0.044484,0,0.3,10,0.002046
9908393,,,5,10,15,5,10,15,30,0.074536,0.087387,0.00009,0.12381,10,0.003064
9712483,,,10,3,13,10,3,13,29,0.07982,0.093389,0.000055,0.205128,10,0.007495
9803221,,,8,5,13,8,5,13,30,0.073946,0.084712,0.000012,0.288462,10,0.005602
9904496,,,3,14,17,3,14,17,29,0.081271,0.099954,0.000067,0.154412,10,0.001706
1326,,,1,5,6,1,5,6,31,0.075991,0.089927,0.000079,0.033333,10,0.000568
9907259,,,1,1,2,1,1,2,34,0.059503,0.06926,0,0.5,10,0.000568
9811410,,,7,5,12,7,5,12,30,0.078504,0.092476,0.001907,0.05303,10,0.006639
9911219,,,2,1,3,2,1,3,31,0.072646,0.082414,0.000083,0,10,0.00119
9901334,,,5,3,8,5,3,8,33,0.063259,0.075812,0.00042,0.017857,10,0.002838
9507406,,,3,2,5,3,2,5,39,0.046488,0.052186,0.001114,0.1,11,0.005656
9602354,,,6,5,11,6,5,11,42,0.040824,0.044944,0.000005,0.118182,4,0.013345
9505245,,,41,2,43,41,2,43,41,0.042545,0.046845,0.001727,0.093023,6,0.173098
1332,,,3,11,14,3,11,14,25,0.102722,0.122447,0.000224,0.225275,8,0.00189
9905392,,,16,12,28,16,12,28,24,0.110287,0.131227,0.002617,0.087692,8,0.012734
9803298,,,14,5,19,14,5,19,31,0.071096,0.084929,0.000334,0.099415,8,0.017386
9902451,,,32,27,59,32,27,59,30,0.076854,0.098345,0.001148,0.127703,8,0.029349
9805380,,,30,9,39,30,9,39,31,0.070888,0.085622,0.000027,0.122807,8,0.029519
9806390,,,13,6,19,13,6,19,30,0.075293,0.09025,0.000108,0.175439,8,0.015328
9910310,,,7,21,28,7,21,28,30,0.077858,0.103887,0.000377,0.219577,8,0.005255
9810527,,,3,15,18,3,15,18,31,0.072672,0.096566,0.000274,0.150327,8,0.002285
9809483,,,32,15,47,32,15,47,30,0.076689,0.096443,0.000578,0.109621,8,0.028802
9801252,,,17,27,44,17,27,44,30,0.07619,0.095671,0.002105,0.127907,8,0.036912
1333,,,1,4,5,1,4,5,33,0.064081,0.082903,0,0.35,0,0.000568
9606412,,,11,1,12,11,1,12,44,0.037766,0.040835,0.000036,0.151515,0,0.017647
9903492,,,7,6,13,7,6,13,33,0.064249,0.083628,0.000002,0.211538,0,0.00867
9706439,,,14,1,15,14,1,15,33,0.062237,0.071017,0.000207,0.104762,0,0.022505
1334,,,6,36,42,6,36,42,26,0.09933,0.128136,0.000185,0.08072,7,0.005596
9608211,,,27,7,34,27,7,34,40,0.044445,0.049984,0.000271,0.095365,1,0.047764
9511392,,,31,6,37,31,6,37,40,0.044435,0.049683,0.000295,0.061562,12,0.052776
9604376,,,16,5,21,16,5,21,41,0.042555,0.047235,0.000017,0.178571,1,0.041524
9705252,,,19,10,29,19,10,29,34,0.06013,0.072838,0.000077,0.083744,1,0.025718
9512363,,,16,2,18,16,2,18,34,0.059989,0.071119,0.000091,0.114379,1,0.027385
9909297,,,20,49,69,20,49,69,25,0.107535,0.142417,0.002739,0.093064,7,0.023884
9604412,,,75,27,102,75,27,102,31,0.071756,0.089401,0.016993,0.032421,1,0.152393
9603261,,,57,3,60,57,3,60,34,0.060019,0.071391,0.131459,0.05791,1,0.125817
9712417,,,9,7,16,9,7,16,32,0.067004,0.080573,0.00004,0.154167,1,0.009036
1335,,,11,18,29,11,18,29,24,0.101652,0.13178,0.000127,0.185961,3,0.009886
9905293,,,2,7,9,2,7,9,26,0.090574,0.106696,0,0.361111,3,0.003019
9912496,,,7,52,59,7,52,59,23,0.110383,0.146803,0.000188,0.174459,3,0.0054
9909555,,,13,14,27,13,14,27,24,0.102098,0.131236,0.000091,0.207977,3,0.020601
9602363,,,36,1,37,36,1,37,41,0.042535,0.046581,0.000159,0.057057,8,0.038641
9602364,,,32,7,39,32,7,39,36,0.052687,0.059265,0.00283,0.048583,2,0.076866
9510378,,,49,7,56,49,7,56,41,0.042576,0.047597,0.000719,0.044156,7,0.167885
9602349,,,14,1,15,14,1,15,44,0.037736,0.040546,0.000157,0.090476,4,0.024119
9512399,,,25,5,30,25,5,30,42,0.040838,0.045044,0.000066,0.073563,2,0.059866
9602366,,,85,6,91,85,6,91,38,0.048766,0.05593,0.002193,0.023077,12,0.130465
9602369,,,9,9,18,9,9,18,42,0.040817,0.044901,0.000907,0.068627,9,0.026313
9602378,,,15,1,16,15,1,16,42,0.040821,0.044627,0.000175,0.129167,6,0.02466
9511385,,,15,2,17,15,2,17,41,0.042557,0.04709,0.000253,0.194853,6,0.029127
9602380,,,7,7,14,7,7,14,39,0.046522,0.053122,0.000483,0.027473,11,0.00738
9409314,,,15,1,16,15,1,16,38,0.048751,0.055469,0.006611,0.1125,11,0.032836
9507240,,,30,3,33,30,3,33,40,0.044428,0.04943,0.000052,0.110795,11,0.042426
9505262,,,35,1,36,35,1,36,40,0.044421,0.04913,0.000005,0.104762,1,0.091174
9602384,,,1,1,2,1,1,2,45,0.036362,0.03882,0,0.5,2,0.000571
9803320,,,12,7,19,12,7,19,34,0.059987,0.073387,0.000149,0.149123,2,0.026649
9703361,,,12,3,15,12,3,15,34,0.059032,0.068183,0.000115,0.133333,2,0.042429
9705394,,,2,3,5,2,3,5,42,0.040853,0.045113,0.000002,0.05,9,0.002581
9712516,,,21,18,39,21,18,39,33,0.063709,0.080533,0.000541,0.0722,4,0.054951
9712358,,,5,3,8,5,3,8,35,0.056332,0.065035,0.000083,0.053571,4,0.006867
9709510,,,10,3,13,10,3,13,36,0.052771,0.059308,0.000003,0.224359,2,0.023434
9712446,,,6,2,8,6,2,8,34,0.058852,0.067227,0.000087,0.125,2,0.031924
9510303,,,22,1,23,22,1,23,41,0.042541,0.046733,0.000008,0.088933,2,0.053187
5075,,,6,11,17,6,11,17,24,0.101277,0.126238,0.000018,0.169118,2,0.00444
4133,,,4,20,24,4,20,24,24,0.11515,0.143395,0.000188,0.128623,4,0.003408
9606383,,,39,6,45,39,6,45,42,0.040829,0.045006,0.000142,0.066162,4,0.086108
9602391,,,6,4,10,6,4,10,42,0.040822,0.044842,0.000006,0.1,4,0.008183
9508365,,,10,2,12,10,2,12,42,0.040813,0.044594,0.000231,0.090909,4,0.017994
9506471,,,11,1,12,11,1,12,42,0.040812,0.044522,0.000692,0.128788,4,0.02097
9602392,,,2,2,4,2,2,4,40,0.044446,0.049605,0.000041,0.083333,8,0.001315
9512418,,,6,1,7,6,1,7,40,0.044443,0.049532,0.000001,0.071429,8,0.004677
9602394,,,2,3,5,2,3,5,33,0.063803,0.077885,0.000095,0.25,7,0.003625
9506309,,,3,1,4,3,1,4,33,0.063799,0.07775,0.000026,0.333333,7,0.001999
9512374,,,4,1,5,4,1,5,33,0.063799,0.077748,0.000227,0.15,10,0.005933
9602395,,,5,3,8,5,3,8,43,0.039235,0.042787,0.000022,0.035714,9,0.018693
9602396,,,18,8,26,18,8,26,39,0.046506,0.05281,0.000201,0.130769,11,0.028843
9405418,,,42,1,43,42,1,43,39,0.046485,0.052061,0.001142,0.083056,11,0.061604
9501201,,,27,2,29,27,2,29,40,0.044422,0.049203,0.000042,0.099754,11,0.036968
9410232,,,28,1,29,28,1,29,40,0.044421,0.049135,0.00009,0.116995,11,0.053087
9504413,,,37,1,38,37,1,38,40,0.044424,0.049196,0.000027,0.104552,11,0.096489
9511261,,,10,4,14,10,4,14,39,0.046497,0.052456,0.00009,0.115385,11,0.008923
9602398,,,1,1,2,1,1,2,45,0.036362,0.03882,0,0,2,0.000647
9602399,,,6,1,7,6,1,7,41,0.042536,0.046582,0.000014,0.047619,4,0.008082
9602403,,,1,1,2,1,1,2,30,0.073918,0.084262,0,0,6,0.001041
9510252,,,30,2,32,30,2,32,29,0.079809,0.093265,0.00606,0.052419,6,0.050723
9602404,,,10,2,12,10,2,12,42,0.040811,0.044508,0.000404,0.227273,12,0.017275
9512434,,,10,2,12,10,2,12,41,0.042545,0.046845,0.000436,0.19697,12,0.010888
9510311,,,9,1,10,9,1,10,41,0.042543,0.046771,0.001857,0.166667,12,0.010403
9602410,,,4,2,6,4,2,6,41,0.042537,0.046678,0.000001,0.166667,12,0.006572
9602415,,,60,2,62,60,2,62,43,0.039212,0.042449,0.000334,0.024855,6,0.063334
9508346,,,17,1,18,17,1,18,43,0.039211,0.042375,0.000297,0.084967,6,0.027434
9602430,,,1,1,2,1,1,2,43,0.039216,0.042456,0,0,6,0.000689
9602433,,,12,2,14,12,2,14,33,0.063368,0.075878,0.002692,0.087912,6,0.027527
9602434,,,1,1,2,1,1,2,39,0.046488,0.052076,0.000236,0,8,0.000686
9602436,,,13,5,18,13,5,18,40,0.04444,0.049667,0.000262,0.094771,11,0.013254
9511281,,,1,2,3,1,2,3,41,0.042549,0.046889,0,0.5,11,0.001472
9510386,,,17,1,18,17,1,18,41,0.042546,0.046815,0.000149,0.091503,11,0.027102
9510269,,,9,3,12,9,3,12,40,0.044435,0.049566,0.000342,0.181818,11,0.009925
9602438,,,33,17,50,33,17,50,33,0.063974,0.080516,0.003346,0.053878,4,0.064165
9509233,,,4,1,5,4,1,5,43,0.039203,0.042293,0.000001,0.25,5,0.014886
9512251,,,11,1,12,11,1,12,42,0.040813,0.044551,0.000001,0.083333,4,0.027083
9505339,,,9,1,10,9,1,10,41,0.042534,0.046577,0.000079,0.111111,4,0.016896
9708448,,,10,6,16,10,6,16,33,0.063995,0.080001,0.000204,0.116667,1,0.017306
9708480,,,25,4,29,25,4,29,34,0.059229,0.06952,0.000318,0.114532,12,0.031254
9705318,,,22,5,27,22,5,27,34,0.060234,0.073798,0.000116,0.169516,12,0.042248
9705290,,,40,21,61,40,21,61,33,0.06299,0.075889,0.001101,0.101366,12,0.066017
9706457,,,10,19,29,10,19,29,34,0.059511,0.071662,0.000113,0.194581,12,0.016157
9705347,,,48,3,51,48,3,51,38,0.047572,0.051646,0.000005,0.124314,0,0.058659
3018,,,2,11,13,2,11,13,27,0.090626,0.115208,0.000416,0.301282,0,0.001638
9807339,,,31,3,34,31,3,34,32,0.065051,0.073924,0.000235,0.147059,0,0.039208
3262,,,6,8,14,6,8,14,27,0.088706,0.108209,0.000204,0.17033,0,0.004587
9705435,,,19,11,30,19,11,30,33,0.062941,0.076895,0.000127,0.113793,9,0.026082
9706331,,,36,10,46,36,10,46,33,0.06329,0.077716,0.001441,0.030918,11,0.050042
9901375,,,2,4,6,2,4,6,32,0.065685,0.075624,0.000123,0.033333,8,0.001199
9707382,,,5,3,8,5,3,8,36,0.053086,0.059958,0.000085,0.089286,8,0.003363
9807383,,,5,2,7,5,2,7,31,0.070034,0.080979,0.000175,0.166667,8,0.003578
110253,,,1,12,13,1,12,13,25,0.11449,0.143812,0.000325,0.153846,1,0.000573
109190,,,1,5,6,1,5,6,27,0.097319,0.124312,0.000261,0.166667,1,0.000568
9706311,,,13,9,22,13,9,22,32,0.066824,0.081299,0.000173,0.221429,1,0.026607
9906376,,,12,4,16,12,4,16,32,0.0681,0.088883,0.000177,0.083333,1,0.008179
6345,,,5,11,16,5,11,16,25,0.10482,0.126311,0.000048,0.129167,1,0.003207
9801201,,,8,54,62,8,54,62,31,0.072781,0.103088,0.002299,0.059492,7,0.01385
10328,,,3,47,50,3,47,50,25,0.11076,0.142819,0.000251,0.076735,1,0.001984
9803227,,,9,5,14,9,5,14,33,0.06301,0.074773,0.000004,0.082418,7,0.006129
101023,,,4,10,14,4,10,14,24,0.112551,0.135362,0.000195,0.126374,1,0.002397
9904237,,,2,12,14,2,12,14,31,0.070714,0.084992,0,0.24359,8,0.001382
9810340,,,5,13,18,5,13,18,31,0.071154,0.087843,0.000061,0.209559,8,0.003284
9804295,,,5,4,9,5,4,9,35,0.056099,0.064594,0.00008,0.222222,8,0.003329
9705258,,,20,2,22,20,2,22,40,0.044428,0.049227,0.000109,0.090909,8,0.019551
9811285,,,4,11,15,4,11,15,31,0.070714,0.084953,0.000019,0.242857,8,0.002539
9707384,,,8,1,9,8,1,9,40,0.044426,0.049153,0,0.222222,8,0.005374
9504217,,,14,2,16,14,2,16,41,0.042536,0.046676,0.00004,0.158333,12,0.036106
11266,,,6,11,17,6,11,17,23,0.126321,0.154108,0.000251,0.213235,7,0.00499
9911427,,,19,7,26,19,7,26,30,0.080732,0.102219,0.000361,0.12,7,0.025288
105302,,,2,16,18,2,16,18,20,0.158694,0.18862,0.000122,0.176471,7,0.00211
9607366,,,20,1,21,20,1,21,40,0.044423,0.049147,0,0.157143,7,0.027857
9910220,,,11,18,29,11,18,29,23,0.114775,0.133494,0.000383,0.156404,7,0.010344
9710550,,,23,12,35,23,12,35,32,0.067346,0.083938,0.000086,0.105042,7,0.026184
6175,,,8,15,23,8,15,23,22,0.132177,0.157649,0.000131,0.175889,7,0.006114
9603237,,,56,1,57,56,1,57,43,0.039242,0.042749,0.000001,0.082393,7,0.104345
2216,,,14,16,30,14,16,30,25,0.103318,0.126889,0.000206,0.109195,7,0.015933
9711280,,,11,2,13,11,2,13,32,0.066639,0.079039,0,0.217949,7,0.020896
8255,,,26,13,39,26,13,39,23,0.12383,0.150638,0.001168,0.126181,7,0.023832
11175,,,1,44,45,1,44,45,24,0.109523,0.14839,0.001682,0.050505,7,0.00264
3073,,,2,40,42,2,40,42,23,0.11427,0.15324,0.000682,0.070267,7,0.001222
9610283,,,29,2,31,29,2,31,33,0.062838,0.073411,0.000155,0.117204,7,0.063388
9507329,,,35,1,36,35,1,36,29,0.079754,0.092889,0.157282,0.074603,7,0.14211
9910411,,,3,14,17,3,14,17,31,0.073352,0.100033,0.000021,0.150735,7,0.001847
9902223,,,4,11,15,4,11,15,32,0.068168,0.090227,0.000045,0.142857,7,0.002431
9512341,,,18,2,20,18,2,20,32,0.065696,0.074428,0.000182,0.084211,7,0.064384
9241,,,3,7,10,3,7,10,26,0.099198,0.120573,0.000084,0.077778,7,0.002113
9805212,,,5,4,9,5,4,9,32,0.067725,0.086632,0.000001,0.097222,7,0.003891
9911338,,,6,4,10,6,4,10,26,0.095196,0.114987,0.000004,0.133333,7,0.003889
9705400,,,16,2,18,16,2,18,32,0.067131,0.08085,0.000037,0.120915,7,0.030509
9903348,,,1,16,17,1,16,17,31,0.072371,0.095392,0.0001,0.095588,7,0.000651
9803457,,,47,29,76,47,29,76,31,0.072504,0.097344,0.002263,0.095439,7,0.079721
9803459,,,12,9,21,12,9,21,31,0.071523,0.088219,0.000259,0.107143,7,0.018877
9803273,,,10,2,12,10,2,12,32,0.066978,0.079468,0.00018,0.136364,7,0.007549
9809364,,,13,22,35,13,22,35,31,0.073227,0.100604,0.000325,0.157983,7,0.02328
9903453,,,38,42,80,38,42,80,31,0.07425,0.109204,0.00125,0.085524,7,0.048125
9708382,,,8,9,17,8,9,17,31,0.071238,0.087672,0.000317,0.165441,7,0.007474
9804393,,,4,13,17,4,13,17,31,0.072033,0.092211,0.000084,0.161765,7,0.003434
9704274,,,37,5,42,37,5,42,31,0.070915,0.086111,0.00005,0.108014,7,0.109784
9712372,,,50,23,73,50,23,73,31,0.071816,0.092224,0.001003,0.108828,7,0.088743
9711231,,,48,9,57,48,9,57,31,0.071226,0.087914,0.000295,0.10307,7,0.073353
9904238,,,1,9,10,1,9,10,31,0.070707,0.084761,0,0.322222,8,0.000574
104020,,,1,18,19,1,18,19,24,0.108369,0.127457,0.000167,0.134503,1,0.000625
5124,,,8,11,19,8,11,19,24,0.107833,0.12663,0.00007,0.236842,1,0.005705
9801350,,,20,17,37,20,17,37,35,0.056225,0.066759,0.000144,0.196697,12,0.027489
10251,,,1,6,7,1,6,7,25,0.100098,0.11607,0.000079,0.285714,1,0.00057
206003,,,12,12,24,12,12,24,26,0.104815,0.141428,0.607965,0.067194,13,0.020294
11178,,,1,2,3,1,2,3,39,0.046519,0.052768,0,0.333333,12,0.000568
104021,,,4,2,6,4,2,6,25,0.093677,0.112863,0,0.233333,2,0.003474
10231,,,7,9,16,7,9,16,24,0.103236,0.13116,0.000093,0.183333,2,0.006442
11179,,,4,17,21,4,17,21,24,0.120791,0.150655,0.000009,0.195238,7,0.003992
9810338,,,4,8,12,4,8,12,32,0.067352,0.084055,0.000109,0.075758,7,0.00479
9801443,,,33,10,43,33,10,43,32,0.067386,0.084705,0.000595,0.095238,7,0.073674
9807495,,,8,4,12,8,4,12,33,0.063219,0.076663,0.000004,0.204545,7,0.01442
9328,,,7,13,20,7,13,20,24,0.113484,0.137945,0.000081,0.184211,7,0.006258
9811249,,,10,25,35,10,25,35,31,0.072991,0.099619,0.000843,0.092437,7,0.018903
9812375,,,30,10,40,30,10,40,31,0.072847,0.095709,0.00021,0.075641,7,0.030121
9244,,,5,13,18,5,13,18,24,0.124722,0.158389,0.000101,0.153595,7,0.004802
104022,,,1,10,11,1,10,11,29,0.084803,0.108001,0.00014,0.036364,10,0.000649
9502227,,,21,1,22,21,1,22,28,0.086655,0.10417,0.012844,0.084416,10,0.017883
9811377,,,10,13,23,10,13,23,32,0.067801,0.086724,0.000358,0.118577,1,0.008567
9703363,,,18,3,21,18,3,21,34,0.05934,0.069198,0.000192,0.061905,8,0.020355
9706484,,,6,7,13,6,7,13,32,0.06728,0.083123,0.000202,0.096154,1,0.006527
4246,,,2,9,11,2,9,11,33,0.064086,0.08111,0.000049,0.177778,1,0.001214
6346,,,7,18,25,7,18,25,30,0.080918,0.105104,0.00049,0.152174,1,0.005032
9801205,,,3,1,4,3,1,4,32,0.065869,0.076468,0.000001,0.166667,10,0.005449
9710508,,,5,4,9,5,4,9,33,0.062678,0.073775,0.000035,0.125,8,0.006115
9706229,,,18,3,21,18,3,21,32,0.066108,0.077065,0.000395,0.083333,8,0.017826
9710374,,,11,4,15,11,4,15,33,0.06219,0.071807,0.000093,0.052381,8,0.009244
9702263,,,12,4,16,12,4,16,37,0.050586,0.056996,0.00012,0.054167,8,0.012062
9904239,,,1,14,15,1,14,15,31,0.070724,0.085138,0.000435,0.252381,8,0.000711
9710509,,,24,6,30,24,6,30,31,0.071074,0.086464,0.000026,0.185057,7,0.038806
9705251,,,45,5,50,45,5,50,30,0.075247,0.089305,0.00153,0.130612,7,0.093391
9704357,,,59,1,60,59,1,60,32,0.066971,0.079388,0.000212,0.109887,7,0.114622
9706294,,,29,5,34,29,5,34,31,0.07069,0.083778,0.000132,0.198752,7,0.070556
9705304,,,59,5,64,59,5,64,31,0.07132,0.086699,0.000125,0.100694,7,0.105809
9704412,,,51,6,57,51,6,57,30,0.075178,0.088796,0.002587,0.10213,7,0.10918
9710511,,,1,1,2,1,1,2,33,0.062236,0.070919,0,0,10,0.000681
9608223,,,14,4,18,14,4,18,32,0.066359,0.077584,0.000223,0.104575,7,0.011078
9710512,,,6,9,15,6,9,15,31,0.071685,0.090905,0.000013,0.152381,1,0.004383
9701300,,,23,17,40,23,17,40,32,0.067207,0.08312,0.00056,0.073077,1,0.070638
9706501,,,24,16,40,24,16,40,31,0.071502,0.089527,0.000254,0.088462,1,0.052016
9704376,,,82,82,164,82,82,164,30,0.076975,0.102627,0.005061,0.034378,7,0.176145
9703353,,,79,8,87,79,8,87,30,0.075862,0.091909,0.002175,0.078856,7,0.235037
9709386,,,11,12,23,11,12,23,31,0.071362,0.087624,0.000729,0.195652,1,0.013218
9605259,,,51,6,57,51,6,57,32,0.0664,0.077686,0.000134,0.068296,7,0.111145
9612209,,,4,15,19,4,15,19,31,0.071196,0.086415,0.000721,0.023392,2,0.00814
9611368,,,12,1,13,12,1,13,46,0.035088,0.037283,0.000001,0.153846,2,0.016452
9608329,,,30,2,32,30,2,32,34,0.058817,0.06692,0.000139,0.049395,11,0.051284
9610410,,,5,4,9,5,4,9,42,0.040844,0.045152,0.000029,0.041667,6,0.01212
9607404,,,38,4,42,38,4,42,40,0.044437,0.049561,0.000094,0.11324,12,0.063363
9609488,,,14,6,20,14,6,20,34,0.058829,0.067281,0.000122,0.105263,11,0.016869
9606295,,,21,1,22,21,1,22,45,0.036361,0.03882,0.000079,0.123377,2,0.038486
9610526,,,7,2,9,7,2,9,45,0.036364,0.038895,0.000001,0.180556,2,0.010144
9803356,,,14,6,20,14,6,20,31,0.071224,0.087744,0.000073,0.210526,7,0.027966
9706537,,,3,1,4,3,1,4,30,0.074864,0.086758,0.000027,0.083333,13,0.003806
9706316,,,24,4,28,24,4,28,30,0.075305,0.0896,0.000656,0.157407,7,0.053533
9710514,,,3,1,4,3,1,4,35,0.055952,0.06325,0.000001,0.25,7,0.003365
11187,,,1,5,6,1,5,6,30,0.066413,0.078008,0.000318,0.133333,1,0.000568
9075,,,1,8,9,1,8,9,30,0.070756,0.084401,0.000104,0.305556,1,0.000568
9230,,,1,1,2,1,1,2,38,0.047575,0.05155,0,0.5,1,0.000568
3135,,,2,7,9,2,7,9,31,0.071021,0.085475,0.000034,0.25,1,0.001135
9612212,,,11,6,17,11,6,17,33,0.063438,0.076678,0.000159,0.323529,0,0.030276
9609286,,,7,7,14,7,7,14,33,0.064,0.08037,0.000755,0.082418,0,0.016918
9605387,,,17,10,27,17,10,27,32,0.066369,0.077892,0.000161,0.223647,0,0.043224
9504321,,,2,1,3,2,1,3,40,0.044426,0.049282,0,0.166667,11,0.001982
11190,,,3,2,5,3,2,5,26,0.091612,0.104301,0.000413,0,2,0.005978
8114,,,1,8,9,1,8,9,25,0.10008,0.115895,0.000389,0.208333,12,0.000857
9905442,,,5,5,10,5,5,10,34,0.060797,0.077605,0.000044,0.111111,11,0.00561
9504328,,,1,2,3,1,2,3,27,0.094879,0.119394,0.157282,0.166667,10,0.000786
9412373,,,7,1,8,7,1,8,27,0.094874,0.119325,0.015583,0.089286,10,0.00655
9504329,,,1,1,2,1,1,2,28,0.086661,0.104206,0.157282,0,10,0.006957
9504333,,,55,1,56,55,1,56,40,0.044423,0.049155,0.000531,0.068182,12,0.154636
9504334,,,43,2,45,43,2,45,40,0.044424,0.049225,0.000488,0.051515,12,0.078937
9606230,,,72,11,83,72,11,83,40,0.044448,0.050363,0.000736,0.059653,1,0.151583
9801356,,,42,4,46,42,4,46,33,0.063528,0.077789,0.000128,0.108696,1,0.085663
9703404,,,27,6,33,27,6,33,31,0.071173,0.085154,0.000887,0.155303,1,0.064701
9612217,,,44,1,45,44,1,45,43,0.03921,0.042314,0.000804,0.048485,13,0.031651
9607285,,,16,1,17,16,1,17,42,0.04081,0.044392,0.001075,0.145833,13,0.014281
104037,,,1,5,6,1,5,6,24,0.112929,0.133212,0.000183,0.1,0,0.00068
9709232,,,24,4,28,24,4,28,38,0.047716,0.052634,0.00006,0.092593,0,0.022619
6168,,,2,7,9,2,7,9,28,0.086696,0.109153,0.000004,0.180556,0,0.001147
11389,,,1,6,7,1,6,7,23,0.126024,0.154042,0.000108,0.095238,0,0.000573
9710523,,,1,1,2,1,1,2,33,0.062749,0.072687,0,0.5,7,0.000568
9612223,,,7,4,11,7,4,11,32,0.066943,0.079834,0.00041,0.045455,7,0.004465
104039,,,1,7,8,1,7,8,24,0.109527,0.130534,0.000419,0.232143,3,0.000601
9803488,,,11,1,12,11,1,12,40,0.044425,0.049151,0.000323,0.060606,3,0.010906
7234,,,1,6,7,1,6,7,26,0.097585,0.118813,0.000282,0.285714,3,0.000569
9811268,,,5,2,7,5,2,7,24,0.103111,0.118568,0.000074,0.261905,3,0.004404
9806428,,,11,3,14,11,3,14,34,0.059521,0.070798,0.000188,0.17033,3,0.011209
10306,,,1,5,6,1,5,6,25,0.093954,0.106381,0,0.266667,3,0.000569
9707201,,,14,14,28,14,14,28,34,0.059256,0.071182,0.000018,0.125661,4,0.01799
9703443,,,7,1,8,7,1,8,45,0.036422,0.039387,0.000001,0.25,0,0.01171
9609431,,,18,7,25,18,7,25,43,0.039278,0.043574,0.000714,0.061667,0,0.029563
9703209,,,41,2,43,41,2,43,44,0.037796,0.041312,0.000246,0.058693,0,0.05693
9504375,,,8,1,9,8,1,9,39,0.046486,0.052072,0.000003,0.291667,1,0.018333
9708472,,,6,2,8,6,2,8,39,0.046531,0.053027,0.000288,0.035714,8,0.005372
9706530,,,13,2,15,13,2,15,31,0.068797,0.076989,0.000072,0.085714,0,0.010016
9611228,,,5,2,7,5,2,7,31,0.068788,0.076908,0.000002,0.190476,0,0.006162
9612453,,,13,2,15,13,2,15,31,0.068788,0.076908,0.000002,0.157143,0,0.011769
9606263,,,15,2,17,15,2,17,30,0.073865,0.084083,0.000368,0.143382,0,0.014338
11200,,,3,28,31,3,28,31,24,0.128603,0.172401,0.000261,0.165591,6,0.003437
8069,,,6,10,16,6,10,16,24,0.10881,0.136038,0.000012,0.158333,3,0.007624
3081,,,20,23,43,20,23,43,23,0.120639,0.148528,0.000253,0.160576,4,0.02269
10058,,,7,14,21,7,14,21,24,0.122147,0.154393,0.000079,0.157143,6,0.005039
3086,,,19,27,46,19,27,46,24,0.117176,0.149286,0.000066,0.176812,6,0.01792
7313,,,27,75,102,27,75,102,23,0.135977,0.182893,0.003373,0.073772,7,0.02471
5204,,,5,25,30,5,25,30,23,0.123843,0.16456,0.000094,0.058621,6,0.00378
9803290,,,30,21,51,30,21,51,32,0.068111,0.091107,0.000821,0.108235,4,0.066248
9606237,,,36,2,38,36,2,38,44,0.037776,0.041086,0.000004,0.099573,6,0.070409
3187,,,13,23,36,13,23,36,23,0.119288,0.144415,0.000039,0.177778,4,0.014619
7320,,,10,31,41,10,31,41,24,0.126786,0.16686,0.000064,0.159756,7,0.009128
9905464,,,45,9,54,45,9,54,24,0.111626,0.133986,0.002299,0.100978,7,0.059202
9612225,,,19,1,20,19,1,20,45,0.036365,0.038866,0.000003,0.123684,0,0.032
9603388,,,14,2,16,14,2,16,44,0.037735,0.040589,0.000086,0.145833,0,0.02198
9504399,,,6,1,7,6,1,7,34,0.059974,0.070861,0.000232,0.119048,5,0.020899
104047,,,2,17,19,2,17,19,23,0.120781,0.144024,0.000005,0.210526,6,0.001264
9604392,,,4,1,5,4,1,5,39,0.046496,0.052281,0.000003,0.15,6,0.002727
9710313,,,16,5,21,16,5,21,34,0.059429,0.070215,0.000094,0.07381,6,0.021926
9903211,,,10,3,13,10,3,13,34,0.059411,0.069867,0.000009,0.141026,6,0.008071
3246,,,25,9,34,25,9,34,23,0.116937,0.136137,0.000008,0.14795,6,0.024776
9607400,,,22,1,23,22,1,23,44,0.037733,0.040515,0.000031,0.063241,6,0.036596
9809275,,,5,2,7,5,2,7,35,0.056383,0.065002,0.000074,0.142857,6,0.004064
7006,,,7,27,34,7,27,34,22,0.133632,0.163222,0.000631,0.114973,6,0.006848
9712205,,,6,7,13,6,7,13,32,0.066915,0.08185,0.000233,0.121795,1,0.010063
9610305,,,5,5,10,5,5,10,31,0.071036,0.084839,0.00048,0.044444,1,0.008076
9706221,,,2,3,5,2,3,5,32,0.066557,0.078573,0.000005,0.1,7,0.002099
9508250,,,23,1,24,23,1,24,39,0.046486,0.052074,0.000803,0.01087,1,0.031588
9610468,,,7,1,8,7,1,8,42,0.040838,0.044736,0.00002,0.017857,0,0.010571
9504421,,,1,1,2,1,1,2,39,0.04649,0.052098,0,0,10,0.000568
104049,,,3,6,9,3,6,9,26,0.096552,0.113386,0.00027,0.089286,11,0.002002
103163,,,3,7,10,3,7,10,25,0.104285,0.12227,0.000134,0.180556,11,0.002189
7012,,,6,12,18,6,12,18,25,0.104826,0.124462,0.000104,0.157143,11,0.003799
9302,,,4,1,5,4,1,5,27,0.079209,0.091539,0.000012,0.15,11,0.002589
11031,,,3,8,11,3,8,11,25,0.095883,0.111687,0.000298,0.209091,11,0.001996
9609320,,,11,2,13,11,2,13,41,0.042538,0.046714,0.000242,0.070513,11,0.012224
9902343,,,9,6,15,9,6,15,34,0.061867,0.082559,0.000199,0.180952,11,0.007207
9504431,,,18,6,24,18,6,24,38,0.048759,0.055911,0.002299,0.096014,11,0.026597
9412356,,,13,3,16,13,3,16,40,0.044424,0.049274,0.000063,0.116667,11,0.022533
9504432,,,2,3,5,2,3,5,39,0.046495,0.052384,0,0.35,11,0.00293
9705201,,,25,12,37,25,12,37,31,0.071006,0.086387,0.000421,0.212462,0,0.046965
9712212,,,22,5,27,22,5,27,33,0.062367,0.072933,0.000004,0.183761,0,0.02162
9801212,,,16,7,23,16,7,23,33,0.062555,0.074238,0.000007,0.225296,0,0.015743
9707423,,,26,2,28,26,2,28,33,0.061165,0.0681,0.000018,0.219577,0,0.032596
11211,,,2,21,23,2,21,23,28,0.088661,0.111922,0.000279,0.132411,13,0.001196
9906538,,,15,12,27,15,12,27,27,0.093107,0.118047,0.002051,0.095442,0,0.011464
7244,,,2,12,14,2,12,14,28,0.088668,0.111557,0.000002,0.164835,13,0.001198
6254,,,6,9,15,6,9,15,29,0.083139,0.102632,0.000013,0.214286,0,0.004128
5101,,,2,20,22,2,20,22,31,0.073885,0.09671,0.000005,0.138528,13,0.001251
6160,,,13,6,19,13,6,19,28,0.086515,0.106496,0.000348,0.210526,0,0.009141
9811246,,,1,1,2,1,1,2,31,0.068854,0.077197,0,0,0,0.000625
10135,,,1,6,7,1,6,7,32,0.068583,0.085832,0,0.238095,13,0.000625
4159,,,6,14,20,6,14,20,32,0.069208,0.090286,0.00039,0.1,13,0.003856
104054,,,1,15,16,1,15,16,22,0.128384,0.149514,0.059787,0.083333,2,0.001001
10178,,,19,7,26,19,7,26,22,0.128107,0.149724,0.012176,0.086667,2,0.017527
12134,,,12,15,27,12,15,27,21,0.140984,0.169976,0.047183,0.08547,2,0.012031
9910407,,,6,7,13,6,7,13,24,0.091176,0.105926,0.000014,0.141026,2,0.005156
9806380,,,4,2,6,4,2,6,33,0.062412,0.071762,0.000002,0.233333,2,0.004738
9356,,,21,5,26,21,5,26,25,0.095744,0.118741,0.000501,0.098462,2,0.022525
9909250,,,14,7,21,14,7,21,29,0.080347,0.095205,0.000033,0.121429,2,0.014267
9810510,,,16,3,19,16,3,19,38,0.048712,0.055452,0.000002,0.125731,2,0.023068
2064,,,67,8,75,67,8,75,25,0.097743,0.121421,0.000105,0.071825,2,0.144785
9809458,,,18,5,23,18,5,23,33,0.064018,0.079755,0.000164,0.124506,2,0.042094
4122,,,3,4,7,3,4,7,29,0.078728,0.092323,0.00031,0.119048,2,0.002882
9710540,,,2,8,10,2,8,10,30,0.076366,0.095538,0.000987,0.111111,9,0.003097
9704248,,,4,2,6,4,2,6,34,0.0601,0.07194,0.000109,0.033333,9,0.003576
9710327,,,3,26,29,3,26,29,32,0.067357,0.086687,0.000081,0.246305,9,0.002174
9707418,,,4,2,6,4,2,6,30,0.074881,0.086907,0.000254,0.133333,8,0.003123
9707470,,,3,10,13,3,10,13,33,0.063349,0.078,0.000043,0.128205,9,0.002158
11213,,,1,18,19,1,18,19,22,0.1345,0.169183,0.00003,0.119883,2,0.000641
6277,,,3,9,12,3,9,12,22,0.122766,0.146418,0.000007,0.236364,2,0.003491
9911298,,,8,4,12,8,4,12,26,0.094032,0.114603,0.000045,0.295455,2,0.008999
9907203,,,10,2,12,10,2,12,33,0.062768,0.074252,0.000043,0.265152,2,0.011259
5285,,,4,2,6,4,2,6,26,0.091005,0.108402,0.000002,0.266667,2,0.004252
3212,,,10,61,71,10,61,71,23,0.114519,0.154933,0.000204,0.07666,2,0.008158
8138,,,5,6,11,5,6,11,23,0.107036,0.129847,0.000019,0.163636,2,0.003182
9906253,,,6,2,8,6,2,8,36,0.053317,0.06026,0.000012,0.160714,2,0.005091
8276,,,8,49,57,8,49,57,22,0.1256,0.168957,0.000238,0.091165,2,0.008352
3160,,,9,6,15,9,6,15,25,0.099079,0.120166,0.00012,0.263736,2,0.009273
9901215,,,15,6,21,15,6,21,35,0.055925,0.064902,0.000009,0.061905,2,0.026373
104056,,,7,41,48,7,41,48,20,0.16828,0.211932,0.000664,0.156799,6,0.005873
9805376,,,7,1,8,7,1,8,34,0.05964,0.069835,0.000002,0.125,5,0.006635
102145,,,78,24,102,78,24,102,23,0.139799,0.175276,0.001618,0.106581,6,0.121384
102146,,,90,13,103,90,13,103,23,0.129424,0.160346,0.000468,0.122311,6,0.147943
103235,,,19,14,33,19,14,33,21,0.145577,0.178084,0.000233,0.139205,3,0.015194
102157,,,70,20,90,70,20,90,23,0.137377,0.172459,0.000231,0.132834,6,0.108406
102344,,,52,27,79,52,27,79,19,0.156189,0.190935,0.002641,0.132262,6,0.060883
103050,,,13,11,24,13,11,24,23,0.13076,0.158791,0.001168,0.172101,6,0.014847
103127,,,12,40,52,12,40,52,20,0.158483,0.198889,0.000846,0.145551,6,0.011857
103054,,,21,19,40,21,19,40,20,0.15268,0.188724,0.000094,0.219231,6,0.024558
103183,,,23,31,54,23,31,54,20,0.156412,0.194784,0.00693,0.183089,6,0.022749
9292,,,11,24,35,11,24,35,24,0.125292,0.161762,0.000968,0.14082,6,0.024507
8209,,,9,17,26,9,17,26,24,0.11641,0.153294,0.001313,0.186154,3,0.009616
104151,,,12,42,54,12,42,54,19,0.1693,0.211758,0.000431,0.15566,6,0.009414
103064,,,16,26,42,16,26,42,20,0.156444,0.195472,0.000433,0.288415,6,0.021308
101017,,,3,4,7,3,4,7,24,0.104609,0.131214,0.000156,0.047619,6,0.003102
103067,,,53,44,97,53,44,97,20,0.158518,0.202652,0.000536,0.112719,6,0.05158
103072,,,15,26,41,15,26,41,21,0.147973,0.183351,0.000114,0.178659,6,0.016258
6049,,,34,35,69,34,35,69,23,0.129318,0.165702,0.001127,0.128303,6,0.083789
103259,,,1,27,28,1,27,28,26,0.111336,0.144613,0.00003,0.111111,1,0.000984
102310,,,5,31,36,5,31,36,20,0.160551,0.201727,0.001376,0.096032,7,0.004155
103280,,,37,68,105,37,68,105,20,0.162934,0.212521,0.000525,0.098443,6,0.030371
102255,,,32,24,56,32,24,56,20,0.152442,0.188182,0.001297,0.178197,6,0.05129
102297,,,22,11,33,22,11,33,22,0.14089,0.168257,0.000921,0.229167,6,0.035253
101106,,,7,33,40,7,33,40,23,0.129768,0.166563,0.000418,0.121154,6,0.005617
9908531,,,25,32,57,25,32,57,24,0.115322,0.148268,0.000325,0.114662,6,0.064137
103223,,,9,38,47,9,38,47,19,0.160502,0.19709,0.01219,0.168363,6,0.007869
9803384,,,23,10,33,23,10,33,32,0.067281,0.082889,0.00014,0.159091,6,0.072712
9805439,,,3,11,14,3,11,14,32,0.068085,0.088882,0.000001,0.153846,7,0.00252
102204,,,66,16,82,66,16,82,23,0.127468,0.157841,0.000067,0.139717,6,0.101052
11214,,,2,12,14,2,12,14,28,0.088299,0.11089,0.000323,0.051282,10,0.001947
9808322,,,6,1,7,6,1,7,30,0.073956,0.084469,0.000304,0.095238,7,0.004338
9610275,,,14,4,18,14,4,18,28,0.086662,0.104356,0.000635,0.124183,10,0.013802
9606277,,,15,1,16,15,1,16,28,0.086655,0.10417,0.000599,0.104167,10,0.01486
9806374,,,4,1,5,4,1,5,29,0.07975,0.092869,0.000181,0.2,10,0.003004
11146,,,2,10,12,2,10,12,28,0.089195,0.114212,0.000049,0.090909,10,0.001227
9811376,,,6,4,10,6,4,10,31,0.071457,0.087152,0.000118,0.077778,7,0.004101
9607459,,,11,1,12,11,1,12,28,0.086655,0.104167,0.001664,0.060606,13,0.008585
9611260,,,2,2,4,2,2,4,29,0.079754,0.092981,0,0.25,10,0.001915
11293,,,1,5,6,1,5,6,28,0.086205,0.106459,0.000007,0.2,10,0.000656
104057,,,2,18,20,2,18,20,25,0.107862,0.133195,0.000424,0.149123,11,0.001428
6307,,,10,22,32,10,22,32,25,0.095921,0.111704,0.000404,0.152218,11,0.006789
12004,,,2,9,11,2,9,11,25,0.105395,0.127671,0.001066,0.145455,11,0.001383
9805445,,,9,2,11,9,2,11,37,0.050752,0.057368,0.000247,0.122222,11,0.009878
7335,,,2,8,10,2,8,10,24,0.117264,0.148357,0.000179,0.111111,11,0.001271
101257,,,1,14,15,1,14,15,25,0.102089,0.120229,0.00008,0.233333,11,0.000637
5309,,,13,34,47,13,34,47,24,0.104748,0.123009,0.001029,0.094357,11,0.008735
9905341,,,1,1,2,1,1,2,36,0.053011,0.059865,0.000079,0,11,0.000637
103155,,,2,14,16,2,14,16,24,0.10658,0.126178,0.000377,0.108333,11,0.001204
12250,,,2,12,14,2,12,14,25,0.095339,0.108615,0,0.318681,11,0.001262
9907229,,,10,4,14,10,4,14,34,0.061728,0.080982,0.000028,0.148352,11,0.0077
9908254,,,6,2,8,6,2,8,34,0.060258,0.073333,0.000004,0.178571,11,0.004259
9703266,,,28,7,35,28,7,35,31,0.069802,0.080092,0.000195,0.203361,0,0.050856
9611292,,,30,2,32,30,2,32,36,0.052469,0.057482,0.000002,0.197581,0,0.049411
11216,,,2,7,9,2,7,9,24,0.108922,0.136734,0.00017,0.027778,4,0.001377
11198,,,2,9,11,2,9,11,24,0.107927,0.128748,0.00004,0.2,0,0.001271
9605222,,,29,2,31,29,2,31,46,0.035091,0.037417,0.000001,0.125806,4,0.110075
2226,,,2,1,3,2,1,3,35,0.055543,0.062142,0,0.166667,6,0.00123
2126,,,6,39,45,6,39,45,23,0.115054,0.155754,0.000621,0.035859,6,0.010582
9906527,,,19,4,23,19,4,23,29,0.077935,0.092496,0.000104,0.108696,4,0.029882
11217,,,6,18,24,6,18,24,22,0.128341,0.165718,0.000367,0.119565,2,0.00669
4197,,,8,37,45,8,37,45,23,0.106281,0.138283,0.000012,0.159596,2,0.006371
5064,,,9,20,29,9,20,29,24,0.105712,0.137026,0.000022,0.169951,2,0.008467
5093,,,5,53,58,5,53,58,22,0.119417,0.158167,0.000129,0.127949,2,0.004623
9707215,,,47,1,48,47,1,48,32,0.066954,0.079747,0.000474,0.065603,2,0.102035
11153,,,5,39,44,5,39,44,22,0.134334,0.171853,0.000428,0.114693,2,0.004868
9909429,,,26,51,77,26,51,77,22,0.113504,0.154549,0.001606,0.105092,9,0.029375
7066,,,5,20,25,5,20,25,24,0.107787,0.13937,0.000095,0.171667,2,0.004769
6229,,,16,21,37,16,21,37,24,0.101742,0.129006,0.00002,0.185435,2,0.015165
9612243,,,27,1,28,27,1,28,36,0.053585,0.060888,0.004166,0.071429,2,0.173191
9604218,,,22,2,24,22,2,24,35,0.056615,0.065609,0.007129,0.039855,2,0.064385
104063,,,1,5,6,1,5,6,26,0.102657,0.124203,0.000001,0.233333,7,0.00057
9903385,,,18,26,44,18,26,44,27,0.092027,0.12038,0.0001,0.152748,7,0.022697
102165,,,3,4,7,3,4,7,25,0.111888,0.135348,0.000067,0.233333,7,0.001766
9902478,,,3,2,5,3,2,5,32,0.067133,0.080969,0.000002,0.2,7,0.002044
5133,,,5,11,16,5,11,16,28,0.086237,0.109622,0.000088,0.166667,7,0.003017
11222,,,5,8,13,5,8,13,35,0.057542,0.073953,0.000002,0.185897,11,0.003236
9602277,,,80,1,81,80,1,81,40,0.044423,0.049149,0.000106,0.066049,11,0.125358
9904440,,,13,7,20,13,7,20,38,0.048422,0.054868,0.000141,0.136842,11,0.011315
9610490,,,43,1,44,43,1,44,44,0.037737,0.040578,0.000112,0.042283,6,0.079275
9812415,,,12,20,32,12,20,32,34,0.060368,0.077368,0.000188,0.084677,11,0.012042
9710554,,,2,1,3,2,1,3,29,0.079749,0.092868,0.000028,0.333333,10,0.001924
203011,,,1,8,9,1,8,9,28,0.085081,0.10629,0.000427,0.069444,10,0.000628
6161,,,3,1,4,3,1,4,28,0.086664,0.104179,0.000036,0.25,10,0.001764
9806226,,,8,4,12,8,4,12,30,0.073928,0.084609,0.000116,0.151515,10,0.005372
6181,,,2,4,6,2,4,6,28,0.089212,0.110586,0.000036,0.266667,10,0.001141
9903367,,,3,7,10,3,7,10,29,0.079825,0.093629,0.000024,0.222222,10,0.002014
8140,,,1,8,9,1,8,9,28,0.082812,0.099236,0.000018,0.083333,10,0.00057
2252,,,5,8,13,5,8,13,27,0.08749,0.109524,0.000441,0.089744,10,0.003012
3132,,,3,6,9,3,6,9,28,0.080766,0.097873,0.000072,0.152778,10,0.001764
9612252,,,5,1,6,5,1,6,29,0.079749,0.092868,0,0.366667,10,0.00403
104073,,,1,33,34,1,33,34,26,0.092194,0.116373,0.000118,0.287879,13,0.000623
11333,,,12,70,82,12,70,82,27,0.096471,0.12431,0.027832,0.179765,13,0.008121
12039,,,6,25,31,6,25,31,27,0.094193,0.116374,0.000881,0.27957,13,0.003973
101067,,,3,20,23,3,20,23,28,0.088543,0.109232,0.00004,0.34585,13,0.001761
8207,,,8,9,17,8,9,17,29,0.082205,0.098918,0.000001,0.379167,13,0.0068
8208,,,13,37,50,13,37,50,28,0.086891,0.106864,0.00018,0.275085,13,0.009774
6034,,,11,23,34,11,23,34,31,0.071675,0.08839,0.000001,0.332442,13,0.009012
101326,,,1,17,18,1,17,18,27,0.0945,0.117068,0.000005,0.284314,13,0.00057
102047,,,4,47,51,4,47,51,25,0.099719,0.128853,0.002183,0.212941,13,0.002405
5225,,,8,11,19,8,11,19,31,0.071216,0.085922,0.000001,0.353801,13,0.007331
4074,,,11,38,49,11,38,49,27,0.092625,0.115592,0.001228,0.308248,13,0.009123
12274,,,2,10,12,2,10,12,28,0.088072,0.107012,0,0.371212,13,0.00125
4095,,,17,5,22,17,5,22,27,0.090375,0.106973,0.000004,0.281385,13,0.013566
3199,,,13,12,25,13,12,25,31,0.071192,0.085666,0.00007,0.288333,13,0.011565
11231,,,1,12,13,1,12,13,24,0.123919,0.159234,0.000329,0.108974,1,0.000623
5089,,,8,7,15,8,7,15,29,0.077919,0.098782,0.000007,0.147619,1,0.006288
9909479,,,7,2,9,7,2,9,28,0.078863,0.095002,0.000078,0.111111,7,0.005668
9912528,,,3,12,15,3,12,15,32,0.067178,0.080358,0.000083,0.247619,4,0.001834
11162,,,1,13,14,1,13,14,33,0.062963,0.073582,0,0.373626,4,0.00057
9021,,,4,30,34,4,30,34,24,0.127325,0.167619,0.000165,0.083779,1,0.002639
9712201,,,69,9,78,69,9,78,34,0.060265,0.074221,0.001102,0.016983,2,0.096974
9912498,,,24,25,49,24,25,49,24,0.107406,0.140043,0.000112,0.153061,3,0.026912
103197,,,4,15,19,4,15,19,20,0.159463,0.19849,0.000419,0.096491,7,0.003407
106098,,,6,14,20,6,14,20,20,0.143544,0.176431,0.000207,0.169591,4,0.005583
10195,,,16,16,32,16,16,32,24,0.124074,0.164415,0.000736,0.185484,3,0.013038
9912408,,,53,24,77,53,24,77,23,0.108476,0.145137,0.00105,0.081852,3,0.054275
104076,,,7,12,19,7,12,19,20,0.145668,0.172338,0.000236,0.108187,2,0.007724
4256,,,3,16,19,3,16,19,24,0.100077,0.128686,0.000018,0.236842,4,0.002208
103065,,,17,26,43,17,26,43,22,0.131081,0.173457,0.000113,0.142303,2,0.016047
9704205,,,22,13,35,22,13,35,33,0.063295,0.078023,0.001198,0.058824,4,0.031528
9702421,,,29,7,36,29,7,36,33,0.062721,0.07468,0.001397,0.086508,9,0.059031
9805367,,,32,4,36,32,4,36,34,0.059194,0.068099,0.000064,0.133333,4,0.044037
9711348,,,36,5,41,36,5,41,36,0.053653,0.061759,0.000012,0.143293,4,0.055924
9810479,,,51,11,62,51,11,62,32,0.067488,0.083915,0.000405,0.106029,4,0.075275
2108,,,81,26,107,81,26,107,24,0.108888,0.142421,0.003244,0.082749,2,0.111133
11234,,,19,18,37,19,18,37,24,0.114231,0.139628,0.00009,0.209524,2,0.022682
3184,,,47,50,97,47,50,97,23,0.111058,0.147543,0.001191,0.093169,2,0.071453
7181,,,26,36,62,26,36,62,24,0.107465,0.143626,0.000473,0.119513,2,0.037844
5134,,,11,12,23,11,12,23,24,0.102641,0.130231,0.000015,0.270751,2,0.014111
5007,,,31,15,46,31,15,46,24,0.107442,0.138838,0.000249,0.163285,2,0.039426
4208,,,24,32,56,24,32,56,24,0.106053,0.135812,0.000069,0.135017,2,0.033268
4085,,,30,16,46,30,16,46,24,0.106431,0.135714,0.000133,0.179227,2,0.036474
11387,,,16,28,44,16,28,44,23,0.1209,0.147407,0.000074,0.24158,2,0.018317
9803212,,,10,3,13,10,3,13,33,0.063499,0.077778,0.000006,0.205128,2,0.017446
9701201,,,3,1,4,3,1,4,41,0.04256,0.046896,0.000086,0,8,0.002935
9611278,,,6,7,13,6,7,13,40,0.044449,0.049746,0.000261,0.115385,8,0.00602
9603336,,,22,9,31,22,9,31,33,0.062311,0.071908,0.000217,0.076344,4,0.043819
9512440,,,3,1,4,3,1,4,30,0.073863,0.084011,0.000073,0.25,6,0.002189
9701208,,,8,2,10,8,2,10,35,0.05598,0.063568,0.000068,0.1,1,0.005412
9610294,,,8,1,9,8,1,9,42,0.040815,0.044449,0.000082,0.055556,1,0.005817
9701209,,,6,2,8,6,2,8,33,0.062788,0.072998,0.001747,0.053571,8,0.006533
9606276,,,2,2,4,2,2,4,32,0.066961,0.079871,0.001954,0.166667,1,0.001983
9610423,,,10,3,13,10,3,13,41,0.042551,0.046872,0.000597,0.057692,8,0.023242
9701211,,,1,3,4,1,3,4,42,0.040847,0.044934,0.000078,0.166667,2,0.000815
9605354,,,3,1,4,3,1,4,44,0.037728,0.040446,0,0.083333,2,0.002041
9612227,,,11,3,14,11,3,14,41,0.042579,0.047367,0.000167,0.093407,2,0.015116
9701213,,,5,3,8,5,3,8,32,0.064579,0.071995,0.000112,0.142857,8,0.004877
9612274,,,4,2,6,4,2,6,40,0.044436,0.04947,0.000003,0.1,8,0.004657
9607204,,,6,1,7,6,1,7,40,0.044444,0.049544,0.000003,0.166667,7,0.013937
9612261,,,29,16,45,29,16,45,33,0.063126,0.077002,0.000322,0.071717,4,0.084946
9608449,,,15,4,19,15,4,19,41,0.042554,0.047077,0.000009,0.154971,7,0.090624
9605447,,,21,12,33,21,12,33,32,0.067095,0.081352,0.001079,0.086174,4,0.035958
9603310,,,64,13,77,64,13,77,32,0.066359,0.077909,0.017671,0.052632,4,0.184467
104080,,,1,7,8,1,7,8,25,0.106973,0.130297,0,0.357143,7,0.000573
9808385,,,30,7,37,30,7,37,31,0.071171,0.085568,0.000036,0.111111,7,0.038258
12219,,,4,30,34,4,30,34,24,0.118272,0.152654,0.000255,0.116756,7,0.003142
12222,,,2,7,9,2,7,9,26,0.094878,0.110935,0,0.222222,7,0.001877
6135,,,13,7,20,13,7,20,25,0.104636,0.126771,0.000516,0.092105,7,0.009586
12154,,,4,10,14,4,10,14,25,0.108288,0.132818,0.00067,0.120879,7,0.003244
9912318,,,5,5,10,5,5,10,32,0.068029,0.085238,0.000003,0.255556,7,0.004946
9701218,,,10,2,12,10,2,12,40,0.044439,0.049435,0.000004,0.106061,7,0.016407
9701219,,,25,6,31,25,6,31,33,0.062462,0.072882,0.00046,0.075269,6,0.056761
9609370,,,5,2,7,5,2,7,34,0.05866,0.066148,0,0.214286,4,0.006441
9508254,,,18,1,19,18,1,19,44,0.037727,0.040443,0.000005,0.067251,6,0.03873
11238,,,6,15,21,6,15,21,26,0.099682,0.12672,0.000008,0.190476,7,0.006404
9607214,,,36,3,39,36,3,39,32,0.066973,0.079508,0.000195,0.125506,7,0.056045
4213,,,28,17,45,28,17,45,26,0.099666,0.126746,0.00011,0.159619,7,0.033347
2038,,,8,10,18,8,10,18,31,0.073232,0.097417,0.000259,0.088235,7,0.005722
7038,,,11,9,20,11,9,20,26,0.100696,0.125936,0.000237,0.223684,7,0.010411
9610426,,,4,1,5,4,1,5,35,0.056751,0.066397,0.000109,0.1,12,0.00708
9701225,,,2,17,19,2,17,19,32,0.066777,0.081601,0.000411,0.01462,1,0.001342
9510377,,,18,6,24,18,6,24,40,0.04445,0.050065,0.000126,0.070652,1,0.047213
9606405,,,1,5,6,1,5,6,34,0.058672,0.066318,0,0.1,1,0.000632
9611356,,,1,5,6,1,5,6,31,0.071229,0.086641,0.000299,0.133333,7,0.000632
9608415,,,23,6,29,23,6,29,34,0.059226,0.06862,0.000973,0.04064,9,0.06638
9611258,,,6,3,9,6,3,9,40,0.044474,0.050025,0.000355,0.083333,1,0.004962
9607349,,,10,2,12,10,2,12,33,0.062198,0.070891,0.000159,0.045455,7,0.008499
9603417,,,9,2,11,9,2,11,41,0.042554,0.046973,0.000001,0.109091,7,0.006471
9610232,,,8,1,9,8,1,9,43,0.039219,0.042467,0.000014,0.125,9,0.027393
9612441,,,4,1,5,4,1,5,42,0.040818,0.044635,0.000001,0.05,7,0.003663
9611324,,,7,2,9,7,2,9,42,0.040818,0.044524,0.000005,0.069444,1,0.00462
9612349,,,4,22,26,4,22,26,32,0.067057,0.081957,0.000066,0.112308,1,0.012883
9612293,,,7,10,17,7,10,17,33,0.062861,0.074384,0.000181,0.132353,1,0.008126
9701226,,,12,1,13,12,1,13,42,0.040808,0.044358,0.000324,0.064103,8,0.014137
9701231,,,82,24,106,82,24,106,31,0.07098,0.087798,0.00278,0.054807,7,0.206404
9607298,,,25,8,33,25,8,33,37,0.050061,0.055724,0.000114,0.089015,4,0.104384
9610252,,,66,14,80,66,14,80,31,0.071276,0.087332,0.002532,0.062025,7,0.159016
9610449,,,65,5,70,65,5,70,33,0.062385,0.072921,0.000236,0.052856,2,0.134333
9610208,,,39,2,41,39,2,41,32,0.067044,0.080637,0.000124,0.090854,7,0.098996
9603233,,,25,4,29,25,4,29,43,0.039244,0.042969,0.00014,0.091133,7,0.064503
9512354,,,5,2,7,5,2,7,36,0.05358,0.060897,0.000008,0.166667,4,0.018986
9603244,,,23,4,27,23,4,27,42,0.040843,0.045204,0.000019,0.135328,7,0.083855
9610485,,,12,4,16,12,4,16,34,0.06003,0.071511,0.000373,0.1125,6,0.027254
9607332,,,29,11,40,29,11,40,32,0.066976,0.080457,0.002312,0.055769,7,0.04642
9701236,,,16,1,17,16,1,17,41,0.042535,0.046582,0,0.102941,8,0.018303
9701237,,,1,4,5,1,4,5,28,0.086672,0.104412,0.002811,0.15,0,0.001168
9606459,,,3,1,4,3,1,4,30,0.073862,0.084014,0,0.333333,0,0.00311
9609414,,,2,2,4,2,2,4,30,0.073867,0.084086,0,0.333333,0,0.001218
9701238,,,49,12,61,49,12,61,34,0.060162,0.072996,0.000427,0.051913,7,0.11135
9612480,,,26,3,29,26,3,29,42,0.040843,0.044941,0.00001,0.098522,7,0.040364
9607243,,,8,6,14,8,6,14,33,0.062784,0.073305,0.000078,0.137363,7,0.014811
9609484,,,2,3,5,2,3,5,34,0.060002,0.071286,0.000002,0.25,7,0.009307
9509358,,,36,2,38,36,2,38,33,0.063805,0.077892,0.002511,0.070413,7,0.068353
9602201,,,10,4,14,10,4,14,34,0.06004,0.071368,0.000249,0.159341,7,0.026192
9609501,,,1,3,4,1,3,4,34,0.060007,0.071364,0.000003,0.083333,7,0.006583
9506398,,,41,1,42,41,1,42,41,0.042535,0.046587,0.000376,0.062137,7,0.111905
9610367,,,9,2,11,9,2,11,35,0.056639,0.065827,0.000661,0.054545,7,0.026882
11241,,,8,23,31,8,23,31,29,0.081857,0.109544,0.000186,0.212903,8,0.005185
7108,,,7,18,25,7,18,25,31,0.073768,0.096785,0.000072,0.196667,8,0.004863
9706377,,,39,1,40,39,1,40,44,0.037749,0.040615,0,0.160256,8,0.052589
4044,,,15,20,35,15,20,35,29,0.080814,0.109055,0.000071,0.185714,8,0.010875
9903246,,,22,12,34,22,12,34,32,0.066652,0.08151,0.000077,0.164773,8,0.022331
5049,,,5,21,26,5,21,26,32,0.06872,0.090444,0.01179,0.12,8,0.004002
6233,,,3,19,22,3,19,22,32,0.068664,0.089862,0.000009,0.162338,8,0.002895
7133,,,3,14,17,3,14,17,29,0.082796,0.106972,0.00002,0.272059,8,0.002236
9904420,,,6,13,19,6,13,19,31,0.071723,0.090175,0.000001,0.219298,8,0.006348
9807462,,,50,15,65,50,15,65,34,0.059218,0.070916,0.000621,0.096154,8,0.057412
4014,,,19,26,45,19,26,45,29,0.084026,0.112811,0.003045,0.167172,8,0.014089
9704369,,,21,1,22,21,1,22,43,0.039227,0.042497,0.000002,0.08658,8,0.032076
3070,,,2,15,17,2,15,17,29,0.082016,0.107972,0.000767,0.209559,8,0.002697
9709432,,,56,6,62,56,6,62,33,0.061359,0.068447,0.001138,0.121364,8,0.062736
9911289,,,11,10,21,11,10,21,32,0.068125,0.086692,0.003574,0.138095,8,0.007612
9701284,,,53,1,54,53,1,54,43,0.039227,0.042497,0.00024,0.117051,8,0.074503
9607487,,,39,18,57,39,18,57,34,0.05921,0.069381,0.000463,0.124687,4,0.150428
9701248,,,17,2,19,17,2,19,30,0.073923,0.08426,0.002467,0.073099,8,0.017092
9506273,,,22,1,23,22,1,23,29,0.079748,0.092865,0.007403,0.067194,10,0.019003
9701250,,,3,1,4,3,1,4,42,0.040825,0.04455,0.000083,0.083333,1,0.002231
9610505,,,1,3,4,1,3,4,41,0.04256,0.046966,0.000083,0.083333,1,0.000701
9701252,,,6,5,11,6,5,11,40,0.044449,0.049641,0.00003,0.272727,8,0.004794
9612415,,,9,5,14,9,5,14,41,0.042556,0.047028,0.000096,0.197802,8,0.008598
9610430,,,7,4,11,7,4,11,41,0.042552,0.046932,0.00001,0.218182,8,0.00602
9701253,,,38,1,39,38,1,39,41,0.041894,0.045453,0.000019,0.051957,9,0.057098
9701254,,,3,4,7,3,4,7,40,0.044438,0.049445,0.000004,0.214286,8,0.002628
9604215,,,3,4,7,3,4,7,39,0.046495,0.052296,0.000106,0.166667,8,0.002331
9607399,,,7,3,10,7,3,10,40,0.044435,0.04937,0.00013,0.122222,8,0.005424
9701256,,,33,3,36,33,3,36,34,0.059299,0.068879,0.000966,0.064286,8,0.053176
9610211,,,2,1,3,2,1,3,34,0.059273,0.068546,0.000078,0.166667,8,0.004802
9901299,,,53,12,65,53,12,65,25,0.098378,0.116452,0.000352,0.126683,3,0.102201
9701263,,,4,4,8,4,4,8,33,0.063381,0.075847,0.0001,0.017857,6,0.014208
9810320,,,36,8,44,36,8,44,33,0.06475,0.086452,0.000176,0.159091,3,0.10157
9701260,,,12,4,16,12,4,16,29,0.079802,0.093364,0.000305,0.079167,10,0.008701
9701262,,,2,3,5,2,3,5,32,0.067001,0.079919,0.000108,0.05,1,0.009493
9511388,,,73,5,78,73,5,78,33,0.063807,0.078052,0.003105,0.094498,6,0.199388
9612308,,,7,2,9,7,2,9,40,0.044441,0.04958,0.00003,0.055556,12,0.01578
9701264,,,2,22,24,2,22,24,33,0.063166,0.077656,0.000019,0.148551,4,0.004797
9607296,,,14,6,20,14,6,20,33,0.062291,0.071525,0.000698,0.223684,4,0.056773
9608275,,,20,12,32,20,12,32,33,0.062454,0.073153,0.000546,0.19254,4,0.045146
9611239,,,38,19,57,38,19,57,32,0.066703,0.080878,0.008849,0.02005,6,0.078718
9610235,,,4,8,12,4,8,12,34,0.058812,0.067615,0,0.409091,4,0.005735
104088,,,8,19,27,8,19,27,21,0.160666,0.200914,0.003647,0.061538,2,0.006613
9812384,,,11,5,16,11,5,16,32,0.067805,0.087303,0.00003,0.095833,2,0.015748
102018,,,2,34,36,2,34,36,26,0.10368,0.138642,0.001935,0.066667,8,0.001683
9702315,,,48,11,59,48,11,59,32,0.067381,0.084006,0.001844,0.058445,2,0.111779
104101,,,3,41,44,3,41,44,21,0.158986,0.202287,0.000101,0.105205,7,0.002424
9605224,,,31,3,34,31,3,34,40,0.044447,0.049618,0.000072,0.097148,2,0.093408
11049,,,6,34,40,6,34,40,25,0.115805,0.150613,0.002031,0.094872,12,0.004777
102030,,,5,11,16,5,11,16,23,0.126855,0.159969,0.000044,0.104167,4,0.01209
2171,,,34,5,39,34,5,39,25,0.103908,0.125894,0.000409,0.063428,7,0.03818
9609429,,,2,4,6,2,4,6,38,0.048756,0.055759,0.00007,0.15,12,0.002114
9701273,,,8,2,10,8,2,10,41,0.041897,0.045528,0.000315,0.177778,9,0.012123
9701275,,,5,1,6,5,1,6,41,0.04254,0.046675,0.000124,0.133333,13,0.004058
9701276,,,5,4,9,5,4,9,34,0.060141,0.072389,0.000636,0.069444,1,0.009108
9606463,,,15,1,16,15,1,16,36,0.052544,0.057889,0.002442,0.183333,0,0.046514
9604407,,,1,1,2,1,1,2,34,0.060105,0.071885,0,0.5,1,0.001043
9701277,,,8,21,29,8,21,29,39,0.046528,0.053972,0.000065,0.126847,11,0.008977
9606310,,,26,13,39,26,13,39,40,0.044451,0.050486,0.000473,0.089069,11,0.03748
9505358,,,21,3,24,21,3,24,38,0.048757,0.055738,0.000798,0.11413,11,0.049045
9410356,,,11,3,14,11,3,14,39,0.046488,0.052222,0.000175,0.131868,11,0.024152
9507382,,,11,6,17,11,6,17,39,0.046494,0.052522,0.000089,0.194853,11,0.028787
9607240,,,2,2,4,2,2,4,40,0.044429,0.049357,0.000161,0.083333,11,0.001718
9410330,,,22,4,26,22,4,26,39,0.046488,0.052261,0.000967,0.036923,11,0.03494
9610456,,,9,12,21,9,12,21,39,0.046512,0.05324,0.000009,0.2,11,0.013966
9608318,,,53,3,56,53,3,56,39,0.046494,0.052355,0.000123,0.055195,12,0.097354
9604330,,,58,3,61,58,3,61,34,0.059976,0.070977,0.000117,0.085519,7,0.171016
9507262,,,89,1,90,89,1,90,33,0.063799,0.07776,0.001491,0.064544,7,0.296429
11248,,,4,48,52,4,48,52,23,0.13674,0.181461,0.000375,0.127828,9,0.00325
9811201,,,23,15,38,23,15,38,24,0.100291,0.125226,0.001879,0.136975,9,0.041663
9808265,,,49,20,69,49,20,69,33,0.06471,0.087161,0.000278,0.123188,9,0.116449
2186,,,25,13,38,25,13,38,24,0.104487,0.136153,0.001046,0.125178,2,0.051874
4115,,,32,53,85,32,53,85,23,0.127798,0.16723,0.003225,0.090616,9,0.028081
9612436,,,16,9,25,16,9,25,41,0.042602,0.048044,0.000145,0.125,9,0.028157
9911317,,,10,40,50,10,40,50,23,0.11778,0.153589,0.000187,0.11102,9,0.011227
5142,,,7,78,85,7,78,85,23,0.130351,0.172693,0.000749,0.048039,6,0.004682
5276,,,6,35,41,6,35,41,22,0.121512,0.158594,0.000018,0.168293,9,0.004596
9902251,,,12,20,32,12,20,32,31,0.07326,0.099621,0.000348,0.070565,9,0.017688
9806382,,,10,15,25,10,15,25,34,0.059492,0.072654,0.000019,0.221667,9,0.015938
7107,,,8,18,26,8,18,26,24,0.123015,0.162522,0.000522,0.066154,6,0.007397
7157,,,2,39,41,2,39,41,23,0.125649,0.160594,0.000249,0.15061,9,0.001952
9906378,,,6,78,84,6,78,84,24,0.103836,0.138914,0.000172,0.035284,2,0.005286
9903435,,,30,20,50,30,20,50,24,0.103332,0.132714,0.000909,0.143174,9,0.056318
9804371,,,3,5,8,3,5,8,32,0.06691,0.081166,0.000039,0.160714,0,0.004858
9909212,,,6,23,29,6,23,29,25,0.098251,0.12707,0.000006,0.179803,9,0.003768
9808224,,,40,11,51,40,11,51,33,0.064545,0.085253,0.000271,0.138431,9,0.097699
7266,,,9,21,30,9,21,30,23,0.120364,0.154953,0.000085,0.132184,9,0.00663
9066,,,9,49,58,9,49,58,23,0.130703,0.172937,0.000721,0.109498,9,0.008887
9812463,,,13,20,33,13,20,33,27,0.089132,0.109644,0.000023,0.145833,9,0.016876
9606388,,,107,9,116,107,9,116,38,0.047823,0.053753,0.00223,0.063193,9,0.232862
9705406,,,8,3,11,8,3,11,42,0.040855,0.045105,0.000001,0.072727,9,0.007566
9903465,,,21,22,43,21,22,43,24,0.106967,0.135877,0.001582,0.204413,9,0.027685
9701282,,,1,5,6,1,5,6,34,0.0593,0.068994,0.000019,0.4,5,0.000852
9608349,,,2,4,6,2,4,6,34,0.059295,0.068919,0.000019,0.4,5,0.001431
9606466,,,11,4,15,11,4,15,41,0.042567,0.04722,0.000217,0.152381,4,0.019435
9606324,,,31,39,70,31,39,70,30,0.076591,0.097017,0.016436,0.058592,7,0.100487
9607423,,,3,5,8,3,5,8,39,0.045676,0.050868,0.000069,0.089286,9,0.005116
9701285,,,9,1,10,9,1,10,37,0.050834,0.056781,0,0.255556,9,0.025224
9610408,,,26,1,27,26,1,27,36,0.053554,0.060695,0.000193,0.136752,9,0.061309
9701286,,,61,12,73,61,12,73,33,0.062577,0.074417,0.000109,0.121766,4,0.152601
9609344,,,19,9,28,19,9,28,34,0.05928,0.069533,0.000002,0.25,4,0.09124
9604339,,,24,7,31,24,7,31,43,0.039276,0.043651,0.000157,0.051613,4,0.097191
9609529,,,58,13,71,58,13,71,33,0.0626,0.074332,0.000071,0.132596,4,0.153799
9606203,,,45,4,49,45,4,49,43,0.039244,0.042998,0.000096,0.12585,4,0.154998
9610214,,,5,2,7,5,2,7,42,0.040818,0.044573,0.000013,0.166667,8,0.013274
9609515,,,8,2,10,8,2,10,35,0.056805,0.067204,0.000046,0.177778,8,0.015779
9609309,,,13,5,18,13,5,18,34,0.060216,0.073554,0.001583,0.068627,8,0.023517
9610238,,,11,8,19,11,8,19,35,0.056864,0.068146,0.000238,0.093567,8,0.019828
9512242,,,3,1,4,3,1,4,42,0.040805,0.044353,0.000006,0.166667,7,0.002881
9612266,,,1,3,4,1,3,4,33,0.062883,0.07384,0.000016,0.083333,1,0.001214
9701292,,,3,3,6,3,3,6,34,0.058743,0.066675,0.000171,0,4,0.003697
9611395,,,2,4,6,2,4,6,33,0.062351,0.071738,0.0001,0.2,4,0.001368
9610374,,,5,2,7,5,2,7,42,0.040824,0.044759,0.000006,0.095238,4,0.004155
9512335,,,7,9,16,7,9,16,41,0.042574,0.047606,0.000264,0.066667,4,0.012211
9701293,,,2,6,8,2,6,8,32,0.066482,0.078044,0.000038,0.267857,7,0.004798
9609314,,,9,4,13,9,4,13,32,0.066408,0.077435,0.000205,0.166667,7,0.012686
9610533,,,9,3,12,9,3,12,33,0.062282,0.071107,0.000002,0.159091,7,0.00999
9611237,,,4,3,7,4,3,7,33,0.062393,0.071937,0.000049,0.166667,7,0.006137
9603253,,,17,4,21,17,4,21,31,0.071096,0.084922,0.000458,0.12381,7,0.081458
9701296,,,11,1,12,11,1,12,29,0.07975,0.09289,0.002025,0.106061,10,0.009748
9607428,,,13,2,15,13,2,15,28,0.086657,0.10423,0.002266,0.138095,10,0.011727
9701299,,,3,3,6,3,3,6,38,0.048448,0.053935,0.000003,0.033333,6,0.004139
9607281,,,8,1,9,8,1,9,37,0.050844,0.056874,0.000351,0.097222,9,0.015874
9609458,,,11,2,13,11,2,13,44,0.037739,0.040654,0,0.185897,4,0.012166
9604445,,,31,3,34,31,3,34,43,0.039216,0.042566,0.000227,0.068627,4,0.060554
9612483,,,57,3,60,57,3,60,32,0.066625,0.079241,0.000244,0.102825,7,0.178364
9612421,,,26,12,38,26,12,38,31,0.070539,0.08355,0.00063,0.095306,1,0.060467
9606247,,,11,9,20,11,9,20,32,0.066973,0.080343,0.001547,0.147368,1,0.021068
9511341,,,23,3,26,23,3,26,33,0.063804,0.077933,0.000062,0.186154,7,0.083008
9611343,,,13,2,15,13,2,15,32,0.066445,0.077631,0.000013,0.204762,4,0.028386
9607473,,,21,7,28,21,7,28,32,0.067106,0.081135,0.000383,0.07672,7,0.049433
9511251,,,1,1,2,1,1,2,46,0.035089,0.037336,0.000013,0,4,0.004094
9511465,,,15,1,16,15,1,16,33,0.063799,0.077764,0.000018,0.145833,7,0.03152
9605465,,,52,15,67,52,15,67,33,0.063961,0.080313,0.001388,0.052239,1,0.089281
9611387,,,8,6,14,8,6,14,32,0.066515,0.078494,0.000274,0.197802,4,0.022541
9605406,,,12,5,17,12,5,17,32,0.066961,0.080054,0.000017,0.113971,1,0.018102
9610355,,,5,4,9,5,4,9,29,0.079845,0.093592,0.000943,0.152778,6,0.010889
9612235,,,29,4,33,29,4,33,39,0.046515,0.052876,0.001514,0.109848,8,0.071331
9609263,,,23,1,24,23,1,24,41,0.042579,0.047084,0.000503,0.052536,8,0.032226
9701305,,,9,11,20,9,11,20,40,0.044464,0.050425,0.000055,0.142105,12,0.02052
9505408,,,6,2,8,6,2,8,41,0.042535,0.046647,0,0.339286,12,0.013949
9606392,,,14,10,24,14,10,24,39,0.046518,0.05326,0.000077,0.168478,12,0.021319
9412258,,,2,1,3,2,1,3,39,0.046486,0.052064,0.009561,0.166667,1,0.021519
9701308,,,18,3,21,18,3,21,38,0.048757,0.055679,0.000013,0.095238,11,0.018897
9512442,,,23,1,24,23,1,24,40,0.044424,0.049198,0.000133,0.074275,11,0.025384
9608394,,,28,12,40,28,12,40,39,0.046526,0.053521,0.00004,0.192949,12,0.043176
9609379,,,10,1,11,10,1,11,40,0.044429,0.049277,0.000097,0.154545,8,0.015421
9610212,,,9,16,25,9,16,25,38,0.048802,0.057435,0.000387,0.181667,12,0.033291
9512433,,,17,7,24,17,7,24,38,0.048773,0.056351,0.000024,0.259058,12,0.04121
9609266,,,8,5,13,8,5,13,39,0.046523,0.053067,0,0.25,12,0.015322
9610492,,,20,15,35,20,15,35,33,0.062933,0.074932,0.000573,0.111765,12,0.037394
9609215,,,10,13,23,10,13,23,38,0.048785,0.057,0.000173,0.20751,12,0.030996
9701311,,,13,3,16,13,3,16,32,0.06653,0.078368,0.000361,0.054167,2,0.013877
9605350,,,3,3,6,3,3,6,45,0.036363,0.038965,0.000001,0.066667,2,0.003941
9701313,,,35,7,42,35,7,42,31,0.07138,0.087928,0.000072,0.138792,7,0.085535
9611284,,,20,9,29,20,9,29,31,0.071279,0.08738,0.000418,0.081281,7,0.054128
9608231,,,29,11,40,29,11,40,31,0.071049,0.084914,0.000299,0.069872,7,0.069158
9610461,,,16,51,67,16,51,67,30,0.076782,0.09937,0.008078,0.075079,7,0.101306
9701316,,,3,10,13,3,10,13,32,0.06648,0.078726,0.000105,0.096154,1,0.006475
9608389,,,9,7,16,9,7,16,33,0.062797,0.073204,0.000048,0.1125,1,0.009765
9605201,,,6,2,8,6,2,8,41,0.04255,0.046953,0,0.125,1,0.005262
9610471,,,12,10,22,12,10,22,32,0.066968,0.080389,0.000164,0.151515,1,0.029249
9803425,,,7,4,11,7,4,11,34,0.059814,0.072794,0,0.254545,11,0.007155
9712228,,,32,8,40,32,8,40,33,0.063598,0.080838,0.001072,0.066667,11,0.03993
9608366,,,26,2,28,26,2,28,39,0.046492,0.052225,0.000145,0.071429,11,0.035753
9701321,,,3,3,6,3,3,6,35,0.056758,0.066709,0.000118,0.3,12,0.006237
9605401,,,10,4,14,10,4,14,40,0.044445,0.049663,0.000003,0.225275,12,0.015606
9607426,,,4,8,12,4,8,12,34,0.060167,0.072827,0.000146,0.098485,12,0.004939
9606233,,,28,2,30,28,2,30,43,0.039243,0.042842,0.000161,0.071264,5,0.038969
9701325,,,9,3,12,9,3,12,36,0.053332,0.060595,0.000089,0.060606,6,0.017231
9604221,,,3,1,4,3,1,4,42,0.040819,0.044674,0.000002,0,4,0.006255
9608214,,,11,4,15,11,4,15,43,0.039245,0.042915,0.000034,0.128571,4,0.019589
2001,,,8,13,21,8,13,21,26,0.091388,0.109363,0.000041,0.221429,3,0.00741
9903239,,,11,21,32,11,21,32,25,0.098616,0.118999,0.001107,0.248992,3,0.018
2002,,,1,6,7,1,6,7,26,0.091347,0.109636,0,0.309524,2,0.000701
9904336,,,23,36,59,23,36,59,25,0.092839,0.114259,0.000835,0.101403,2,0.019278
9908257,,,15,15,30,15,15,30,26,0.096499,0.120416,0.00035,0.108374,2,0.015494
9911366,,,12,8,20,12,8,20,28,0.077735,0.094233,0.000001,0.352632,2,0.010562
9912215,,,19,16,35,19,16,35,26,0.086432,0.103432,0.000213,0.259664,2,0.019044
9907548,,,26,11,37,26,11,37,33,0.064925,0.084558,0.000008,0.202703,2,0.029122
9911214,,,18,8,26,18,8,26,27,0.081266,0.095793,0.000052,0.293333,2,0.017347
2003,,,1,13,14,1,13,14,29,0.083034,0.10724,0.000757,0.10989,13,0.000936
9606468,,,18,2,20,18,2,20,34,0.059979,0.070931,0.000443,0.118421,13,0.016353
9712459,,,3,2,5,3,2,5,29,0.080065,0.093968,0,0.35,13,0.001868
9908301,,,1,6,7,1,6,7,30,0.076954,0.095925,0.000016,0.190476,13,0.000583
9705242,,,9,1,10,9,1,10,42,0.040814,0.04449,0.000141,0.111111,13,0.006283
9906299,,,1,1,2,1,1,2,34,0.060115,0.07196,0,0,13,0.000583
9710397,,,4,12,16,4,12,16,30,0.076496,0.093982,0.000122,0.145833,13,0.002941
9707327,,,8,4,12,8,4,12,28,0.087024,0.105752,0.002571,0.106061,13,0.006501
2004,,,8,17,25,8,17,25,27,0.089652,0.115623,0.000081,0.213333,0,0.00522
9909387,,,11,9,20,11,9,20,27,0.0892,0.11233,0.000075,0.197368,0,0.008111
9912212,,,6,11,17,6,11,17,27,0.085102,0.105349,0.000004,0.323529,0,0.004554
9904206,,,23,6,29,23,6,29,32,0.066261,0.078775,0.000241,0.166256,0,0.022731
9811288,,,6,5,11,6,5,11,32,0.066678,0.080325,0.000183,0.227273,0,0.006212
9912313,,,7,12,19,7,12,19,28,0.084457,0.106862,0.000074,0.181287,0,0.005017
9904315,,,16,17,33,16,17,33,32,0.067915,0.088568,0.000037,0.099432,0,0.01249
9806205,,,35,12,47,35,12,47,31,0.069562,0.081168,0.00148,0.10592,0,0.045066
2006,,,4,15,19,4,15,19,25,0.100793,0.119516,0.000339,0.099415,5,0.002431
9911249,,,1,4,5,1,4,5,34,0.059388,0.069306,0.000001,0.25,5,0.000739
9806373,,,4,16,20,4,16,20,31,0.071567,0.09017,0.000545,0.1,5,0.003178
9701335,,,1,1,2,1,1,2,44,0.037735,0.04051,0,0,13,0.000811
9512365,,,12,1,13,12,1,13,43,0.039211,0.042366,0.000677,0.134615,13,0.022589
9606325,,,26,13,39,26,13,39,42,0.040886,0.046158,0.0001,0.075574,4,0.047862
2009,,,1,9,10,1,9,10,26,0.093393,0.113704,0.000041,0.211111,3,0.001084
9910499,,,5,19,24,5,19,24,26,0.095619,0.119755,0.000032,0.190217,3,0.003448
9903524,,,10,6,16,10,6,16,33,0.064679,0.085595,0.00009,0.2125,3,0.019335
9906331,,,6,8,14,6,8,14,26,0.09215,0.112208,0.00001,0.208791,3,0.004381
9911499,,,4,10,14,4,10,14,26,0.09624,0.120404,0.000018,0.153846,3,0.003509
9902381,,,15,3,18,15,3,18,34,0.060819,0.076626,0,0.205882,3,0.037282
2011,,,3,14,17,3,14,17,31,0.073093,0.094707,0.000159,0.242647,8,0.001949
9609478,,,1,2,3,1,2,3,41,0.04255,0.046776,0,0.166667,8,0.000689
9708212,,,4,5,9,4,5,9,35,0.057041,0.06931,0.000223,0.138889,8,0.007736
9804445,,,1,5,6,1,5,6,35,0.056207,0.065089,0,0.5,8,0.000689
2012,,,1,3,4,1,3,4,32,0.068334,0.085368,0.000065,0.416667,0,0.001098
9906411,,,8,1,9,8,1,9,47,0.033904,0.035927,0,0.291667,0,0.006757
9906413,,,6,4,10,6,4,10,31,0.073322,0.096405,0.000223,0.166667,0,0.004788
9910535,,,8,6,14,8,6,14,32,0.068636,0.087504,0.000023,0.164835,0,0.005613
9610358,,,59,17,76,59,17,76,33,0.062674,0.075393,0.000515,0.10807,4,0.153715
9701342,,,15,1,16,15,1,16,42,0.040826,0.044587,0.000001,0.091667,6,0.013355
9609420,,,20,3,23,20,3,23,41,0.042561,0.047022,0.000584,0.06917,6,0.020033
9701343,,,11,9,20,11,9,20,33,0.063053,0.075706,0.000639,0.110526,4,0.049099
9612470,,,1,5,6,1,5,6,33,0.062827,0.07356,0.000007,0.2,4,0.00275
9605351,,,21,11,32,21,11,32,33,0.062467,0.07297,0.000519,0.091734,5,0.038494
9610218,,,9,9,18,9,9,18,33,0.063063,0.075973,0.000339,0.147059,4,0.021449
9512299,,,8,1,9,8,1,9,42,0.040823,0.044701,0.000004,0.111111,4,0.012299
9701344,,,8,3,11,8,3,11,34,0.059769,0.071089,0.000008,0.090909,4,0.020477
9611229,,,20,6,26,20,6,26,33,0.063031,0.075527,0.000045,0.136923,4,0.063483
9701346,,,15,4,19,15,4,19,35,0.056023,0.064398,0.000002,0.207602,4,0.015641
9510203,,,7,1,8,7,1,8,42,0.040801,0.044314,0.000038,0.035714,4,0.026107
9701347,,,10,2,12,10,2,12,35,0.056439,0.065785,0.000214,0.060606,5,0.020781
9610500,,,2,12,14,2,12,14,34,0.059759,0.071684,0.000388,0.076923,11,0.003277
2021,,,2,11,13,2,11,13,28,0.086541,0.110303,0.000016,0.386364,2,0.003624
9912471,,,3,18,21,3,18,21,27,0.090032,0.116462,0.000062,0.178947,0,0.004145
9701350,,,7,2,9,7,2,9,43,0.039235,0.042743,0,0.138889,5,0.010667
2023,,,1,14,15,1,14,15,31,0.072902,0.094442,0.000948,0.104762,7,0.000572
9810243,,,6,4,10,6,4,10,33,0.06351,0.078065,0.000214,0.177778,7,0.004289
9909444,,,2,12,14,2,12,14,30,0.076547,0.094693,0.000147,0.141026,7,0.001193
9904421,,,4,11,15,4,11,15,31,0.071631,0.087845,0.000126,0.157143,7,0.002444
9911502,,,2,9,11,2,9,11,30,0.076212,0.093347,0.000105,0.188889,7,0.001193
9802224,,,4,3,7,4,3,7,34,0.0597,0.070404,0.000002,0.190476,7,0.003116
9802225,,,1,1,2,1,1,2,42,0.040824,0.044609,0,0,7,0.000568
9802226,,,4,5,9,4,5,9,33,0.062395,0.072017,0.000021,0.152778,7,0.002647
9802227,,,4,4,8,4,4,8,33,0.062391,0.071885,0.000021,0.089286,7,0.002828
9811449,,,1,6,7,1,6,7,33,0.063327,0.077386,0.000001,0.166667,7,0.000568
9909278,,,2,7,9,2,7,9,30,0.076713,0.094463,0.000102,0.194444,7,0.001193
2024,,,2,5,7,2,5,7,23,0.111617,0.134735,0.000338,0.047619,2,0.001524
9703441,,,3,1,4,3,1,4,42,0.040801,0.044309,0.000003,0.166667,2,0.005384
9907458,,,7,41,48,7,41,48,24,0.10486,0.137498,0.000878,0.077571,2,0.007073
9809532,,,2,13,15,2,13,15,25,0.090877,0.11685,0.000039,0.052381,2,0.001219
9701353,,,11,7,18,11,7,18,33,0.06255,0.073468,0.00016,0.045752,1,0.018383
9603448,,,34,4,38,34,4,38,41,0.042552,0.047149,0.00021,0.118065,1,0.051569
9701357,,,7,9,16,7,9,16,31,0.0718,0.088634,0.001365,0.045833,5,0.025859
9701358,,,1,4,5,1,4,5,41,0.042555,0.047122,0.000039,0.3,1,0.000578
9609352,,,4,3,7,4,3,7,41,0.042551,0.047046,0.000173,0.142857,1,0.003629
9607443,,,5,2,7,5,2,7,42,0.040818,0.044748,0.000006,0.214286,1,0.012207
9701359,,,1,1,2,1,1,2,33,0.062807,0.073084,0,0.5,4,0.001665
2032,,,6,15,21,6,15,21,24,0.105765,0.137903,0.004714,0.183333,11,0.006136
8160,,,1,3,4,1,3,4,28,0.084311,0.105321,0,0.333333,11,0.000968
9911340,,,6,15,21,6,15,21,29,0.08379,0.107898,0.000158,0.12619,11,0.005691
8152,,,6,12,18,6,12,18,25,0.109119,0.14236,0.004335,0.183007,11,0.004684
2033,,,20,17,37,20,17,37,24,0.108532,0.128488,0.000738,0.129129,6,0.015851
9910445,,,2,14,16,2,14,16,23,0.116869,0.136326,0.000288,0.208333,6,0.002389
9701362,,,2,1,3,2,1,3,47,0.033913,0.036067,0,0.166667,2,0.009602
9611423,,,54,2,56,54,2,56,46,0.035101,0.037597,0.000333,0.05487,2,0.279893
2035,,,7,18,25,7,18,25,22,0.12986,0.153938,0.000419,0.081667,6,0.005694
9702276,,,53,10,63,53,10,63,33,0.06398,0.08039,0.0017,0.053763,1,0.123992
9902214,,,7,6,13,7,6,13,35,0.05695,0.069341,0.000016,0.173077,6,0.006314
9808433,,,20,5,25,20,5,25,34,0.06033,0.076155,0.000119,0.09,6,0.017775
9812488,,,9,7,16,9,7,16,33,0.063964,0.083052,0.000167,0.104167,6,0.007878
9712400,,,25,3,28,25,3,28,35,0.056745,0.068943,0.000029,0.093915,6,0.029318
9906419,,,11,9,20,11,9,20,27,0.087157,0.109355,0.000243,0.081579,6,0.009272
9808443,,,15,3,18,15,3,18,35,0.056744,0.068915,0.000009,0.120915,6,0.012931
9910301,,,6,3,9,6,3,9,28,0.080288,0.096585,0.000002,0.180556,6,0.004912
2036,,,9,18,27,9,18,27,23,0.117951,0.140696,0.000208,0.105413,6,0.00563
9703330,,,22,7,29,22,7,29,37,0.051137,0.05954,0.000092,0.030788,6,0.023487
9511402,,,28,8,36,28,8,36,40,0.044455,0.050185,0.000107,0.093651,6,0.05784
9704331,,,28,3,31,28,3,31,32,0.067283,0.082664,0.001434,0.053763,9,0.047316
9906218,,,14,12,26,14,12,26,33,0.065101,0.08683,0.000077,0.167692,6,0.014275
9911385,,,14,19,33,14,19,33,25,0.099884,0.120083,0.001203,0.139113,6,0.013468
9908378,,,8,18,26,8,18,26,24,0.109622,0.13285,0.001253,0.147692,6,0.007271
9907291,,,6,3,9,6,3,9,32,0.066244,0.078774,0.000002,0.125,6,0.004996
9511292,,,27,7,34,27,7,34,40,0.044446,0.049957,0.000509,0.101604,6,0.062948
9701365,,,12,3,15,12,3,15,40,0.044509,0.050594,0.000087,0.090476,8,0.011078
9607441,,,3,13,16,3,13,16,39,0.046547,0.05389,0.000184,0.15,12,0.00413
9610427,,,5,3,8,5,3,8,41,0.042585,0.047287,0.000002,0.214286,8,0.004175
9608470,,,13,3,16,13,3,16,40,0.044464,0.049844,0.000158,0.066667,8,0.014735
9701366,,,7,4,11,7,4,11,41,0.042546,0.04686,0.000019,0.127273,8,0.009137
2039,,,3,33,36,3,33,36,23,0.125974,0.158559,0.000605,0.074603,6,0.002019
9904491,,,10,21,31,10,21,31,23,0.120021,0.14607,0.001302,0.091398,6,0.013998
9903382,,,6,12,18,6,12,18,22,0.126471,0.144995,0.000557,0.176471,6,0.008004
9703239,,,10,9,19,10,9,19,32,0.066627,0.079288,0.00013,0.143275,4,0.013182
9711244,,,18,9,27,18,9,27,34,0.059785,0.074121,0.000072,0.168091,6,0.02353
9912336,,,6,10,16,6,10,16,32,0.068244,0.08978,0.000046,0.1625,12,0.004695
9909526,,,2,10,12,2,10,12,23,0.12018,0.145517,0.000005,0.234848,6,0.001427
9904348,,,13,33,46,13,33,46,24,0.097591,0.130039,0.000724,0.064734,6,0.016201
9906298,,,10,7,17,10,7,17,33,0.063766,0.08051,0.00001,0.084559,6,0.012007
9903259,,,11,13,24,11,13,24,26,0.091731,0.111453,0.000225,0.076087,3,0.017363
9603368,,,20,1,21,20,1,21,40,0.044422,0.049141,0.000001,0.097619,6,0.04833
9905390,,,41,10,51,41,10,51,29,0.081895,0.101707,0.000485,0.148627,4,0.060903
9812328,,,13,6,19,13,6,19,31,0.071763,0.092266,0.000056,0.175439,6,0.015385
9903218,,,12,29,41,12,29,41,22,0.128196,0.151738,0.000889,0.079878,6,0.011701
9701368,,,3,3,6,3,3,6,37,0.05101,0.057904,0.000304,0.033333,11,0.014265
9612380,,,8,1,9,8,1,9,36,0.053581,0.060945,0.000391,0.013889,11,0.009791
9603220,,,2,2,4,2,2,4,40,0.044442,0.049497,0.000043,0,11,0.001901
2041,,,11,50,61,11,50,61,24,0.124285,0.169669,0.002899,0.037158,3,0.012273
9909398,,,2,1,3,2,1,3,24,0.108601,0.12813,0.000107,0.166667,12,0.002047
9910360,,,2,8,10,2,8,10,32,0.067844,0.086558,0.00023,0.122222,11,0.002215
9909255,,,47,20,67,47,20,67,24,0.102456,0.132866,0.001041,0.125509,3,0.064909
9911347,,,4,39,43,4,39,43,25,0.111278,0.14902,0.00042,0.028793,1,0.003934
9910339,,,2,9,11,2,9,11,32,0.068394,0.090864,0.000038,0.209091,11,0.001957
9804359,,,6,1,7,6,1,7,43,0.03924,0.04268,0.000001,0.238095,4,0.016647
9908432,,,7,39,46,7,39,46,29,0.087605,0.1177,0.001315,0.070531,1,0.011153
9906270,,,15,11,26,15,11,26,29,0.082877,0.105307,0.000201,0.109231,4,0.022891
9704287,,,49,6,55,49,6,55,32,0.066843,0.081315,0.000032,0.087879,7,0.10158
9912288,,,3,3,6,3,3,6,24,0.109396,0.130897,0.000035,0.066667,7,0.005981
9911400,,,2,4,6,2,4,6,25,0.102658,0.120885,0.000103,0.066667,12,0.001957
9910505,,,8,1,9,8,1,9,33,0.062834,0.072997,0,0.180556,7,0.011805
9711215,,,21,14,35,21,14,35,31,0.07103,0.087384,0.000253,0.126891,7,0.050922
9908341,,,3,5,8,3,5,8,27,0.090988,0.112469,0.000031,0.196429,7,0.004489
2042,,,3,7,10,3,7,10,32,0.069561,0.095203,0.00001,0.111111,6,0.002098
9807424,,,14,3,17,14,3,17,34,0.059291,0.068894,0.000007,0.095588,6,0.023775
9712270,,,6,1,7,6,1,7,44,0.037736,0.040551,0.000079,0.095238,6,0.004233
2043,,,6,1,7,6,1,7,29,0.08067,0.10417,0.000003,0.119048,6,0.003754
2044,,,9,20,29,9,20,29,23,0.100508,0.125838,0.000092,0.102217,2,0.009844
9811299,,,17,12,29,17,12,29,33,0.064235,0.08309,0.000026,0.116995,2,0.047794
9603372,,,20,2,22,20,2,22,43,0.039217,0.042508,0.000017,0.07381,2,0.028299
9910392,,,12,9,21,12,9,21,33,0.06395,0.080247,0.000012,0.169048,2,0.017272
9905275,,,5,7,12,5,7,12,37,0.050759,0.057675,0.000002,0.257576,2,0.008131
9702430,,,15,5,20,15,5,20,33,0.063157,0.075813,0.000046,0.15,2,0.024587
2045,,,1,3,4,1,3,4,26,0.092474,0.114481,0.000148,0.25,2,0.000813
2046,,,1,10,11,1,10,11,32,0.069154,0.092874,0.000006,0.154545,4,0.000733
9808213,,,3,2,5,3,2,5,33,0.062499,0.072283,0.000018,0,8,0.002177
9710277,,,16,23,39,16,23,39,33,0.063963,0.083416,0.000553,0.060729,4,0.018265
9908342,,,6,18,24,6,18,24,31,0.07359,0.100681,0.000213,0.057971,4,0.003951
9708343,,,13,15,28,13,15,28,34,0.060138,0.074663,0.000047,0.145299,11,0.015827
9611320,,,18,3,21,18,3,21,33,0.06394,0.079424,0.002426,0.1,4,0.024968
9806361,,,20,10,30,20,10,30,32,0.06839,0.090279,0.000224,0.07931,4,0.022611
9702299,,,45,11,56,45,11,56,33,0.063082,0.07646,0.000396,0.069156,4,0.094725
9712269,,,7,10,17,7,10,17,34,0.06069,0.078718,0.000158,0.169118,4,0.00768
9712254,,,24,3,27,24,3,27,34,0.060253,0.073666,0.000092,0.084046,4,0.04134
9607421,,,58,4,62,58,4,62,42,0.04084,0.044952,0.000389,0.051824,4,0.108833
9605336,,,28,10,38,28,10,38,32,0.066967,0.080392,0.004434,0.044097,12,0.062397
9612298,,,3,3,6,3,3,6,32,0.066963,0.080018,0.000001,0.366667,1,0.011998
9701376,,,1,2,3,1,2,3,38,0.047557,0.051412,0,0.5,0,0.001504
2049,,,24,5,29,24,5,29,26,0.091771,0.114972,0.000019,0.225369,3,0.032524
9907218,,,49,10,59,49,10,59,27,0.089834,0.112701,0.000032,0.114553,3,0.072945
9701378,,,8,11,19,8,11,19,34,0.059406,0.070279,0.000004,0.192982,12,0.012987
9605229,,,29,10,39,29,10,39,39,0.046522,0.053335,0.000213,0.188259,12,0.047086
2051,,,4,4,8,4,4,8,41,0.042545,0.046904,0.000045,0.071429,12,0.002611
9510437,,,11,1,12,11,1,12,41,0.042539,0.046717,0.000157,0.151515,12,0.019884
9509231,,,5,1,6,5,1,6,40,0.044423,0.049156,0.000138,0.033333,12,0.009827
2053,,,14,9,23,14,9,23,29,0.081377,0.100066,0.000176,0.083004,2,0.011164
9902267,,,34,3,37,34,3,37,29,0.078908,0.093373,0.000164,0.091592,2,0.065725
9807511,,,4,1,5,4,1,5,38,0.048688,0.055079,0,0.1,2,0.004358
9809371,,,6,6,12,6,6,12,37,0.051229,0.059975,0.000021,0.090909,2,0.004559
9910508,,,2,1,3,2,1,3,31,0.072006,0.090476,0.000058,0.166667,2,0.001994
9711310,,,2,2,4,2,2,4,37,0.050142,0.055907,0,0.25,2,0.002322
2054,,,3,26,29,3,26,29,24,0.102479,0.131076,0.001435,0.095238,11,0.003362
9911296,,,4,10,14,4,10,14,25,0.090715,0.111966,0.000128,0.307692,11,0.004117
9908289,,,6,7,13,6,7,13,34,0.061647,0.081182,0.00012,0.307692,11,0.005631
9809411,,,4,2,6,4,2,6,40,0.044433,0.049353,0.000001,0.2,8,0.002679
9902408,,,8,2,10,8,2,10,34,0.061236,0.077347,0,0.455556,11,0.008061
9911310,,,1,11,12,1,11,12,28,0.082255,0.10242,0,0.174242,11,0.000755
9810258,,,2,2,4,2,2,4,40,0.044436,0.049389,0.000024,0.166667,8,0.001787
9911508,,,1,8,9,1,8,9,27,0.08607,0.105477,0.000013,0.305556,11,0.000755
9912214,,,7,3,10,7,3,10,26,0.086013,0.10298,0.000095,0.188889,11,0.005007
9909401,,,3,10,13,3,10,13,25,0.096522,0.123484,0.000103,0.262821,11,0.002141
9907547,,,5,9,14,5,9,14,34,0.060873,0.076027,0.000001,0.186813,11,0.003847
9907500,,,6,1,7,6,1,7,35,0.05789,0.071853,0.000083,0.309524,11,0.005447
9906354,,,3,9,12,3,9,12,26,0.093658,0.119646,0.000174,0.151515,11,0.002027
9804211,,,20,6,26,20,6,26,34,0.059844,0.073267,0.000097,0.153846,11,0.020712
9902452,,,13,14,27,13,14,27,34,0.061441,0.080254,0.000309,0.163818,11,0.01303
9905205,,,6,3,9,6,3,9,34,0.059777,0.071911,0.000006,0.166667,11,0.004402
9910390,,,1,13,14,1,13,14,34,0.061039,0.079263,0.000004,0.208791,6,0.000755
9909242,,,4,9,13,4,9,13,25,0.097437,0.126715,0.001249,0.102564,11,0.002658
9911359,,,1,4,5,1,4,5,32,0.070127,0.09506,0.000105,0.05,11,0.000755
2055,,,2,34,36,2,34,36,23,0.125749,0.159688,0.000152,0.124603,4,0.001146
9707244,,,24,10,34,24,10,34,33,0.063466,0.079018,0.00005,0.095365,4,0.035686
9801410,,,6,11,17,6,11,17,32,0.067494,0.087112,0.000162,0.147059,4,0.00617
9706438,,,35,16,51,35,16,51,32,0.066973,0.083007,0.000501,0.097647,4,0.05943
9801416,,,15,8,23,15,8,23,32,0.066901,0.081783,0.000091,0.215415,4,0.030559
9611273,,,44,12,56,44,12,56,34,0.058868,0.068201,0.000308,0.102597,4,0.123162
9803210,,,21,11,32,21,11,32,33,0.063936,0.081885,0.000267,0.108871,4,0.029639
9801234,,,3,12,15,3,12,15,32,0.067029,0.083049,0.000042,0.252381,4,0.002082
9803222,,,6,3,9,6,3,9,42,0.040837,0.044859,0.000079,0.027778,6,0.004235
9606370,,,63,1,64,63,1,64,47,0.033901,0.035894,0.000078,0.045635,4,0.10145
9906341,,,12,82,94,12,82,94,24,0.115185,0.153147,0.005896,0.067087,4,0.022114
9603431,,,32,2,34,32,2,34,43,0.039228,0.042727,0.001192,0.079323,4,0.053348
9803319,,,6,16,22,6,16,22,33,0.063824,0.082076,0.000377,0.125541,4,0.004612
9706476,,,29,16,45,29,16,45,32,0.066937,0.082793,0.000371,0.114646,4,0.043934
9709366,,,7,6,13,7,6,13,33,0.062898,0.076258,0.000142,0.057692,4,0.00489
9711281,,,9,2,11,9,2,11,47,0.033912,0.036101,0,0.118182,4,0.007491
9701385,,,1,1,2,1,1,2,33,0.062914,0.073638,0,0,7,0.001143
2058,,,1,6,7,1,6,7,26,0.088313,0.100744,0.000151,0.309524,11,0.000764
9709361,,,2,3,5,2,3,5,46,0.035113,0.037808,0.000007,0.15,2,0.004993
9803306,,,18,5,23,18,5,23,33,0.064653,0.086079,0.001562,0.233202,11,0.019583
2060,,,9,4,13,9,4,13,32,0.067054,0.081047,0,0.288462,4,0.006413
9811427,,,16,12,28,16,12,28,31,0.071767,0.090027,0.000475,0.140212,4,0.013334
9910230,,,12,9,21,12,9,21,32,0.067212,0.082871,0.000009,0.138095,4,0.009119
9612202,,,36,5,41,36,5,41,40,0.044447,0.049793,0.000379,0.098171,12,0.055403
2063,,,33,7,40,33,7,40,25,0.097535,0.120478,0.000105,0.14305,2,0.087577
9911248,,,37,5,42,37,5,42,24,0.090137,0.104442,0.000078,0.074332,2,0.096517
9904399,,,27,10,37,27,10,37,24,0.094642,0.111689,0.000073,0.102853,2,0.065543
9701392,,,15,6,21,15,6,21,34,0.059347,0.069707,0.000412,0.069048,6,0.019131
9610514,,,16,2,18,16,2,18,39,0.046509,0.052609,0.000008,0.081699,6,0.024603
9507461,,,18,3,21,18,3,21,41,0.042549,0.046966,0.000107,0.145238,6,0.033839
9609209,,,41,5,46,41,5,46,33,0.062415,0.0721,0.001091,0.033816,6,0.069914
9607485,,,32,13,45,32,13,45,33,0.063009,0.075669,0.000766,0.056566,6,0.038249
9701394,,,20,4,24,20,4,24,33,0.06252,0.073148,0.000102,0.184783,4,0.056242
9612389,,,27,15,42,27,15,42,32,0.06668,0.080851,0.000708,0.069106,4,0.060422
9612291,,,10,4,14,10,4,14,34,0.058614,0.065998,0.000879,0.120879,0,0.009123
9605266,,,44,1,45,44,1,45,33,0.062237,0.071016,0.001136,0.151515,0,0.099075
9605283,,,61,7,68,61,7,68,33,0.062256,0.071474,0.001109,0.150158,0,0.131905
9605235,,,66,3,69,66,3,69,33,0.062243,0.071174,0.001061,0.138747,0,0.170566
9610247,,,14,5,19,14,5,19,33,0.06225,0.07133,0.000559,0.152047,0,0.018836
9512219,,,6,1,7,6,1,7,31,0.068789,0.076848,0.000201,0,7,0.014409
9610525,,,10,1,11,10,1,11,44,0.037742,0.040647,0.000158,0.054545,7,0.027827
9606207,,,20,1,21,20,1,21,32,0.06479,0.071932,0,0.135714,7,0.063031
103020,,,5,4,9,5,4,9,23,0.118006,0.139374,0.00031,0.388889,7,0.004782
104018,,,2,16,18,2,16,18,23,0.137205,0.16774,0.003522,0.104575,7,0.002677
1297,,,15,13,28,15,13,28,23,0.121299,0.147328,0.003071,0.112536,7,0.014043
8216,,,5,6,11,5,6,11,24,0.111972,0.132568,0.000022,0.345455,7,0.005351
8018,,,24,11,35,24,11,35,23,0.122068,0.160272,0.00079,0.145378,7,0.023086
101118,,,7,19,26,7,19,26,26,0.102825,0.132231,0.000008,0.16,7,0.006244
9810438,,,4,1,5,4,1,5,37,0.051043,0.057824,0,0.15,7,0.005347
6001,,,24,19,43,24,19,43,26,0.099391,0.125394,0.000037,0.16957,7,0.027195
12208,,,5,29,34,5,29,34,26,0.103191,0.136118,0.000096,0.155971,7,0.004922
2227,,,5,21,26,5,21,26,26,0.102967,0.133459,0.000476,0.116923,7,0.005505
9042,,,1,16,17,1,16,17,31,0.074157,0.103411,0.000083,0.121324,7,0.002054
102077,,,6,10,16,6,10,16,24,0.119987,0.146762,0.000007,0.3125,7,0.006544
7360,,,22,19,41,22,19,41,24,0.117596,0.150711,0.001617,0.12561,7,0.021884
9802433,,,57,20,77,57,20,77,31,0.072383,0.096292,0.000149,0.158407,7,0.128546
102219,,,5,26,31,5,26,31,25,0.111685,0.14305,0.000022,0.137634,12,0.004554
8004,,,27,15,42,27,15,42,24,0.110796,0.133515,0.000935,0.10453,7,0.026841
101190,,,5,5,10,5,5,10,32,0.074914,0.103644,0.000006,0.277778,7,0.0048
8009,,,26,20,46,26,20,46,24,0.122842,0.159359,0.000345,0.12657,7,0.025961
6351,,,16,32,48,16,32,48,26,0.099927,0.129061,0.000016,0.155412,7,0.018785
6225,,,8,20,28,8,20,28,25,0.108825,0.13703,0.001213,0.165344,7,0.009349
9911250,,,7,17,24,7,17,24,24,0.109918,0.135504,0.000414,0.146739,7,0.010516
6357,,,1,10,11,1,10,11,24,0.117401,0.145095,0.000084,0.163636,7,0.002054
3323,,,13,34,47,13,34,47,24,0.114597,0.145438,0.000354,0.163737,7,0.012024
7136,,,3,10,13,3,10,13,26,0.099672,0.123346,0.000082,0.179487,7,0.003214
11358,,,2,4,6,2,4,6,32,0.067173,0.081081,0.000074,0.1,7,0.002704
8159,,,11,21,32,11,21,32,25,0.105002,0.13642,0.000146,0.171371,7,0.010207
8273,,,26,21,47,26,21,47,24,0.127204,0.167771,0.000575,0.157262,7,0.02309
9911528,,,10,12,22,10,12,22,27,0.092155,0.117691,0.000112,0.194805,7,0.016119
12271,,,9,18,27,9,18,27,24,0.123472,0.160536,0.000284,0.155271,7,0.008337
9911280,,,23,12,35,23,12,35,24,0.114101,0.142579,0.000524,0.142017,7,0.030308
9809384,,,17,18,35,17,18,35,31,0.072652,0.096922,0.000102,0.169748,7,0.028756
12152,,,12,16,28,12,16,28,22,0.132946,0.163162,0.001012,0.2151,7,0.01017
9210,,,2,6,8,2,6,8,31,0.072378,0.093542,0.000001,0.267857,7,0.002861
9054,,,1,7,8,1,7,8,32,0.068527,0.089187,0.00008,0.053571,7,0.002054
102012,,,4,28,32,4,28,32,25,0.108225,0.139652,0.000171,0.170363,7,0.004392
9701398,,,22,11,33,22,11,33,35,0.056446,0.066291,0.000329,0.107008,6,0.036343
9606385,,,9,2,11,9,2,11,34,0.059601,0.069493,0.000198,0.127273,6,0.014482
9609419,,,27,4,31,27,4,31,35,0.056443,0.065717,0.000032,0.109677,6,0.036663
9605412,,,25,2,27,25,2,27,35,0.056287,0.064584,0.001876,0.125356,6,0.049922
9610313,,,22,6,28,22,6,28,35,0.056437,0.065848,0.000027,0.14418,6,0.031078
9607388,,,14,5,19,14,5,19,40,0.044455,0.049997,0.000187,0.157895,6,0.037897
9605339,,,38,1,39,38,1,39,40,0.044422,0.049141,0.00009,0.071525,6,0.077016
9605340,,,14,4,18,14,4,18,34,0.059627,0.069949,0.002446,0.111111,6,0.025611
9912355,,,15,6,21,15,6,21,32,0.069042,0.08978,0.000236,0.152381,8,0.015445
9801224,,,12,2,14,12,2,14,34,0.060113,0.072097,0.000259,0.093407,8,0.014049
9711405,,,11,5,16,11,5,16,36,0.053131,0.060201,0.000023,0.2125,8,0.019912
9803439,,,6,4,10,6,4,10,35,0.05683,0.067361,0.000023,0.088889,8,0.005973
9610360,,,26,13,39,26,13,39,28,0.088093,0.109662,0.005561,0.07085,10,0.041137
2073,,,2,6,8,2,6,8,26,0.083516,0.098863,0.000002,0.214286,2,0.001523
9907478,,,6,11,17,6,11,17,25,0.090008,0.107176,0.000188,0.113971,2,0.00578
2075,,,11,15,26,11,15,26,27,0.098829,0.123945,0.000247,0.161538,1,0.007398
9806444,,,6,2,8,6,2,8,34,0.059132,0.067464,0.000203,0.107143,1,0.0059
9809423,,,34,13,47,34,13,47,32,0.06791,0.086703,0.000019,0.13506,1,0.045223
9611388,,,16,2,18,16,2,18,35,0.056652,0.06576,0.000053,0.212418,1,0.041569
2077,,,3,5,8,3,5,8,28,0.091548,0.113392,0.000028,0.142857,8,0.002119
9807528,,,13,7,20,13,7,20,35,0.056135,0.065025,0.000091,0.163158,8,0.012662
9907507,,,3,3,6,3,3,6,34,0.05959,0.07119,0.00006,0.133333,5,0.002012
9703445,,,34,5,39,34,5,39,34,0.059327,0.069155,0.001034,0.033738,8,0.029427
3142,,,8,41,49,8,41,49,27,0.100686,0.133419,0.001935,0.053997,1,0.006311
2078,,,12,22,34,12,22,34,31,0.072697,0.09444,0.002296,0.188057,5,0.011422
9806467,,,42,16,58,42,16,58,34,0.059586,0.072574,0.000686,0.140048,5,0.05979
9809367,,,11,2,13,11,2,13,39,0.04653,0.05304,0.000157,0.230769,11,0.010679
9808467,,,37,15,52,37,15,52,33,0.064133,0.084996,0.002004,0.095023,5,0.048927
9806484,,,33,11,44,33,11,44,34,0.059729,0.073441,0.000536,0.158562,5,0.036857
9812363,,,13,7,20,13,7,20,34,0.05952,0.071077,0.000081,0.165789,5,0.011911
9902234,,,9,2,11,9,2,11,40,0.044467,0.049841,0.000005,0.290909,11,0.010094
9910252,,,8,10,18,8,10,18,32,0.067645,0.086181,0.000009,0.261438,5,0.00719
9802414,,,16,4,20,16,4,20,34,0.059279,0.068769,0.000107,0.173684,5,0.035554
9911379,,,12,6,18,12,6,18,32,0.067318,0.084433,0.000072,0.205882,5,0.009403
9811382,,,31,8,39,31,8,39,31,0.071551,0.089472,0.000606,0.124831,5,0.040707
2079,,,2,13,15,2,13,15,24,0.102433,0.132565,0.000004,0.319048,3,0.001193
9911262,,,33,41,74,33,41,74,24,0.106615,0.143111,0.000806,0.132358,3,0.048288
9701409,,,5,2,7,5,2,7,40,0.044442,0.049497,0.000031,0.02381,11,0.004713
9507336,,,14,3,17,14,3,17,39,0.046491,0.052248,0.000656,0.047794,11,0.015055
2082,,,9,2,11,9,2,11,25,0.093634,0.103105,0.000387,0.154545,11,0.006703
9909472,,,6,6,12,6,6,12,34,0.061071,0.077873,0.000038,0.166667,11,0.005318
9701413,,,9,3,12,9,3,12,32,0.06458,0.072042,0.000012,0.219697,8,0.013566
9511345,,,11,3,14,11,3,14,40,0.04444,0.04963,0.000893,0.076923,8,0.016428
9607385,,,4,1,5,4,1,5,31,0.068783,0.076829,0.000288,0.1,8,0.003651
2086,,,4,18,22,4,18,22,25,0.094632,0.115554,0.000065,0.296537,2,0.003289
9909408,,,9,12,21,9,12,21,26,0.087739,0.105288,0.00003,0.295238,2,0.008526
9809315,,,31,30,61,31,30,61,32,0.069354,0.095871,0.000512,0.120219,2,0.054744
9906311,,,15,15,30,15,15,30,26,0.087725,0.105313,0.000277,0.25,2,0.019995
9805259,,,32,7,39,32,7,39,32,0.066233,0.077862,0.0001,0.165317,2,0.049678
9910444,,,22,10,32,22,10,32,32,0.06862,0.088753,0.000273,0.211694,2,0.024437
9508275,,,52,1,53,52,1,53,45,0.03636,0.038818,0.000236,0.104499,2,0.165756
9509327,,,73,3,76,73,3,76,44,0.037734,0.04066,0.000365,0.097368,2,0.192613
9809363,,,24,15,39,24,15,39,33,0.065327,0.0881,0.000095,0.180162,2,0.026762
9906452,,,24,8,32,24,8,32,32,0.0663,0.078181,0.000048,0.235887,2,0.026698
9612245,,,27,7,34,27,7,34,37,0.049976,0.05497,0.000005,0.164884,2,0.053938
9908525,,,6,11,17,6,11,17,32,0.066325,0.078504,0.000003,0.268382,2,0.006857
9610229,,,79,5,84,79,5,84,36,0.052552,0.058211,0.000845,0.087923,2,0.197977
9701415,,,10,2,12,10,2,12,33,0.062769,0.072958,0.000034,0.113636,1,0.010551
2088,,,1,2,3,1,2,3,31,0.069219,0.078359,0,0.333333,1,0.000708
9706464,,,5,3,8,5,3,8,30,0.073938,0.084511,0.000842,0.089286,10,0.003264
9807375,,,11,1,12,11,1,12,35,0.055975,0.06348,0.000005,0.356061,1,0.008611
2089,,,8,64,72,8,64,72,23,0.129295,0.169367,0.000264,0.076291,7,0.005998
9804294,,,46,33,79,46,33,79,30,0.077689,0.105281,0.001072,0.067511,7,0.072149
9706247,,,10,16,26,10,16,26,31,0.071767,0.092511,0.000372,0.106154,7,0.01282
9711248,,,18,7,25,18,7,25,33,0.063154,0.07617,0.000137,0.115,7,0.021556
9906286,,,15,25,40,15,25,40,27,0.094978,0.123899,0.000134,0.14359,7,0.014798
2234,,,35,39,74,35,39,74,24,0.119004,0.14957,0.000819,0.134271,7,0.036224
9904413,,,20,22,42,20,22,42,22,0.126606,0.14719,0.001427,0.215447,7,0.033529
9609503,,,12,7,19,12,7,19,33,0.06279,0.073462,0.000029,0.140351,7,0.014656
9810336,,,33,17,50,33,17,50,26,0.097728,0.126971,0.001722,0.093469,7,0.049737
9803297,,,48,1,49,48,1,49,35,0.056734,0.066463,0.000006,0.139456,6,0.095629
9905571,,,14,35,49,14,35,49,24,0.104022,0.13732,0.000235,0.112245,6,0.017139
9609512,,,54,4,58,54,4,58,32,0.066511,0.078237,0.000286,0.072898,7,0.119523
9812272,,,4,14,18,4,14,18,32,0.069199,0.095264,0.000007,0.107843,7,0.003168
9907386,,,3,10,13,3,10,13,25,0.101778,0.123316,0.000089,0.153846,7,0.002251
9612262,,,16,35,51,16,35,51,30,0.076757,0.098602,0.001564,0.063529,7,0.04359
9807464,,,6,5,11,6,5,11,32,0.068176,0.089252,0.000009,0.109091,7,0.005546
9707371,,,9,15,24,9,15,24,32,0.067441,0.084405,0.000059,0.076087,7,0.008548
9906290,,,2,8,10,2,8,10,31,0.072463,0.094903,0.000002,0.255556,7,0.006818
9610323,,,65,16,81,65,16,81,31,0.071338,0.088195,0.003326,0.052006,7,0.160987
9802401,,,15,26,41,15,26,41,32,0.067573,0.088226,0.00055,0.113415,7,0.02669
9811454,,,7,10,17,7,10,17,34,0.059255,0.070817,0.000005,0.125,9,0.00578
9803391,,,46,5,51,46,5,51,34,0.060867,0.079402,0.000197,0.083922,6,0.117198
9701418,,,15,11,26,15,11,26,33,0.063979,0.080075,0.000795,0.076923,12,0.025759
9603359,,,11,1,12,11,1,12,42,0.040805,0.044393,0.000014,0.098485,12,0.020428
9609247,,,10,3,13,10,3,13,40,0.044437,0.049511,0.000064,0.096154,10,0.015694
9606381,,,25,1,26,25,1,26,41,0.042544,0.046834,0.000024,0.083077,12,0.03991
9609265,,,7,10,17,7,10,17,33,0.063963,0.080061,0.000262,0.066176,10,0.008425
9512203,,,20,1,21,20,1,21,39,0.04649,0.05216,0.000001,0.152381,12,0.037097
9612237,,,18,6,24,18,6,24,40,0.044474,0.050285,0.000288,0.101449,12,0.023403
9604431,,,2,2,4,2,2,4,42,0.040809,0.044502,0.000003,0.083333,12,0.002682
9701419,,,14,2,16,14,2,16,40,0.044437,0.049353,0.000031,0.091667,8,0.012118
9509258,,,12,2,14,12,2,14,39,0.046491,0.05215,0.000306,0.142857,8,0.015209
9807361,,,26,5,31,26,5,31,45,0.036371,0.039082,0.00028,0.165344,2,0.035129
9605301,,,21,1,22,21,1,22,41,0.042575,0.047219,0.00038,0.11039,2,0.028646
2096,,,7,18,25,7,18,25,24,0.099114,0.126492,0.000011,0.218333,2,0.0107
9910516,,,14,18,32,14,18,32,24,0.103789,0.135154,0.00059,0.153226,2,0.022832
9902215,,,20,1,21,20,1,21,38,0.048689,0.055079,0,0.138095,2,0.06081
9909301,,,18,43,61,18,43,61,24,0.098479,0.125453,0.000165,0.10082,2,0.037
9604364,,,56,2,58,56,2,58,46,0.035091,0.03741,0.000073,0.100121,2,0.180022
9705208,,,55,2,57,55,2,57,47,0.033919,0.036248,0.000006,0.152256,2,0.159641
9802289,,,48,21,69,48,21,69,31,0.072683,0.100333,0.004114,0.04497,7,0.105868
9807414,,,6,3,9,6,3,9,33,0.063384,0.077162,0,0.263889,7,0.011024
9802361,,,36,5,41,36,5,41,32,0.06766,0.086044,0.000145,0.134146,7,0.088217
2101,,,3,9,12,3,9,12,26,0.096778,0.122308,0.00009,0.159091,11,0.002778
9805250,,,12,10,22,12,10,22,33,0.064738,0.087542,0.000829,0.108225,11,0.01851
9810323,,,5,2,7,5,2,7,34,0.061033,0.078274,0.000049,0.166667,11,0.019354
9812484,,,3,6,9,3,6,9,31,0.074776,0.107303,0.000162,0.069444,11,0.001957
9708351,,,7,1,8,7,1,8,33,0.061982,0.070301,0.000005,0.089286,11,0.006269
9911372,,,2,10,12,2,10,12,26,0.098932,0.126562,0.000091,0.143939,11,0.001854
2102,,,10,24,34,10,24,34,24,0.104522,0.137775,0.000066,0.158645,3,0.008549
9907520,,,54,36,90,54,36,90,23,0.107111,0.141892,0.001639,0.108115,3,0.076732
9904504,,,30,30,60,30,30,60,24,0.104368,0.133681,0.002866,0.153107,3,0.061939
9904211,,,94,12,106,94,12,106,26,0.092038,0.109804,0.000163,0.084456,3,0.155284
9703321,,,12,1,13,12,1,13,33,0.062873,0.073556,0.000047,0.121795,4,0.015099
9904252,,,10,14,24,10,14,24,26,0.092191,0.110706,0.000216,0.173913,3,0.016207
9906431,,,19,58,77,19,58,77,25,0.105127,0.140431,0.000236,0.179938,3,0.029402
11273,,,1,23,24,1,23,24,30,0.076223,0.09399,0.001185,0.163043,13,0.000738
9809323,,,1,2,3,1,2,3,32,0.06523,0.073134,0.000197,0,13,0.000576
9704394,,,10,1,11,10,1,11,31,0.069731,0.079411,0.000227,0.118182,13,0.009978
3019,,,1,5,6,1,5,6,31,0.070064,0.081494,0,0.466667,13,0.000576
12383,,,1,6,7,1,6,7,31,0.071425,0.086167,0,0.380952,13,0.000576
9908320,,,1,5,6,1,5,6,31,0.069917,0.080522,0.000241,0.3,13,0.000576
9905253,,,2,7,9,2,7,9,31,0.070692,0.083313,0.000277,0.111111,13,0.001199
9803371,,,4,1,5,4,1,5,32,0.065194,0.072915,0,0.35,13,0.002337
104116,,,2,11,13,2,11,13,23,0.12197,0.152005,0.000083,0.089744,2,0.001454
9280,,,3,12,15,3,12,15,25,0.099943,0.12611,0.000003,0.204762,2,0.002537
9059,,,1,2,3,1,2,3,24,0.104476,0.131288,0.000004,0.333333,2,0.000637
102319,,,6,10,16,6,10,16,23,0.132121,0.165784,0.000299,0.1625,2,0.008976
2106,,,7,10,17,7,10,17,23,0.120897,0.144547,0.000705,0.1,9,0.008044
9910435,,,11,13,24,11,13,24,24,0.113147,0.140791,0.000105,0.140476,9,0.008371
9905478,,,11,4,15,11,4,15,24,0.108491,0.128638,0.001357,0.133333,7,0.01895
9909335,,,9,10,19,9,10,19,23,0.115974,0.135926,0.000363,0.052632,5,0.008246
9702202,,,5,13,18,5,13,18,32,0.067238,0.083156,0.000303,0.140523,4,0.005519
9911479,,,15,13,28,15,13,28,24,0.112521,0.139598,0.000151,0.107692,9,0.010919
9906332,,,4,14,18,4,14,18,22,0.125842,0.144594,0.000848,0.04902,4,0.003586
9707213,,,19,6,25,19,6,25,33,0.063245,0.077132,0.000368,0.045,6,0.027179
9911440,,,1,30,31,1,30,31,24,0.113437,0.152472,0.002227,0.1,2,0.007748
9904474,,,20,4,24,20,4,24,33,0.063499,0.077817,0.000009,0.195652,2,0.060954
9806375,,,14,13,27,14,13,27,33,0.063581,0.079093,0.000056,0.178063,2,0.061426
9809205,,,10,5,15,10,5,15,33,0.064012,0.079656,0.000087,0.133333,2,0.036661
9705300,,,10,9,19,10,9,19,45,0.036388,0.039647,0.000437,0.105263,2,0.027206
2109,,,4,7,11,4,7,11,24,0.100091,0.124376,0.000197,0.154545,2,0.00734
9809396,,,10,3,13,10,3,13,33,0.062602,0.073184,0.000077,0.102564,2,0.017794
9707207,,,14,3,17,14,3,17,34,0.059027,0.06824,0.000933,0.095588,9,0.024241
9907432,,,27,25,52,27,25,52,24,0.098852,0.128003,0.000527,0.112368,9,0.026256
9810382,,,8,5,13,8,5,13,33,0.063239,0.077709,0.000011,0.076923,2,0.011635
104117,,,3,15,18,3,15,18,27,0.095253,0.120626,0.000697,0.215686,8,0.00201
9281,,,4,7,11,4,7,11,29,0.081824,0.098698,0.000562,0.166667,8,0.002464
9810466,,,25,11,36,25,11,36,30,0.07567,0.092803,0.000188,0.180159,8,0.02574
9254,,,10,24,34,10,24,34,27,0.095682,0.124412,0.000578,0.172348,8,0.006772
9255,,,14,30,44,14,30,44,26,0.100817,0.130778,0.001782,0.13289,8,0.009626
9811253,,,38,22,60,38,22,60,30,0.077143,0.10117,0.001279,0.085876,8,0.029143
9806358,,,18,4,22,18,4,22,32,0.067356,0.082887,0.000303,0.099567,8,0.019851
5209,,,6,5,11,6,5,11,31,0.071709,0.08943,0.000003,0.290909,8,0.004381
101053,,,1,4,5,1,4,5,29,0.082102,0.099201,0.000009,0.1,8,0.000692
2114,,,3,20,23,3,20,23,25,0.10984,0.138824,0.000003,0.189723,7,0.003808
9906403,,,4,15,19,4,15,19,30,0.078708,0.109111,0.000173,0.160819,7,0.00412
9911202,,,13,21,34,13,21,34,24,0.11237,0.137328,0.000176,0.142602,7,0.017643
9511255,,,27,2,29,27,2,29,33,0.063803,0.077874,0.000051,0.17734,7,0.070272
9910201,,,9,11,20,9,11,20,25,0.102285,0.121619,0.226295,0.134211,7,0.011712
2115,,,3,26,29,3,26,29,23,0.121563,0.148895,0.000246,0.094828,6,0.002218
9910275,,,7,76,83,7,76,83,23,0.126802,0.166551,0.000375,0.047899,4,0.005754
9710286,,,7,11,18,7,11,18,36,0.054008,0.065149,0.000001,0.196078,6,0.005325
9903257,,,4,32,36,4,32,36,27,0.093152,0.124813,0.000379,0.07381,6,0.004413
9802329,,,8,12,20,8,12,20,33,0.063405,0.079541,0.000009,0.113158,6,0.007349
9702426,,,21,10,31,21,10,31,35,0.056495,0.066586,0.000212,0.117204,6,0.030194
9806299,,,9,10,19,9,10,19,33,0.063843,0.081618,0.000016,0.233918,6,0.008044
9806366,,,26,5,31,26,5,31,36,0.053305,0.060342,0.000028,0.06129,6,0.033474
9904417,,,2,7,9,2,7,9,31,0.071838,0.091025,0.000005,0.097222,6,0.001422
9907428,,,16,19,35,16,19,35,22,0.129088,0.153544,0.000743,0.063025,6,0.012347
9906535,,,1,4,5,1,4,5,34,0.059317,0.068993,0.000079,0.1,6,0.0007
9804265,,,11,6,17,11,6,17,32,0.066838,0.082019,0.00004,0.077206,6,0.011057
9802441,,,33,12,45,33,12,45,31,0.072404,0.094889,0.000071,0.110101,6,0.050518
9804208,,,9,8,17,9,8,17,33,0.06307,0.075813,0.000009,0.077206,6,0.009025
9710451,,,28,9,37,28,9,37,34,0.059408,0.070395,0.000081,0.072072,6,0.029393
9704457,,,46,4,50,46,4,50,34,0.05942,0.070041,0.000046,0.081224,6,0.092265
9903413,,,6,12,18,6,12,18,22,0.124771,0.141888,0.000186,0.137255,6,0.005134
9902391,,,4,1,5,4,1,5,37,0.050749,0.057294,0,0.1,6,0.002927
9801326,,,26,5,31,26,5,31,29,0.081872,0.100956,0.001085,0.166667,7,0.049991
9910257,,,7,26,33,7,26,33,24,0.114055,0.143158,0.000248,0.199811,7,0.011108
9911390,,,14,19,33,14,19,33,24,0.115434,0.142719,0.000315,0.214962,7,0.021027
2117,,,1,14,15,1,14,15,24,0.112613,0.138558,0.000038,0.028571,6,0.001228
9903333,,,11,26,37,11,26,37,32,0.068695,0.094646,0.000186,0.226727,4,0.017128
9811402,,,14,6,20,14,6,20,30,0.076756,0.096765,0.000074,0.071053,6,0.013154
9712444,,,3,13,16,3,13,16,34,0.05966,0.072336,0.000213,0.016667,6,0.002269
9608221,,,25,1,26,25,1,26,43,0.039213,0.04242,0.000008,0.055385,4,0.052749
9910271,,,12,5,17,12,5,17,32,0.069091,0.094471,0.000075,0.066176,6,0.00906
2120,,,1,9,10,1,9,10,31,0.072776,0.0907,0.000381,0.211111,8,0.00058
9912311,,,3,9,12,3,9,12,31,0.07099,0.085797,0.000003,0.204545,8,0.001724
9808426,,,17,5,22,17,5,22,32,0.066743,0.079702,0.000169,0.123377,8,0.012729
2091,,,1,10,11,1,10,11,30,0.077731,0.097607,0.000162,0.090909,8,0.000568
9906418,,,2,8,10,2,8,10,31,0.070885,0.085425,0.000003,0.266667,8,0.001136
9609345,,,8,6,14,8,6,14,34,0.060141,0.07275,0.00024,0.247253,12,0.016614
9607275,,,16,4,20,16,4,20,39,0.046517,0.052962,0.000007,0.2,12,0.027379
2123,,,14,28,42,14,28,42,27,0.09065,0.10937,0.00002,0.312195,13,0.012921
2209,,,25,60,85,25,60,85,26,0.099303,0.124271,0.00141,0.19148,13,0.022176
9802298,,,11,8,19,11,8,19,29,0.080786,0.097377,0.000731,0.184211,8,0.017441
2125,,,1,10,11,1,10,11,30,0.072471,0.092806,0.000022,0.281818,0,0.000572
9908316,,,9,13,22,9,13,22,29,0.077797,0.10316,0.000536,0.214286,0,0.008251
9802358,,,26,6,32,26,6,32,33,0.063137,0.075813,0.000397,0.076613,0,0.0318
9806213,,,15,11,26,15,11,26,32,0.067378,0.084631,0.000225,0.169231,0,0.015795
9910388,,,6,9,15,6,9,15,30,0.072495,0.092884,0.00015,0.242857,0,0.004325
9811412,,,12,7,19,12,7,19,32,0.067209,0.082937,0.000031,0.22807,0,0.008949
9908446,,,5,9,14,5,9,14,30,0.072392,0.092243,0.000052,0.291209,0,0.003218
9807269,,,16,10,26,16,10,26,31,0.071574,0.089706,0.00032,0.207692,0,0.013441
9712515,,,18,8,26,18,8,26,32,0.067616,0.086893,0.000437,0.041538,9,0.024748
9709445,,,14,4,18,14,4,18,31,0.071048,0.086866,0.000182,0.176471,9,0.020445
9806506,,,3,1,4,3,1,4,34,0.059815,0.071111,0.000007,0.083333,6,0.003293
9706232,,,7,5,12,7,5,12,31,0.069687,0.08042,0.002103,0.181818,6,0.00602
9806293,,,13,6,19,13,6,19,30,0.074842,0.087931,0.000369,0.090643,6,0.017683
9707333,,,3,3,6,3,3,6,31,0.06937,0.079191,0.000003,0.3,6,0.003145
9904481,,,2,4,6,2,4,6,30,0.07832,0.102209,0.000007,0.166667,6,0.001806
9706538,,,4,5,9,4,5,9,32,0.065325,0.074634,0.002223,0.180556,6,0.006072
9608307,,,12,1,13,12,1,13,41,0.042575,0.047219,0.0001,0.096154,9,0.01914
9511221,,,29,1,30,29,1,30,45,0.03636,0.038818,0.000001,0.103448,2,0.045394
9812283,,,6,11,17,6,11,17,30,0.078527,0.104355,0.000291,0.161765,6,0.007202
9905212,,,9,2,11,9,2,11,32,0.066882,0.079635,0.000069,0.072727,6,0.007154
2127,,,9,23,32,9,23,32,24,0.115197,0.144052,0.001021,0.108871,1,0.006141
9911490,,,15,60,75,15,60,75,26,0.10731,0.140086,0.00099,0.10955,1,0.012985
9811212,,,9,5,14,9,5,14,33,0.063689,0.07835,0.000084,0.313187,1,0.00794
9905359,,,12,7,19,12,7,19,32,0.068247,0.087914,0.00008,0.195906,1,0.01005
9905555,,,2,8,10,2,8,10,35,0.056154,0.065309,0.000006,0.111111,1,0.001627
9909337,,,7,10,17,7,10,17,31,0.072305,0.091313,0.000152,0.305147,1,0.005287
9912322,,,9,1,10,9,1,10,31,0.071849,0.089052,0.000111,0.077778,7,0.00847
9809249,,,8,10,18,8,10,18,31,0.073158,0.100122,0.000732,0.107843,1,0.006414
9812514,,,5,6,11,5,6,11,32,0.0682,0.087689,0.000047,0.190909,1,0.003921
9912424,,,7,11,18,7,11,18,32,0.068078,0.086089,0.000237,0.316993,1,0.005027
9803433,,,17,7,24,17,7,24,35,0.055999,0.064054,0.000229,0.166667,1,0.014209
9602347,,,11,1,12,11,1,12,41,0.042537,0.046612,0.000105,0.19697,1,0.010311
9703341,,,4,7,11,4,7,11,34,0.059309,0.069169,0.000264,0.290909,1,0.004718
9909423,,,8,11,19,8,11,19,33,0.064118,0.080668,0.000191,0.090643,1,0.006398
9801269,,,27,79,106,27,79,106,31,0.072678,0.102197,0.004978,0.038544,1,0.043552
9707334,,,15,7,22,15,7,22,33,0.063445,0.078754,0.000077,0.147186,9,0.022763
9805447,,,8,10,18,8,10,18,33,0.063429,0.07859,0.000013,0.169935,4,0.009034
9710441,,,16,3,19,16,3,19,33,0.062879,0.073701,0.000172,0.105263,4,0.01918
9806397,,,5,20,25,5,20,25,32,0.068825,0.093599,0.000762,0.086667,4,0.005626
2129,,,1,15,16,1,15,16,24,0.100418,0.125019,0.000078,0.316667,3,0.000811
9908515,,,11,14,25,11,14,25,26,0.092941,0.113357,0.000025,0.233333,3,0.011497
9912455,,,6,14,20,6,14,20,24,0.103177,0.131655,0.000103,0.277778,3,0.004249
9909240,,,4,10,14,4,10,14,26,0.092709,0.111962,0,0.335165,3,0.003128
9904291,,,4,14,18,4,14,18,23,0.099132,0.120212,0.00015,0.055556,2,0.002657
2130,,,3,3,6,3,3,6,24,0.106709,0.124253,0,0.333333,9,0.002064
9909499,,,10,9,19,10,9,19,28,0.084085,0.106558,0.000051,0.099415,6,0.009408
9707435,,,134,16,150,134,16,150,32,0.06746,0.086579,0.003793,0.036242,9,0.217358
9912407,,,14,21,35,14,21,35,23,0.117621,0.141054,0.005077,0.128571,9,0.011656
2131,,,1,12,13,1,12,13,24,0.107159,0.125729,0.000059,0.134615,7,0.000625
9905412,,,4,14,18,4,14,18,31,0.073875,0.103871,0.000022,0.127451,7,0.003779
9510227,,,3,2,5,3,2,5,32,0.065796,0.074917,0.000019,0.1,7,0.00443
9703349,,,72,10,82,72,10,82,32,0.066614,0.079352,0.000064,0.113972,7,0.182838
2007,,,7,22,29,7,22,29,23,0.115587,0.136404,0.000226,0.20936,7,0.006568
9805337,,,7,8,15,7,8,15,30,0.076366,0.095684,0.000111,0.1,7,0.016713
2132,,,6,26,32,6,26,32,31,0.074922,0.106971,0.000836,0.104839,8,0.00481
9803393,,,23,2,25,23,2,25,34,0.059289,0.068724,0.000084,0.16,8,0.038649
9809480,,,33,2,35,33,2,35,35,0.056022,0.063968,0.000126,0.054622,8,0.03861
9611213,,,26,2,28,26,2,28,34,0.059288,0.068736,0.000179,0.093915,8,0.029967
9808474,,,7,1,8,7,1,8,35,0.055974,0.063468,0,0.214286,8,0.00667
9912283,,,6,11,17,6,11,17,32,0.067621,0.085919,0.000076,0.1875,8,0.004602
9706206,,,31,13,44,31,13,44,34,0.059599,0.072148,0.000693,0.161205,5,0.059741
9801444,,,31,3,34,31,3,34,34,0.059291,0.068793,0.000019,0.086453,8,0.056428
9805480,,,3,1,4,3,1,4,33,0.062839,0.074015,0.00042,0.083333,2,0.00276
9908463,,,9,4,13,9,4,13,32,0.067213,0.082292,0.000002,0.160256,12,0.006985
9905480,,,8,12,20,8,12,20,33,0.063374,0.078151,0,0.35,5,0.007039
9906231,,,7,7,14,7,7,14,32,0.067031,0.082239,0.00001,0.10989,8,0.00552
9712442,,,14,73,87,14,73,87,33,0.064564,0.090521,0.001315,0.04317,11,0.015847
2133,,,4,3,7,4,3,7,27,0.089121,0.106879,0.000089,0.214286,10,0.002563
9909442,,,4,2,6,4,2,6,27,0.089119,0.10682,0.000002,0.4,10,0.002985
9908526,,,7,3,10,7,3,10,26,0.09169,0.11044,0.000174,0.236111,10,0.004711
2066,,,4,16,20,4,16,20,25,0.08919,0.108659,0.000496,0.092105,11,0.00294
9801365,,,29,13,42,29,13,42,33,0.063797,0.080624,0.00025,0.073751,6,0.052892
9612362,,,26,5,31,26,5,31,35,0.056417,0.065599,0.00012,0.072043,6,0.033974
9809269,,,2,7,9,2,7,9,32,0.067792,0.087111,0.000159,0.111111,6,0.001505
2135,,,4,12,16,4,12,16,23,0.105925,0.128233,0.000901,0.079167,4,0.003
9704224,,,25,2,27,25,2,27,47,0.033909,0.036064,0.000046,0.07265,4,0.02652
9904352,,,2,19,21,2,19,21,24,0.104305,0.13249,0.000138,0.090476,3,0.001484
9712551,,,22,5,27,22,5,27,42,0.040874,0.045428,0.000041,0.106838,4,0.029979
9903432,,,6,8,14,6,8,14,25,0.099114,0.121015,0.000452,0.098901,4,0.005926
9712359,,,19,9,28,19,9,28,42,0.040877,0.045718,0.000111,0.089947,4,0.031967
9609487,,,36,1,37,36,1,37,46,0.035095,0.037456,0.000876,0.045796,4,0.061136
9905552,,,6,3,9,6,3,9,26,0.090215,0.105531,0,0.277778,4,0.005792
9804372,,,4,2,6,4,2,6,39,0.046334,0.051542,0.000077,0.133333,2,0.002788
9912405,,,1,20,21,1,20,21,24,0.108547,0.130803,0.000752,0.088095,6,0.000766
9707256,,,18,4,22,18,4,22,44,0.037742,0.040802,0.000006,0.136364,4,0.025004
9905406,,,9,2,11,9,2,11,34,0.059237,0.068223,0.000062,0.163636,4,0.008168
2138,,,4,9,13,4,9,13,32,0.071692,0.09243,0.000066,0.192308,11,0.00426
9801442,,,15,4,19,15,4,19,34,0.05908,0.068737,0.000049,0.134503,11,0.012888
9512328,,,67,1,68,67,1,68,39,0.046487,0.052078,0.001104,0.073529,11,0.119183
9907305,,,6,11,17,6,11,17,31,0.076773,0.102264,0.001667,0.169118,11,0.005709
9910395,,,4,2,6,4,2,6,37,0.050759,0.057471,0,0.2,11,0.003246
2141,,,11,10,21,11,10,21,23,0.116351,0.144352,0.00021,0.178571,4,0.011146
9911459,,,42,55,97,42,55,97,23,0.109989,0.148968,0.001051,0.079575,2,0.049963
9908499,,,15,28,43,15,28,43,23,0.123591,0.151845,0.000887,0.084164,6,0.047021
2142,,,1,16,17,1,16,17,29,0.084534,0.110305,0.000093,0.132353,6,0.000626
9909409,,,2,5,7,2,5,7,31,0.071322,0.086836,0.000037,0.214286,6,0.001392
9809220,,,7,6,13,7,6,13,33,0.062709,0.074244,0.000079,0.051282,3,0.005903
9708438,,,4,1,5,4,1,5,35,0.056753,0.066979,0.000013,0.15,6,0.003085
9711499,,,7,5,12,7,5,12,33,0.062875,0.075125,0.000147,0.166667,6,0.005174
9804210,,,2,19,21,2,19,21,32,0.068038,0.0898,0.000609,0.083333,6,0.001803
9910495,,,4,19,23,4,19,23,29,0.08407,0.109713,0.000705,0.079051,6,0.00304
9805229,,,10,7,17,10,7,17,31,0.071585,0.08908,0.001571,0.143382,6,0.009409
9807570,,,14,2,16,14,2,16,34,0.059796,0.071985,0.00009,0.091667,11,0.012361
9611316,,,10,7,17,10,7,17,33,0.06236,0.072065,0.000224,0.077206,6,0.009937
9708310,,,19,7,26,19,7,26,32,0.066475,0.079572,0.000549,0.106154,6,0.018461
9905271,,,2,13,15,2,13,15,32,0.069053,0.093538,0.000156,0.157143,11,0.001141
9908409,,,4,12,16,4,12,16,28,0.088385,0.112681,0.00047,0.133333,6,0.004189
9811437,,,6,13,19,6,13,19,34,0.060674,0.079633,0.000626,0.111111,11,0.010775
9711429,,,10,9,19,10,9,19,33,0.063332,0.077852,0.000241,0.152047,6,0.007719
2143,,,1,11,12,1,11,12,28,0.088446,0.11033,0.000102,0.106061,11,0.00082
9804464,,,2,1,3,2,1,3,33,0.061651,0.069481,0.000169,0,11,0.003056
9906465,,,7,19,26,7,19,26,27,0.092903,0.120093,0.000434,0.063077,11,0.005869
9807427,,,10,9,19,10,9,19,33,0.063678,0.080337,0.000024,0.055556,6,0.007515
9907219,,,3,3,6,3,3,6,28,0.085016,0.103219,0,0.433333,11,0.002501
9806483,,,1,1,2,1,1,2,41,0.042576,0.047264,0,0.5,11,0.000576
9911535,,,10,5,15,10,5,15,28,0.088233,0.108742,0.000303,0.080952,11,0.006612
9611358,,,9,8,17,9,8,17,40,0.044466,0.050498,0.000176,0.139706,11,0.016734
9606253,,,7,4,11,7,4,11,39,0.046493,0.052395,0.000008,0.081818,11,0.013571
9612304,,,4,3,7,4,3,7,41,0.042545,0.046771,0.000002,0.142857,4,0.006241
9611336,,,5,1,6,5,1,6,42,0.040804,0.044317,0.000005,0.066667,4,0.015535
9803440,,,55,10,65,55,10,65,37,0.050769,0.058487,0.000086,0.077885,2,0.214761
2148,,,2,11,13,2,11,13,31,0.071438,0.086452,0.000094,0.128205,13,0.001144
9810529,,,3,5,8,3,5,8,31,0.069813,0.0799,0.000009,0.142857,13,0.001767
9811307,,,8,6,14,8,6,14,31,0.070594,0.082783,0.000021,0.225275,13,0.006173
9611300,,,3,2,5,3,2,5,33,0.063803,0.077822,0.00005,0.15,7,0.002106
9812319,,,2,9,11,2,9,11,31,0.070113,0.081516,0.00009,0.145455,13,0.001191
9710463,,,19,3,22,19,3,22,33,0.061386,0.068499,0.0006,0.112554,0,0.016323
9807422,,,6,1,7,6,1,7,31,0.069653,0.078976,0.000004,0.214286,13,0.004257
9807219,,,15,3,18,15,3,18,30,0.074759,0.087255,0.000259,0.137255,13,0.036356
2149,,,28,32,60,28,32,60,24,0.110537,0.144984,0.00056,0.116384,2,0.045258
9903424,,,27,14,41,27,14,41,25,0.098952,0.121099,0.001487,0.116643,2,0.05755
9905475,,,13,6,19,13,6,19,31,0.073856,0.100159,0.000658,0.122807,2,0.028161
9910546,,,17,5,22,17,5,22,24,0.097023,0.116548,0.0001,0.11039,2,0.029206
9807525,,,42,2,44,42,2,44,38,0.048708,0.055377,0.000108,0.072939,2,0.129623
9912295,,,11,19,30,11,19,30,24,0.100355,0.125044,0.000047,0.167816,2,0.012088
9912435,,,26,14,40,26,14,40,25,0.104168,0.124356,0.000363,0.077564,2,0.02825
9903481,,,24,9,33,24,9,33,26,0.090718,0.109208,0.000278,0.14678,2,0.062233
9909501,,,17,5,22,17,5,22,27,0.075604,0.088138,0.000047,0.175325,2,0.029646
2150,,,45,39,84,45,39,84,23,0.110513,0.147368,0.000461,0.08319,2,0.04325
9811265,,,33,11,44,33,11,44,26,0.093194,0.114604,0.000538,0.108351,2,0.093129
9811463,,,17,16,33,17,16,33,25,0.095027,0.11844,0.000959,0.113911,2,0.038652
9810291,,,39,16,55,39,16,55,33,0.064526,0.086775,0.001009,0.083857,2,0.06691
9811282,,,20,10,30,20,10,30,27,0.086668,0.10405,0.000111,0.129885,2,0.062223
9611277,,,37,6,43,37,6,43,35,0.055619,0.063306,0.000034,0.104651,2,0.097854
9810272,,,31,16,47,31,16,47,25,0.098974,0.121258,0.001017,0.179463,2,0.13597
9910314,,,24,32,56,24,32,56,24,0.103137,0.132007,0.000643,0.098052,2,0.036927
9611293,,,30,12,42,30,12,42,34,0.059339,0.07012,0.000228,0.095238,9,0.076577
9903408,,,26,9,35,26,9,35,24,0.106054,0.130924,0.000349,0.088235,2,0.031329
9610481,,,62,4,66,62,4,66,43,0.039237,0.042866,0.000089,0.077855,2,0.244471
9905202,,,16,21,37,16,21,37,26,0.091773,0.113992,0.000076,0.135714,2,0.02405
9811252,,,34,11,45,34,11,45,26,0.092593,0.111946,0.000006,0.123232,2,0.05474
9904249,,,9,16,25,9,16,25,26,0.091618,0.113044,0.000391,0.21558,2,0.014325
9710314,,,12,9,21,12,9,21,34,0.059208,0.070242,0.000242,0.102381,2,0.016848
9707405,,,3,2,5,3,2,5,35,0.056361,0.065266,0.000005,0.1,2,0.002894
9905208,,,1,14,15,1,14,15,27,0.086778,0.107417,0.000408,0.114286,0,0.000912
9807253,,,12,6,18,12,6,18,35,0.056209,0.066679,0.000151,0.166667,2,0.044094
9906397,,,1,14,15,1,14,15,26,0.097807,0.129011,0.000024,0.047619,4,0.000912
2152,,,5,9,14,5,9,14,24,0.110152,0.133831,0.002472,0.065934,2,0.005107
9812228,,,2,6,8,2,6,8,25,0.102248,0.116342,0.000025,0.053571,2,0.001886
9909286,,,6,1,7,6,1,7,24,0.10301,0.118042,0.000159,0.142857,3,0.005771
9912363,,,4,11,15,4,11,15,24,0.104552,0.137775,0.002035,0.161905,0,0.007702
2153,,,1,4,5,1,4,5,32,0.066359,0.077585,0.000253,0.15,13,0.0007
9811272,,,2,4,6,2,4,6,33,0.062997,0.075023,0.000118,0.033333,0,0.001268
9610226,,,1,1,2,1,1,2,35,0.055369,0.06132,0,0,13,0.000574
9811438,,,5,5,10,5,5,10,31,0.070389,0.081907,0.000072,0.3,13,0.003102
2154,,,3,1,4,3,1,4,44,0.037737,0.040548,0.000079,0,4,0.002064
9511391,,,28,1,29,28,1,29,43,0.039213,0.04242,0.000433,0.081281,4,0.042938
2155,,,21,11,32,21,11,32,23,0.10468,0.130813,0.000332,0.102823,2,0.023137
9805266,,,11,5,16,11,5,16,33,0.06267,0.073342,0.000007,0.083333,2,0.050263
2157,,,5,28,33,5,28,33,30,0.078388,0.107471,0.007058,0.111742,8,0.003347
9801281,,,9,2,11,9,2,11,32,0.065913,0.076482,0.000012,0.118182,8,0.010825
9812355,,,7,7,14,7,7,14,32,0.06825,0.087659,0.00085,0.115385,8,0.005364
9902280,,,7,29,36,7,29,36,29,0.083704,0.115737,0.004941,0.062698,8,0.00508
9512267,,,4,1,5,4,1,5,41,0.042551,0.046861,0,0.3,8,0.007839
9811279,,,1,10,11,1,10,11,30,0.075821,0.092208,0.000191,0.081818,8,0.00081
9912341,,,1,10,11,1,10,11,32,0.068557,0.089599,0.000287,0.109091,8,0.00081
9712473,,,7,5,12,7,5,12,32,0.066097,0.077024,0.000006,0.295455,8,0.009472
9912289,,,7,10,17,7,10,17,29,0.08148,0.101936,0.000747,0.073529,8,0.004739
9905573,,,3,2,5,3,2,5,32,0.065537,0.074616,0,0.05,8,0.002006
9804397,,,10,3,13,10,3,13,32,0.066572,0.079192,0.000019,0.211538,8,0.006816
9808305,,,5,8,13,5,8,13,32,0.066745,0.08064,0.000255,0.160256,8,0.003321
9903411,,,5,3,8,5,3,8,32,0.066857,0.080736,0.000001,0.267857,8,0.004135
2158,,,4,7,11,4,7,11,25,0.100355,0.112889,0.000585,0.1,1,0.002579
9902276,,,7,1,8,7,1,8,32,0.067034,0.080326,0.000033,0.089286,1,0.006377
9912277,,,1,11,12,1,11,12,24,0.104509,0.11961,0.000213,0.098485,6,0.000747
9903352,,,2,3,5,2,3,5,29,0.079978,0.093852,0.000201,0.2,1,0.001323
9904362,,,1,3,4,1,3,4,30,0.074196,0.085308,0,0.333333,1,0.000747
9702218,,,19,1,20,19,1,20,32,0.066155,0.076262,0.000354,0.065789,1,0.016656
9811514,,,3,2,5,3,2,5,33,0.062071,0.070271,0.000004,0.2,1,0.001955
9808351,,,5,2,7,5,2,7,33,0.06206,0.070176,0.000093,0.095238,1,0.003097
2160,,,1,2,3,1,2,3,32,0.065256,0.073351,0,0.166667,0,0.000898
9707342,,,24,6,30,24,6,30,31,0.069804,0.080067,0.000419,0.113793,0,0.018863
2161,,,14,26,40,14,26,40,24,0.109383,0.133003,0.000718,0.117308,1,0.010382
9902369,,,5,3,8,5,3,8,33,0.063035,0.074765,0.000006,0.214286,1,0.004805
9703437,,,36,5,41,36,5,41,32,0.066841,0.081374,0.00015,0.097561,1,0.049239
9706520,,,33,7,40,33,7,40,32,0.066845,0.081516,0.000064,0.101923,1,0.042068
9907363,,,5,6,11,5,6,11,32,0.067475,0.08425,0.000039,0.188889,1,0.005804
9811239,,,32,26,58,32,26,58,32,0.068673,0.093242,0.000312,0.098911,1,0.041825
9708327,,,14,7,21,14,7,21,34,0.059177,0.068127,0.000078,0.219048,1,0.014753
9911404,,,5,22,27,5,22,27,28,0.087936,0.115031,0.000086,0.138177,7,0.004022
9609341,,,23,5,28,23,5,28,33,0.062771,0.07318,0.000465,0.123016,1,0.037283
9801456,,,22,17,39,22,17,39,32,0.067559,0.085788,0.00008,0.116734,7,0.025307
9710513,,,13,7,20,13,7,20,33,0.062705,0.074041,0.000001,0.221053,1,0.01182
9903518,,,7,9,16,7,9,16,31,0.071366,0.08751,0.000181,0.133333,1,0.007215
9903480,,,5,2,7,5,2,7,33,0.062635,0.073184,0,0.309524,1,0.004575
9907517,,,6,6,12,6,6,12,32,0.067496,0.084366,0.000001,0.257576,1,0.005543
2162,,,5,13,18,5,13,18,29,0.081133,0.09966,0.001007,0.212418,10,0.002848
9809446,,,8,15,23,8,15,23,28,0.086821,0.105989,0.000023,0.175889,10,0.007316
9811366,,,10,9,19,10,9,19,28,0.086884,0.106019,0.000188,0.195906,10,0.006577
9709453,,,14,6,20,14,6,20,28,0.086739,0.10498,0.000185,0.207895,10,0.01273
9507418,,,25,1,26,25,1,26,28,0.086655,0.104167,0.000292,0.123077,10,0.031288
9911260,,,3,9,12,3,9,12,29,0.081339,0.100367,0.000871,0.189394,10,0.00198
2163,,,2,35,37,2,35,37,30,0.079322,0.108389,0.001227,0.047297,8,0.001508
9702274,,,11,2,13,11,2,13,41,0.042543,0.04675,0.000309,0.064103,13,0.007384
9903414,,,2,4,6,2,4,6,30,0.07421,0.085798,0.000014,0.333333,8,0.001211
9907332,,,1,3,4,1,3,4,35,0.055769,0.063493,0.000001,0.166667,8,0.00064
9804357,,,8,3,11,8,3,11,36,0.052818,0.059084,0.000083,0.109091,8,0.005322
9906438,,,1,2,3,1,2,3,34,0.05888,0.067143,0,0.333333,8,0.00064
9904501,,,3,1,4,3,1,4,37,0.050206,0.055329,0.000149,0.166667,13,0.001909
9707466,,,11,4,15,11,4,15,40,0.04444,0.049453,0.000041,0.061905,8,0.010127
9910219,,,2,6,8,2,6,8,31,0.06922,0.079008,0.000079,0.214286,8,0.001211
9909456,,,10,8,18,10,8,18,30,0.07625,0.093425,0.000062,0.19281,8,0.007161
9907544,,,4,3,7,4,3,7,30,0.070885,0.088147,0.000541,0.238095,8,0.004378
9902232,,,4,2,6,4,2,6,30,0.074203,0.085684,0.000091,0.366667,8,0.002463
9807258,,,9,12,21,9,12,21,31,0.069049,0.078602,0.000609,0.12381,13,0.005773
9909407,,,1,2,3,1,2,3,33,0.060645,0.06647,0.000003,0.166667,13,0.00064
9705257,,,5,3,8,5,3,8,30,0.073937,0.084385,0.000876,0.196429,13,0.003998
9901356,,,2,2,4,2,2,4,42,0.040814,0.04452,0.000001,0.166667,13,0.001359
9911213,,,1,5,6,1,5,6,31,0.070179,0.082614,0,0.333333,8,0.00064
9907352,,,1,2,3,1,2,3,45,0.036369,0.038877,0.000157,0.166667,13,0.00064
9903536,,,4,9,13,4,9,13,32,0.066706,0.081429,0.000004,0.205128,8,0.003082
9908339,,,3,3,6,3,3,6,44,0.03774,0.040658,0.000001,0.266667,13,0.001907
9911350,,,2,27,29,2,27,29,29,0.082847,0.108222,0.000825,0.041872,13,0.001329
9910391,,,2,13,15,2,13,15,30,0.076938,0.095652,0.000036,0.204762,8,0.001341
9909434,,,3,18,21,3,18,21,29,0.081255,0.10111,0.000379,0.07619,0,0.002087
9805247,,,7,2,9,7,2,9,44,0.037735,0.040547,0.000002,0.25,13,0.005113
9805418,,,6,2,8,6,2,8,44,0.037738,0.040583,0.000002,0.178571,13,0.003819
9810357,,,3,1,4,3,1,4,29,0.080087,0.094583,0.000293,0.25,8,0.002007
2165,,,1,2,3,1,2,3,30,0.076532,0.094155,0.000079,0.166667,7,0.000568
9907373,,,7,4,11,7,4,11,29,0.082801,0.106864,0.000233,0.245455,7,0.005563
2166,,,7,24,31,7,24,31,31,0.073098,0.098247,0.000184,0.129032,12,0.005504
105093,,,8,1,9,8,1,9,32,0.068144,0.086684,0.000068,0.097222,1,0.01162
9704396,,,14,16,30,14,16,30,33,0.064142,0.08271,0.001025,0.125287,12,0.02049
9905485,,,2,2,4,2,2,4,35,0.056737,0.066597,0.000001,0.083333,12,0.00159
9911311,,,7,11,18,7,11,18,31,0.072027,0.090549,0.000042,0.238562,12,0.00582
9608480,,,40,5,45,40,5,45,40,0.044466,0.050275,0.000107,0.076263,12,0.066554
9703268,,,16,8,24,16,8,24,33,0.063974,0.080148,0.000343,0.13587,12,0.015795
9703208,,,14,6,20,14,6,20,33,0.062586,0.073836,0.000173,0.2,12,0.019637
9909225,,,5,8,13,5,8,13,31,0.071966,0.090046,0.00004,0.339744,12,0.004401
9810424,,,15,13,28,15,13,28,30,0.07721,0.099591,0.000541,0.104497,12,0.012514
9805344,,,9,13,22,9,13,22,32,0.067837,0.088793,0.000016,0.158009,1,0.009543
2167,,,19,19,38,19,19,38,24,0.114239,0.142641,0.000213,0.091038,7,0.017252
9707336,,,15,1,16,15,1,16,42,0.040819,0.044496,0,0.166667,6,0.042369
9907243,,,21,26,47,21,26,47,25,0.105317,0.135214,0.000372,0.084181,7,0.021633
9811471,,,40,13,53,40,13,53,30,0.078174,0.107336,0.000137,0.127358,7,0.079726
9807238,,,10,16,26,10,16,26,30,0.078156,0.107538,0.000199,0.127692,7,0.022227
2168,,,9,32,41,9,32,41,23,0.110726,0.149423,0.001423,0.103049,2,0.012161
9801411,,,17,12,29,17,12,29,31,0.07194,0.092419,0.000202,0.112069,7,0.026362
12231,,,12,14,26,12,14,26,28,0.084278,0.10328,0.000545,0.101538,6,0.01148
9911370,,,32,23,55,32,23,55,25,0.098509,0.13133,0.000158,0.10303,2,0.039685
9807319,,,54,15,69,54,15,69,32,0.068353,0.089411,0.000595,0.095908,2,0.266988
9903464,,,24,10,34,24,10,34,26,0.095994,0.116188,0.001001,0.101604,2,0.087588
9912238,,,33,13,46,33,13,46,23,0.108564,0.13701,0.000725,0.102008,2,0.038134
2170,,,1,3,4,1,3,4,34,0.060425,0.072405,0,0.083333,2,0.00057
9811232,,,2,1,3,2,1,3,33,0.062991,0.074471,0.000074,0,2,0.004671
9901289,,,5,4,9,5,4,9,34,0.06091,0.075248,0.000262,0.097222,2,0.005688
9901418,,,3,3,6,3,3,6,31,0.071978,0.091635,0.000003,0.233333,7,0.007312
9810333,,,40,6,46,40,6,46,31,0.071633,0.089607,0.000181,0.052657,7,0.065762
2172,,,3,5,8,3,5,8,25,0.097778,0.122288,0.000044,0.285714,3,0.002578
2174,,,3,3,6,3,3,6,34,0.060539,0.074004,0.000079,0.1,2,0.001838
9907339,,,1,2,3,1,2,3,33,0.064375,0.081532,0.000078,0.166667,2,0.000684
9808342,,,4,2,6,4,2,6,43,0.039336,0.043465,0.000217,0.066667,2,0.003805
11285,,,1,1,2,1,1,2,33,0.062605,0.072752,0,0.5,5,0.000568
4015,,,4,1,5,4,1,5,32,0.066779,0.079916,0.000083,0.1,5,0.004207
2176,,,1,5,6,1,5,6,34,0.059419,0.070651,0.000002,0.066667,11,0.000634
9907376,,,2,2,4,2,2,4,35,0.056085,0.064782,0.000157,0.166667,11,0.001199
9804322,,,6,9,15,6,9,15,33,0.063103,0.076697,0.000604,0.019048,11,0.003856
9807276,,,2,3,5,2,3,5,34,0.059389,0.070147,0.000157,0.15,11,0.001196
9612378,,,8,4,12,8,4,12,41,0.042541,0.046856,0.00014,0.083333,11,0.006499
9903273,,,8,18,26,8,18,26,23,0.099155,0.121135,0.000006,0.196923,2,0.010888
9505288,,,15,2,17,15,2,17,41,0.042545,0.046901,0.000003,0.147059,1,0.046232
9512395,,,11,4,15,11,4,15,40,0.044449,0.049874,0.000203,0.071429,1,0.046497
2180,,,1,3,4,1,3,4,34,0.059557,0.071149,0.000006,0,11,0.000641
9904365,,,3,3,6,3,3,6,33,0.062665,0.073609,0.000028,0.133333,5,0.002221
9805366,,,3,2,5,3,2,5,34,0.059539,0.070402,0.000002,0.3,11,0.003028
2181,,,1,9,10,1,9,10,27,0.091944,0.119073,0.000001,0.122222,0,0.000697
9709320,,,13,11,24,13,11,24,34,0.058777,0.067643,0.000117,0.07971,0,0.017054
9705357,,,34,7,41,34,7,41,37,0.04995,0.054914,0.00011,0.135366,0,0.054534
9606223,,,10,4,14,10,4,14,33,0.062254,0.071342,0.000134,0.153846,0,0.010159
2182,,,6,13,19,6,13,19,30,0.077643,0.10097,0.000117,0.267974,8,0.005181
3075,,,5,26,31,5,26,31,30,0.078113,0.104647,0.000129,0.152709,8,0.003883
9809487,,,8,13,21,8,13,21,29,0.080928,0.098632,0.000047,0.207143,8,0.007502
9909432,,,5,11,16,5,11,16,30,0.076574,0.096383,0.000026,0.170833,8,0.004471
2183,,,19,6,25,19,6,25,26,0.091777,0.115043,0.000003,0.263333,3,0.016903
9509387,,,1,2,3,1,2,3,45,0.036365,0.038962,0.001604,0.166667,2,0.019531
9907223,,,4,21,25,4,21,25,26,0.096061,0.122408,0.000122,0.253623,3,0.007509
9904485,,,17,8,25,17,8,25,26,0.091503,0.109631,0.00007,0.248333,3,0.036701
9904432,,,8,35,43,8,35,43,25,0.100758,0.126537,0.000441,0.234773,3,0.019415
9905204,,,23,18,41,23,18,41,26,0.094318,0.117822,0.001098,0.115854,3,0.0357
9901302,,,7,5,12,7,5,12,26,0.090777,0.109315,0.000111,0.151515,0,0.007642
9903319,,,18,5,23,18,5,23,26,0.089703,0.103472,0,0.20751,3,0.040899
9904495,,,19,10,29,19,10,29,26,0.092898,0.112221,0.000372,0.24,3,0.038197
9905244,,,12,16,28,12,16,28,26,0.094251,0.116791,0.000063,0.266382,3,0.02855
9605221,,,31,2,33,31,2,33,31,0.071038,0.084162,0.000068,0.141098,7,0.087848
104130,,,5,8,13,5,8,13,24,0.112781,0.13792,0.000041,0.378205,3,0.005018
103104,,,4,22,26,4,22,26,24,0.10907,0.141402,0.0002,0.195385,3,0.003276
104112,,,6,7,13,6,7,13,24,0.118853,0.144506,0.00004,0.358974,3,0.005901
102090,,,22,26,48,22,26,48,24,0.117043,0.147281,0.000208,0.137855,3,0.024148
103151,,,7,5,12,7,5,12,24,0.118551,0.143524,0.000029,0.424242,3,0.006853
2191,,,2,26,28,2,26,28,23,0.123416,0.149078,0.000023,0.202381,6,0.001272
9906432,,,3,3,6,3,3,6,28,0.086784,0.104812,0.000466,0.1,13,0.002133
9910283,,,8,8,16,8,8,16,27,0.085712,0.103325,0.000002,0.366667,6,0.00664
9805289,,,21,17,38,21,17,38,32,0.067327,0.085689,0.000006,0.199858,4,0.037751
9709356,,,88,55,143,88,55,143,31,0.072157,0.098317,0.004134,0.025854,4,0.108464
9712499,,,33,39,72,33,39,72,31,0.071753,0.093815,0.002594,0.122066,4,0.070126
2193,,,7,35,42,7,35,42,27,0.090623,0.118791,0.005868,0.108333,10,0.005072
9911297,,,2,12,14,2,12,14,27,0.08501,0.107909,0.000142,0.179487,10,0.001693
9505283,,,1,1,2,1,1,2,28,0.086655,0.10417,0,0.5,10,0.000948
5253,,,4,18,22,4,18,22,26,0.092314,0.115222,0.001504,0.15,10,0.003604
9912512,,,2,14,16,2,14,16,28,0.087077,0.107217,0.000075,0.220833,10,0.001516
9908493,,,5,6,11,5,6,11,29,0.080768,0.096824,0.000135,0.263636,10,0.003858
9609427,,,11,2,13,11,2,13,30,0.07399,0.084505,0.000491,0.205128,10,0.014853
9905262,,,1,4,5,1,4,5,28,0.088116,0.109456,0.000002,0.05,10,0.000948
9801305,,,9,4,13,9,4,13,40,0.044454,0.049687,0.000024,0.211538,10,0.013269
9908252,,,13,15,28,13,15,28,30,0.078214,0.104756,0.001596,0.123016,7,0.015177
9907233,,,1,5,6,1,5,6,29,0.081078,0.097354,0.000143,0.233333,10,0.000948
9812258,,,10,3,13,10,3,13,34,0.059222,0.068021,0.000733,0.032051,12,0.007303
9710510,,,1,2,3,1,2,3,29,0.080485,0.095137,0.000003,0.166667,10,0.000948
9804209,,,34,10,44,34,10,44,28,0.086967,0.105835,0.002413,0.075053,10,0.032663
9703218,,,6,3,9,6,3,9,28,0.086662,0.104319,0.000029,0.25,10,0.004453
9707347,,,30,4,34,30,4,34,40,0.044454,0.049738,0.000065,0.07754,10,0.037727
9706487,,,7,2,9,7,2,9,29,0.080872,0.096135,0.000062,0.305556,10,0.009866
2194,,,4,4,8,4,4,8,25,0.089384,0.108871,0.000001,0.25,4,0.002327
9804409,,,5,4,9,5,4,9,33,0.062519,0.073513,0.000079,0.180556,4,0.003062
9905467,,,7,12,19,7,12,19,32,0.069041,0.093827,0.000082,0.179739,4,0.0054
9906508,,,9,18,27,9,18,27,24,0.097552,0.124863,0.000774,0.146724,4,0.012111
2195,,,3,13,16,3,13,16,32,0.067953,0.085329,0.000268,0.128571,8,0.002877
9806535,,,7,1,8,7,1,8,37,0.050503,0.056432,0,0.232143,8,0.006028
9706344,,,37,4,41,37,4,41,36,0.053125,0.060063,0.000082,0.116463,8,0.057591
9803316,,,35,14,49,35,14,49,31,0.070552,0.084657,0.000168,0.091412,8,0.034595
9812311,,,13,5,18,13,5,18,35,0.05495,0.060939,0.000147,0.137255,8,0.01171
4059,,,13,15,28,13,15,28,31,0.072731,0.094124,0.00085,0.183761,8,0.012118
9603221,,,6,6,12,6,6,12,36,0.053746,0.062428,0.000108,0.075758,4,0.010034
2198,,,3,21,24,3,21,24,30,0.077349,0.099186,0.002241,0.057971,8,0.001937
9804384,,,5,4,9,5,4,9,35,0.056621,0.06768,0.000254,0.152778,8,0.003473
9702273,,,8,2,10,8,2,10,43,0.039212,0.042389,0.000045,0.1,13,0.005938
9904418,,,3,1,4,3,1,4,36,0.052469,0.057417,0.000002,0.25,8,0.002046
9807396,,,3,1,4,3,1,4,40,0.044465,0.04974,0.000158,0.166667,8,0.002018
9906373,,,3,1,4,3,1,4,41,0.042575,0.047001,0.000007,0.166667,8,0.002125
9910353,,,1,4,5,1,4,5,31,0.070042,0.081492,0.000126,0.25,0,0.000689
9905409,,,7,13,20,7,13,20,32,0.067555,0.084521,0.000114,0.081579,8,0.004727
9811401,,,1,2,3,1,2,3,36,0.0532,0.060279,0.000079,0.166667,8,0.000689
9906369,,,1,1,2,1,1,2,36,0.052469,0.057417,0,0.5,8,0.000689
9907343,,,3,2,5,3,2,5,36,0.05259,0.057987,0,0.4,8,0.001952
9906536,,,2,1,3,2,1,3,41,0.042575,0.047001,0,0.333333,8,0.00132
9803473,,,8,1,9,8,1,9,35,0.055372,0.06133,0.000587,0.194444,8,0.005766
9907267,,,2,9,11,2,9,11,36,0.053679,0.063232,0.000079,0.145455,8,0.00132
9807247,,,5,1,6,5,1,6,36,0.05359,0.062137,0.00004,0.2,8,0.00329
9801435,,,3,2,5,3,2,5,35,0.056182,0.064959,0.000224,0.1,8,0.001894
9906257,,,6,3,9,6,3,9,36,0.052639,0.05825,0.00014,0.152778,8,0.003999
9907461,,,2,3,5,2,3,5,36,0.052593,0.058061,0,0.4,8,0.00132
2199,,,61,15,76,61,15,76,24,0.101652,0.128017,0.000218,0.097895,3,0.064314
9603225,,,1,5,6,1,5,6,33,0.063953,0.07966,0.000677,0.266667,4,0.003266
9509319,,,6,2,8,6,2,8,41,0.042545,0.046845,0,0.142857,4,0.015607
2203,,,1,6,7,1,6,7,32,0.069859,0.095104,0.000215,0.119048,12,0.000893
9712384,,,4,5,9,4,5,9,35,0.056934,0.068882,0.00004,0.138889,12,0.002919
9704337,,,5,3,8,5,3,8,34,0.060167,0.072809,0.000135,0.089286,12,0.003452
9904242,,,1,6,7,1,6,7,35,0.056917,0.068538,0,0.261905,12,0.000583
9610437,,,7,1,8,7,1,8,35,0.056593,0.065496,0.000366,0.196429,12,0.006665
9903546,,,2,14,16,2,14,16,31,0.074394,0.105586,0.001004,0.045833,11,0.001529
9812373,,,1,7,8,1,7,8,33,0.065039,0.08815,0.000008,0.160714,6,0.000583
2204,,,9,6,15,9,6,15,30,0.077758,0.100287,0.000457,0.133333,12,0.006725
9911456,,,8,31,39,8,31,39,29,0.083416,0.112536,0.000773,0.104588,12,0.006443
9911410,,,5,8,13,5,8,13,31,0.072563,0.091392,0.000238,0.147436,1,0.003772
9808247,,,15,9,24,15,9,24,29,0.081557,0.100375,0.001565,0.153986,12,0.012806
9706365,,,9,5,14,9,5,14,33,0.063162,0.076029,0.000206,0.263736,12,0.013248
9806462,,,24,27,51,24,27,51,31,0.071988,0.092358,0.000418,0.100392,12,0.022492
9507460,,,37,1,38,37,1,38,30,0.073866,0.084026,0.004306,0.138691,7,0.149757
2208,,,3,8,11,3,8,11,24,0.107787,0.132647,0.000022,0.272727,4,0.003625
9908520,,,10,16,26,10,16,26,24,0.112279,0.139737,0.000981,0.069231,7,0.013397
2210,,,1,10,11,1,10,11,24,0.115753,0.139201,0.000004,0.109091,7,0.00131
9609496,,,10,1,11,10,1,11,32,0.066954,0.079749,0.000101,0.072727,7,0.011036
9807399,,,12,3,15,12,3,15,31,0.071002,0.085121,0.000385,0.109524,7,0.009087
9909562,,,8,16,24,8,16,24,24,0.117864,0.146046,0.001033,0.171937,7,0.007012
2211,,,2,9,11,2,9,11,29,0.077556,0.094707,0.000001,0.172727,11,0.001274
9904256,,,5,9,14,5,9,14,34,0.060063,0.074698,0.000081,0.115385,11,0.003105
9910422,,,2,8,10,2,8,10,28,0.083726,0.104564,0.000127,0.155556,11,0.001333
9808283,,,42,2,44,42,2,44,39,0.046493,0.052216,0.000025,0.049154,11,0.063384
9702266,,,11,6,17,11,6,17,40,0.044456,0.0502,0.000029,0.132353,11,0.013046
2212,,,2,9,11,2,9,11,24,0.104058,0.130398,0.000015,0.272727,3,0.001401
9907272,,,31,12,43,31,12,43,24,0.107072,0.132169,0.000815,0.187708,3,0.050061
9912343,,,19,23,42,19,23,42,24,0.107048,0.136934,0.001235,0.11324,3,0.019683
9804235,,,24,7,31,24,7,31,32,0.06794,0.087596,0.000275,0.075269,6,0.03874
9710438,,,32,13,45,32,13,45,33,0.063618,0.081446,0.000297,0.083333,6,0.070489
9612363,,,37,7,44,37,7,44,33,0.063296,0.07787,0.000126,0.081924,6,0.074637
9912302,,,4,41,45,4,41,45,22,0.134398,0.166676,0.000581,0.05202,6,0.004644
9811456,,,17,26,43,17,26,43,25,0.100558,0.130535,0.006844,0.027685,11,0.033074
2214,,,1,21,22,1,21,22,27,0.088307,0.111007,0.000088,0.125541,0,0.000568
9703232,,,14,2,16,14,2,16,45,0.036397,0.039243,0.000001,0.166667,0,0.017177
9801280,,,3,3,6,3,3,6,33,0.062579,0.074075,0,0.5,4,0.002546
9708226,,,16,12,28,16,12,28,33,0.062813,0.075789,0.00003,0.186508,4,0.02302
9603324,,,16,3,19,16,3,19,43,0.039245,0.043066,0.000356,0.099415,0,0.023194
9812232,,,4,5,9,4,5,9,33,0.06408,0.082947,0.000143,0.333333,0,0.003069
9606241,,,14,1,15,14,1,15,44,0.037765,0.040939,0.000043,0.204762,0,0.019663
9711501,,,15,11,26,15,11,26,32,0.066658,0.081091,0.000221,0.163077,4,0.012305
9809310,,,8,6,14,8,6,14,32,0.067762,0.086977,0.000034,0.21978,0,0.005424
9904438,,,3,18,21,3,18,21,31,0.073223,0.09915,0.00003,0.178947,0,0.002218
9812345,,,7,25,32,7,25,32,31,0.073382,0.100861,0.000418,0.08871,4,0.006838
9809562,,,5,4,9,5,4,9,33,0.064075,0.082872,0,0.388889,0,0.003346
9608222,,,14,1,15,14,1,15,44,0.037766,0.04094,0.000009,0.07619,0,0.013687
9802271,,,8,7,15,8,7,15,32,0.067566,0.087055,0.000007,0.290476,4,0.006273
2215,,,1,5,6,1,5,6,24,0.099715,0.122368,0,0.266667,2,0.001551
9904298,,,2,3,5,2,3,5,32,0.067553,0.082021,0,0.3,2,0.005039
9804307,,,4,1,5,4,1,5,48,0.032803,0.034716,0.000001,0.2,2,0.007807
9910245,,,3,5,8,3,5,8,31,0.071429,0.086839,0.00002,0.178571,1,0.002941
9612393,,,4,3,7,4,3,7,33,0.062877,0.073833,0.000004,0.190476,7,0.009269
9702318,,,51,6,57,51,6,57,32,0.067148,0.081237,0.000106,0.111216,7,0.13814
9609530,,,24,2,26,24,2,26,32,0.066988,0.079996,0.000146,0.06,7,0.039173
9905277,,,5,12,17,5,12,17,32,0.067841,0.086141,0.000042,0.091912,7,0.004948
104135,,,1,20,21,1,20,21,25,0.099322,0.125289,0.001888,0.095238,1,0.00057
104097,,,1,11,12,1,11,12,25,0.094486,0.123342,0.001207,0.143939,12,0.000568
12358,,,1,5,6,1,5,6,30,0.083184,0.102115,0.000081,0.2,1,0.000568
9903532,,,3,5,8,3,5,8,31,0.072336,0.091733,0.000001,0.25,12,0.002428
3114,,,6,11,17,6,11,17,27,0.0946,0.114557,0.000385,0.132353,1,0.003518
6156,,,1,1,2,1,1,2,35,0.056608,0.066117,0,0,1,0.000568
11114,,,2,18,20,2,18,20,26,0.099642,0.120939,0.000756,0.081579,1,0.001135
4177,,,4,1,5,4,1,5,36,0.053582,0.061231,0.000026,0.4,1,0.002441
9912434,,,3,4,7,3,4,7,33,0.064471,0.080156,0.000002,0.214286,8,0.001758
7223,,,1,27,28,1,27,28,28,0.093518,0.119322,0.000041,0.062169,1,0.000568
103162,,,2,4,6,2,4,6,30,0.078096,0.090307,0.000026,0.366667,1,0.001138
11165,,,3,3,6,3,3,6,30,0.078085,0.090231,0.000026,0.366667,1,0.001761
3006,,,6,11,17,6,11,17,30,0.084487,0.111452,0.000414,0.169118,12,0.003879
2220,,,1,19,20,1,19,20,24,0.111254,0.1371,0.000079,0.042105,9,0.000568
9603441,,,11,15,26,11,15,26,32,0.066505,0.078985,0.000277,0.098462,6,0.012478
9705416,,,38,24,62,38,24,62,31,0.070981,0.088235,0.005764,0.157853,9,0.069237
9803308,,,22,20,42,22,20,42,32,0.068079,0.090165,0.000951,0.081882,9,0.047044
9711234,,,11,18,29,11,18,29,32,0.067642,0.087066,0.000155,0.087438,5,0.012031
9712303,,,8,2,10,8,2,10,36,0.053797,0.062299,0.000054,0.044444,6,0.012063
9704305,,,17,6,23,17,6,23,31,0.070237,0.082462,0.000191,0.158103,5,0.016066
9911442,,,7,10,17,7,10,17,24,0.113385,0.140291,0.000169,0.133333,9,0.005906
9709395,,,69,3,72,69,3,72,33,0.063451,0.079104,0.000236,0.046166,9,0.09412
9606364,,,16,2,18,16,2,18,42,0.040816,0.044621,0.000015,0.084967,9,0.033019
9706519,,,7,23,30,7,23,30,32,0.067372,0.085373,0.000268,0.216092,9,0.012162
9903245,,,10,26,36,10,26,36,33,0.064666,0.089068,0.000061,0.125397,9,0.011491
9908511,,,1,13,14,1,13,14,31,0.07308,0.09877,0.000005,0.049451,5,0.000568
2221,,,1,9,10,1,9,10,26,0.092966,0.114495,0.000078,0.122222,2,0.000575
9909361,,,2,1,3,2,1,3,33,0.062795,0.07264,0.000067,0,2,0.001206
9707542,,,12,4,16,12,4,16,45,0.036371,0.039082,0.000009,0.204762,2,0.027012
9603246,,,1,2,3,1,2,3,40,0.044432,0.049417,0,0.166667,11,0.000633
2224,,,16,9,25,16,9,25,26,0.094378,0.122123,0.000055,0.26,3,0.015547
2178,,,28,23,51,28,23,51,25,0.099711,0.131218,0.000491,0.12549,3,0.027347
9603251,,,6,7,13,6,7,13,28,0.087399,0.106782,0.007304,0.038462,13,0.006866
9508356,,,2,1,3,2,1,3,29,0.080366,0.094541,0.000081,0,13,0.001559
9502393,,,4,5,9,4,5,9,28,0.088105,0.109167,0.00081,0.041667,7,0.003051
9511320,,,3,3,6,3,3,6,28,0.086659,0.104293,0.000019,0.2,10,0.002356
9505257,,,2,4,6,2,4,6,28,0.086662,0.104368,0.000003,0.3,13,0.001913
2228,,,1,5,6,1,5,6,24,0.110556,0.128194,0.000375,0.1,8,0.000637
9708323,,,2,3,5,2,3,5,30,0.073981,0.084686,0.000039,0.3,8,0.001384
9706531,,,6,3,9,6,3,9,29,0.079872,0.093615,0.000322,0.125,8,0.003881
9707332,,,3,1,4,3,1,4,41,0.042537,0.046624,0,0.166667,8,0.001842
9801222,,,16,6,22,16,6,22,33,0.063132,0.075928,0.000175,0.121212,7,0.030764
2229,,,9,13,22,9,13,22,26,0.091872,0.115925,0.000163,0.294372,3,0.006797
9912453,,,4,14,18,4,14,18,27,0.088403,0.110057,0.000003,0.19281,3,0.003169
9803465,,,1,1,2,1,1,2,35,0.056048,0.06393,0.000038,0,6,0.012564
9711218,,,5,4,9,5,4,9,34,0.059372,0.069373,0.000169,0.111111,6,0.0053
2232,,,3,46,49,3,46,49,23,0.129984,0.16882,0.000335,0.059949,4,0.002581
9903365,,,11,7,18,11,7,18,30,0.078301,0.103682,0.000172,0.068627,6,0.007498
9711401,,,22,38,60,22,38,60,30,0.076454,0.099789,0.000708,0.055085,4,0.040436
9707442,,,5,21,26,5,21,26,33,0.063446,0.079919,0.000146,0.147692,4,0.016578
9511350,,,13,2,15,13,2,15,43,0.039237,0.042838,0.000003,0.12381,4,0.068374
9908415,,,6,19,25,6,19,25,24,0.114836,0.144962,0.000023,0.213333,7,0.004551
9803481,,,7,7,14,7,7,14,31,0.072614,0.097301,0.000169,0.065934,4,0.009286
9911522,,,5,21,26,5,21,26,24,0.117362,0.148367,0.00012,0.186154,7,0.003479
9610479,,,24,3,27,24,3,27,33,0.06283,0.073484,0.00009,0.07265,4,0.044483
9801331,,,2,18,20,2,18,20,33,0.063194,0.078776,0.000083,0.047368,4,0.001353
9603258,,,1,1,2,1,1,2,42,0.040815,0.044555,0.000158,0,4,0.00135
2235,,,12,13,25,12,13,25,24,0.115408,0.140919,0.000008,0.271739,7,0.013297
2237,,,5,6,11,5,6,11,27,0.09557,0.114414,0.000061,0.290909,1,0.004272
2238,,,1,21,22,1,21,22,24,0.108258,0.129352,0.000005,0.17316,6,0.000749
9710447,,,17,3,20,17,3,20,35,0.056311,0.065592,0.000155,0.131579,6,0.01631
9903301,,,6,12,18,6,12,18,24,0.107625,0.128794,0.000597,0.166667,6,0.007074
1194,,,4,6,10,4,6,10,24,0.104081,0.118679,0.000008,0.2,6,0.003452
9908529,,,16,3,19,16,3,19,33,0.063357,0.076904,0.000001,0.181287,6,0.013218
9911295,,,2,12,14,2,12,14,24,0.106913,0.125755,0,0.252747,6,0.002098
9511319,,,8,1,9,8,1,9,40,0.044426,0.049229,0.000161,0.138889,6,0.010656
9412209,,,30,1,31,30,1,31,38,0.048751,0.055471,0.004891,0.097849,6,0.05643
9902270,,,5,7,12,5,7,12,23,0.110816,0.12254,0.00112,0.310606,6,0.00477
2239,,,4,6,10,4,6,10,32,0.068551,0.086903,0.000001,0.288889,0,0.003086
9603264,,,4,1,5,4,1,5,30,0.073869,0.08405,0.000365,0.05,13,0.0051
9603265,,,6,1,7,6,1,7,40,0.044423,0.04915,0.000001,0.261905,5,0.007464
9905440,,,14,7,21,14,7,21,24,0.101838,0.128542,0.000054,0.097619,2,0.021063
9904369,,,7,6,13,7,6,13,32,0.067619,0.083704,0.000199,0.057692,2,0.010678
9912366,,,5,12,17,5,12,17,24,0.101489,0.130018,0.000022,0.161765,2,0.004446
2243,,,2,10,12,2,10,12,26,0.095418,0.116784,0.000002,0.128788,7,0.001429
9904360,,,5,5,10,5,5,10,32,0.068441,0.089396,0.000041,0.166667,7,0.003307
9905338,,,6,28,34,6,28,34,25,0.104615,0.132358,0.000462,0.141711,7,0.005728
9804253,,,22,9,31,22,9,31,31,0.071549,0.089809,0.000029,0.127957,7,0.02755
2245,,,18,42,60,18,42,60,23,0.124262,0.158408,0.000507,0.063277,4,0.021692
9712257,,,26,10,36,26,10,36,32,0.06693,0.08249,0.00005,0.087302,7,0.058518
9706307,,,26,41,67,26,41,67,32,0.06735,0.087501,0.001589,0.064677,4,0.062465
9709450,,,23,28,51,23,28,51,33,0.064764,0.090458,0.000683,0.042353,4,0.035181
9907211,,,23,13,36,23,13,36,25,0.095103,0.121818,0.000156,0.115126,6,0.025211
9712464,,,23,48,71,23,48,71,30,0.077962,0.109623,0.00163,0.02998,6,0.028394
9611409,,,22,15,37,22,15,37,34,0.059291,0.071772,0.00009,0.045045,6,0.02982
9607463,,,17,3,20,17,3,20,34,0.059643,0.070006,0.000391,0.076316,4,0.027062
9912494,,,10,22,32,10,22,32,24,0.099138,0.128519,0.000047,0.143011,4,0.013566
9712305,,,61,17,78,61,17,78,30,0.076507,0.097137,0.001091,0.063437,6,0.109659
9906226,,,4,12,16,4,12,16,24,0.095964,0.123564,0.000058,0.1,4,0.005187
9804243,,,3,3,6,3,3,6,31,0.069925,0.081447,0,0.133333,4,0.006766
9912436,,,6,24,30,6,24,30,31,0.076361,0.102681,0.000102,0.101149,4,0.005255
9903370,,,18,14,32,18,14,32,30,0.082113,0.110755,0.000059,0.137634,6,0.029669
2246,,,23,4,27,23,4,27,23,0.111333,0.144201,0.000519,0.121083,2,0.024782
9603271,,,34,1,35,34,1,35,42,0.040818,0.044583,0.000293,0.044538,4,0.05554
2248,,,2,13,15,2,13,15,23,0.112052,0.147582,0.000097,0.161905,2,0.003777
9807234,,,20,7,27,20,7,27,32,0.068364,0.090484,0.000417,0.092593,2,0.076767
9708366,,,31,3,34,31,3,34,33,0.063151,0.075764,0.00009,0.102496,2,0.067318
9609204,,,20,3,23,20,3,23,32,0.065905,0.075462,0.000521,0.102767,2,0.028084
9807517,,,24,22,46,24,22,46,32,0.068378,0.089571,0.000519,0.108213,2,0.139116
9904286,,,20,21,41,20,21,41,27,0.08488,0.109015,0.000268,0.088415,2,0.023917
2249,,,4,10,14,4,10,14,25,0.094697,0.107849,0.000191,0.21978,11,0.003279
9910399,,,6,23,29,6,23,29,27,0.097951,0.123553,0.000578,0.107143,1,0.005211
9905543,,,13,22,35,13,22,35,30,0.076297,0.094994,0.000451,0.108734,1,0.012092
9703378,,,6,1,7,6,1,7,36,0.05359,0.060886,0,0.233333,1,0.006702
9145,,,5,22,27,5,22,27,26,0.101522,0.127123,0.001348,0.183077,1,0.004258
9812261,,,6,9,15,6,9,15,28,0.086743,0.105124,0.000193,0.225275,10,0.003882
9911542,,,4,8,12,4,8,12,29,0.079944,0.094418,0.000251,0.098485,10,0.00274
9709402,,,3,4,7,3,4,7,29,0.079807,0.093418,0.000002,0.119048,10,0.002406
9712492,,,4,2,6,4,2,6,30,0.073919,0.084389,0,0.233333,10,0.002697
4062,,,1,6,7,1,6,7,29,0.08053,0.101666,0.000119,0.119048,4,0.000796
2253,,,6,11,17,6,11,17,24,0.105463,0.120976,0.000158,0.261029,6,0.004109
9708481,,,26,3,29,26,3,29,34,0.058734,0.066785,0.000195,0.110837,6,0.035106
9909549,,,5,10,15,5,10,15,32,0.067703,0.085816,0.000084,0.171429,6,0.003724
9603278,,,3,3,6,3,3,6,28,0.08666,0.104296,0.000039,0.233333,10,0.002328
2255,,,2,16,18,2,16,18,24,0.105091,0.138711,0.000276,0.163399,3,0.001735
9908208,,,7,22,29,7,22,29,25,0.102612,0.131389,0.000508,0.153941,3,0.009225
8105,,,4,17,21,4,17,21,26,0.097954,0.128037,0.000174,0.12619,2,0.002563
9602326,,,18,5,23,18,5,23,45,0.036368,0.039116,0.000001,0.15415,2,0.024175
9810456,,,8,1,9,8,1,9,35,0.056735,0.066324,0.000012,0.166667,2,0.00701
9903261,,,13,28,41,13,28,41,24,0.098216,0.125889,0.00021,0.105488,2,0.027477
9906238,,,11,8,19,11,8,19,27,0.087652,0.105366,0.000103,0.152047,3,0.008059
9808324,,,29,3,32,29,3,32,31,0.070338,0.082254,0.000081,0.114919,3,0.030851
9709399,,,12,3,15,12,3,15,34,0.06006,0.073952,0.00054,0.138095,3,0.029124
9809242,,,15,8,23,15,8,23,23,0.116106,0.136242,0.000548,0.127706,0,0.013592
9603282,,,3,12,15,3,12,15,31,0.070952,0.084267,0.000701,0.071429,4,0.007932
9507234,,,7,2,9,7,2,9,45,0.036362,0.038892,0,0.111111,2,0.016151
9505384,,,16,1,17,16,1,17,41,0.042534,0.046579,0.000793,0.080882,4,0.035411
9508402,,,7,2,9,7,2,9,45,0.036363,0.038926,0.000111,0.152778,4,0.013094
9505238,,,20,3,23,20,3,23,40,0.044429,0.049429,0.000557,0.06917,1,0.057338
9511327,,,8,5,13,8,5,13,31,0.070311,0.081408,0.000957,0.121795,4,0.011657
9603283,,,4,1,5,4,1,5,42,0.040813,0.044467,0,0.2,11,0.003066
2260,,,6,26,32,6,26,32,26,0.101626,0.132814,0.000192,0.174395,7,0.009751
9709288,,,33,8,41,33,8,41,31,0.070976,0.086471,0.000048,0.130488,7,0.117146
2261,,,4,16,20,4,16,20,28,0.087195,0.110342,0.00019,0.110526,1,0.002813
9906529,,,6,5,11,6,5,11,32,0.068095,0.088891,0.000126,0.109091,1,0.004271
9805222,,,11,23,34,11,23,34,31,0.072295,0.095112,0.000156,0.101604,1,0.008116
9907202,,,4,14,18,4,14,18,27,0.092022,0.11567,0.000193,0.137255,1,0.002889
9707217,,,12,11,23,12,11,23,32,0.067048,0.081309,0.000241,0.120553,1,0.0139
9810549,,,1,8,9,1,8,9,30,0.077234,0.099967,0.000111,0.055556,1,0.000756
9810427,,,5,8,13,5,8,13,32,0.066995,0.082265,0.000144,0.224359,1,0.003878
2262,,,1,29,30,1,29,30,24,0.103837,0.129977,0.000028,0.122989,4,0.002252
9804365,,,6,13,19,6,13,19,32,0.06805,0.09023,0.000146,0.175439,4,0.014435
9909536,,,3,6,9,3,6,9,33,0.063289,0.078834,0,0.347222,4,0.002868
9909281,,,2,25,27,2,25,27,24,0.106384,0.134149,0.000035,0.222222,4,0.002894
9608441,,,35,5,40,35,5,40,35,0.055624,0.063124,0.000044,0.095513,4,0.107683
2263,,,4,15,19,4,15,19,24,0.101688,0.133807,0.000027,0.070175,2,0.003046
9906209,,,38,19,57,38,19,57,26,0.095353,0.125763,0.000702,0.069236,9,0.033648
9610517,,,16,8,24,16,8,24,35,0.055687,0.063645,0.00026,0.077899,2,0.055225
9711339,,,16,6,22,16,6,22,34,0.060398,0.075182,0.000152,0.106061,4,0.021102
9711476,,,11,8,19,11,8,19,33,0.064151,0.0828,0.000243,0.084795,2,0.02967
9809493,,,5,3,8,5,3,8,33,0.063374,0.07789,0,0.232143,9,0.006095
9909206,,,6,6,12,6,6,12,26,0.093761,0.116767,0.000099,0.128788,2,0.009451
2264,,,5,13,18,5,13,18,24,0.103898,0.132797,0.00083,0.150327,9,0.00612
9712535,,,33,8,41,33,8,41,33,0.063378,0.079209,0.00004,0.157927,9,0.055218
9603290,,,15,1,16,15,1,16,29,0.079749,0.092874,0.000581,0.116667,13,0.012379
9412312,,,3,1,4,3,1,4,28,0.086657,0.10419,0.00241,0,13,0.004123
9603292,,,5,1,6,5,1,6,45,0.03636,0.038818,0.000059,0,2,0.013433
2272,,,9,17,26,9,17,26,29,0.084163,0.112871,0.000601,0.209231,0,0.006298
2050,,,8,28,36,8,28,36,28,0.08895,0.121389,0.000235,0.21746,0,0.006213
2273,,,1,19,20,1,19,20,30,0.078588,0.10461,0,0.271053,0,0.00075
2277,,,11,26,37,11,26,37,27,0.092537,0.113786,0.001876,0.288288,13,0.010318
1303,,,1,16,17,1,16,17,27,0.086164,0.108764,0.000764,0.088235,13,0.001307
9910351,,,6,15,21,6,15,21,30,0.079081,0.097328,0.001129,0.131579,10,0.00489
9903359,,,4,5,9,4,5,9,31,0.071029,0.084442,0.000346,0.194444,13,0.003454
2278,,,2,3,5,2,3,5,37,0.051182,0.059214,0.000009,0.1,8,0.00182
9709424,,,10,4,14,10,4,14,36,0.053766,0.062423,0.00023,0.071429,8,0.010567
2283,,,5,9,14,5,9,14,29,0.081012,0.09893,0.00023,0.071429,10,0.004682
9804344,,,3,7,10,3,7,10,29,0.081216,0.098543,0.000013,0.055556,10,0.002287
9904230,,,3,3,6,3,3,6,29,0.079814,0.093346,0.000005,0.1,10,0.00243
9908247,,,11,8,19,11,8,19,29,0.080801,0.097563,0.000315,0.114035,10,0.009254
2284,,,1,5,6,1,5,6,29,0.081975,0.105054,0.000002,0.066667,4,0.000642
9603353,,,14,1,15,14,1,15,46,0.035088,0.037315,0.000001,0.104762,4,0.025043
9704273,,,23,1,24,23,1,24,44,0.037751,0.040654,0.000001,0.20471,0,0.033546
9804237,,,12,11,23,12,11,23,32,0.06762,0.087765,0.000147,0.225296,0,0.011122
2288,,,1,40,41,1,40,41,22,0.131529,0.161225,0.001708,0.065244,6,0.00075
9810240,,,21,21,42,21,21,42,21,0.141932,0.165761,0.011806,0.132927,7,0.031068
9806337,,,7,2,9,7,2,9,35,0.0563,0.065187,0.000073,0.125,6,0.005071
9905542,,,21,6,27,21,6,27,34,0.060524,0.076276,0.000011,0.175214,6,0.017123
9911361,,,1,13,14,1,13,14,31,0.073284,0.098251,0.00008,0.104396,6,0.000576
9809352,,,44,27,71,44,27,71,33,0.065507,0.094132,0.001682,0.032797,11,0.067684
9804247,,,3,5,8,3,5,8,33,0.06311,0.075532,0.000311,0.089286,6,0.001934
9910287,,,4,24,28,4,24,28,22,0.128489,0.150058,0.000118,0.123016,6,0.002334
9811256,,,18,12,30,18,12,30,21,0.141258,0.163423,0.009258,0.080049,6,0.017493
9909266,,,10,18,28,10,18,28,22,0.127673,0.149413,0.000015,0.169312,6,0.007852
9808317,,,7,7,14,7,7,14,21,0.140625,0.161322,0.000377,0.093407,6,0.004438
9907482,,,13,8,21,13,8,21,31,0.073469,0.097248,0.000022,0.190476,6,0.011859
9912527,,,2,13,15,2,13,15,22,0.127528,0.14876,0.000119,0.085714,6,0.001144
9803484,,,6,3,9,6,3,9,31,0.071064,0.086619,0.000104,0.125,6,0.004844
9809438,,,36,4,40,36,4,40,33,0.064579,0.086767,0.000087,0.084615,7,0.06111
9902303,,,10,3,13,10,3,13,35,0.056533,0.066945,0,0.192308,6,0.007466
9908385,,,16,7,23,16,7,23,32,0.067316,0.08393,0.000088,0.233202,6,0.017223
9901221,,,8,6,14,8,6,14,31,0.073101,0.094677,0.00017,0.10989,6,0.005242
9707430,,,29,7,36,29,7,36,34,0.059543,0.071643,0.000441,0.134127,6,0.04086
9811431,,,3,10,13,3,10,13,21,0.141554,0.164356,0.000524,0.113636,6,0.003764
9907496,,,18,29,47,18,29,47,24,0.100456,0.135317,0.000169,0.13691,6,0.020117
9901432,,,16,4,20,16,4,20,35,0.056632,0.06777,0.000078,0.192105,6,0.014904
9907434,,,4,7,11,4,7,11,21,0.140101,0.159266,0.00045,0.144444,6,0.00643
9611374,,,26,1,27,26,1,27,39,0.046488,0.052076,0.000001,0.180912,6,0.032794
9712367,,,2,5,7,2,5,7,35,0.056219,0.065731,0,0.119048,6,0.001199
9911541,,,4,12,16,4,12,16,23,0.116811,0.136732,0.000092,0.104167,6,0.002349
9906230,,,17,18,35,17,18,35,22,0.128485,0.150386,0.0006,0.166387,6,0.013924
9812536,,,2,17,19,2,17,19,22,0.127943,0.149191,0.000109,0.067251,6,0.001199
9903289,,,6,7,13,6,7,13,22,0.126282,0.144356,0.000075,0.128205,6,0.004445
9805242,,,9,10,19,9,10,19,33,0.06377,0.080664,0.000085,0.087719,6,0.007436
9909435,,,12,16,28,12,16,28,22,0.128485,0.150214,0.000062,0.19709,6,0.008526
9603313,,,10,4,14,10,4,14,39,0.04649,0.052358,0.000192,0.17033,1,0.029405
9506210,,,14,2,16,14,2,16,42,0.040802,0.044393,0.000024,0.108333,1,0.043157
2291,,,2,2,4,2,2,4,32,0.066005,0.076577,0.000003,0.166667,0,0.001248
9906340,,,16,9,25,16,9,25,31,0.070611,0.084274,0.000786,0.17,0,0.012701
9910309,,,10,13,23,10,13,23,31,0.070178,0.082684,0.000172,0.199134,0,0.007013
2292,,,6,11,17,6,11,17,32,0.068384,0.090333,0.000093,0.165441,4,0.004297
9901203,,,3,9,12,3,9,12,32,0.067609,0.085263,0.000002,0.143939,4,0.002094
9604302,,,15,3,18,15,3,18,32,0.066391,0.077455,0.000879,0.114379,4,0.022013
2293,,,36,18,54,36,18,54,24,0.101214,0.128275,0.000411,0.083857,2,0.097558
9803309,,,24,2,26,24,2,26,39,0.0463,0.051352,0.000001,0.104615,2,0.121759
9809508,,,13,2,15,13,2,15,33,0.062914,0.074144,0.000076,0.166667,2,0.036848
9909428,,,7,8,15,7,8,15,23,0.099121,0.119854,0.000088,0.142857,2,0.025275
9805238,,,22,4,26,22,4,26,39,0.046308,0.051578,0.000081,0.136923,2,0.103268
9705383,,,10,2,12,10,2,12,36,0.05337,0.060788,0.000252,0.075758,7,0.02666
9704300,,,13,7,20,13,7,20,31,0.070826,0.085684,0.00038,0.060526,7,0.025039
9704402,,,35,17,52,35,17,52,31,0.071531,0.089674,0.000316,0.09917,7,0.092736
9708305,,,11,11,22,11,11,22,31,0.071804,0.091725,0.000022,0.162338,7,0.023013
9708222,,,54,15,69,54,15,69,30,0.076463,0.097075,0.001966,0.080776,7,0.156359
104148,,,2,6,8,2,6,8,24,0.118444,0.141347,0.000003,0.321429,2,0.001332
102320,,,4,12,16,4,12,16,23,0.132714,0.163086,0.000638,0.141667,2,0.002666
2301,,,1,15,16,1,15,16,23,0.116517,0.160913,0.000005,0.05,2,0.000632
9908450,,,19,2,21,19,2,21,24,0.101433,0.12595,0.000154,0.052381,2,0.022678
9809509,,,14,1,15,14,1,15,38,0.04782,0.052554,0.000088,0.047619,2,0.054371
9902219,,,3,4,7,3,4,7,33,0.064885,0.083826,0.000003,0.142857,2,0.005815
9602325,,,16,4,20,16,4,20,42,0.040829,0.044867,0.00017,0.076316,2,0.034452
9912279,,,5,58,63,5,58,63,22,0.125888,0.171555,0.088403,0.061956,3,0.003249
9911321,,,25,83,108,25,83,108,24,0.119714,0.161726,0.016023,0.051661,7,0.024014
9603326,,,71,8,79,71,8,79,38,0.048774,0.056371,0.000694,0.070919,5,0.15018
9411294,,,13,1,14,13,1,14,38,0.048751,0.05548,0.000015,0.318681,5,0.051719
2303,,,1,2,3,1,2,3,41,0.042631,0.047435,0.000158,0.166667,8,0.00057
9712466,,,5,2,7,5,2,7,40,0.044457,0.049685,0.000238,0.047619,8,0.003101
9910458,,,1,3,4,1,3,4,41,0.042637,0.047661,0.000079,0.166667,8,0.000568
9603329,,,2,2,4,2,2,4,36,0.053727,0.061923,0.000015,0.166667,1,0.003095
9807377,,,21,33,54,21,33,54,31,0.072766,0.100325,0.000734,0.082809,7,0.040278
9603337,,,7,2,9,7,2,9,41,0.042547,0.04688,0.000012,0.138889,0,0.00573
9603338,,,6,3,9,6,3,9,40,0.044446,0.049706,0.000044,0.111111,8,0.006913
9803479,,,29,40,69,29,40,69,30,0.077256,0.10081,0.002582,0.083187,0,0.03241
9702423,,,16,12,28,16,12,28,32,0.067276,0.083131,0.000399,0.170635,0,0.044283
9612450,,,5,3,8,5,3,8,33,0.061797,0.069837,0.000005,0.196429,0,0.010586
9707540,,,11,17,28,11,17,28,31,0.071276,0.088576,0.000169,0.138889,0,0.015765
9810261,,,7,18,25,7,18,25,31,0.072501,0.095159,0.000205,0.217391,0,0.011567
9609240,,,3,6,9,3,6,9,33,0.062254,0.07142,0,0.291667,0,0.004832
9705248,,,10,7,17,10,7,17,31,0.070004,0.081277,0.000041,0.235294,0,0.025259
9710373,,,11,10,21,11,10,21,31,0.070744,0.085992,0.000379,0.266667,0,0.020312
9709286,,,14,11,25,14,11,25,31,0.07055,0.084836,0.000106,0.311667,0,0.031369
9704359,,,7,2,9,7,2,9,29,0.079782,0.093137,0.002811,0.055556,0,0.010652
9612337,,,10,5,15,10,5,15,33,0.06225,0.07133,0,0.390476,0,0.035294
9801204,,,8,12,20,8,12,20,32,0.066335,0.07851,0.000007,0.223684,0,0.018337
9603384,,,22,1,23,22,1,23,47,0.033903,0.035926,0.000003,0.181818,0,0.044298
9612346,,,31,6,37,31,6,37,33,0.062253,0.0714,0.000057,0.256006,0,0.075768
9603340,,,16,2,18,16,2,18,35,0.056642,0.065675,0.000018,0.156863,7,0.024507
9603343,,,9,1,10,9,1,10,42,0.040832,0.044881,0.000133,0.233333,6,0.009954
104152,,,5,41,46,5,41,46,24,0.123197,0.164841,0.010388,0.113527,3,0.003066
5123,,,21,24,45,21,24,45,27,0.094428,0.127226,0.001621,0.05303,0,0.021629
9911305,,,3,1,4,3,1,4,36,0.053898,0.062591,0.000079,0.25,0,0.001942
9910474,,,35,27,62,35,27,62,24,0.107133,0.141073,0.001401,0.110788,3,0.04325
7179,,,2,3,5,2,3,5,27,0.083975,0.097311,0,0.5,3,0.001425
8333,,,8,90,98,8,90,98,23,0.131003,0.183204,0.005192,0.103724,3,0.007183
10192,,,20,13,33,20,13,33,24,0.118048,0.152502,0.000554,0.197917,3,0.017846
12306,,,5,7,12,5,7,12,25,0.113414,0.145781,0.000389,0.257576,3,0.004115
103214,,,1,15,16,1,15,16,24,0.113418,0.143275,0.002024,0.216667,3,0.000796
9812365,,,10,1,11,10,1,11,48,0.032818,0.034755,0,0.236364,3,0.018309
12378,,,5,16,21,5,16,21,24,0.11197,0.142486,0.000477,0.142857,3,0.00382
9062,,,7,6,13,7,6,13,26,0.090412,0.103367,0.000184,0.128205,3,0.004531
9912552,,,11,16,27,11,16,27,25,0.095724,0.12191,0.000199,0.216524,3,0.009231
8049,,,36,11,47,36,11,47,23,0.113747,0.1454,0.000222,0.153099,3,0.035468
11095,,,5,7,12,5,7,12,25,0.113428,0.145906,0.000377,0.295455,3,0.006028
9904383,,,10,2,12,10,2,12,48,0.032821,0.034831,0,0.204545,3,0.016951
9612334,,,22,9,31,22,9,31,34,0.059549,0.071715,0.000486,0.067742,9,0.060294
9608387,,,10,3,13,10,3,13,42,0.040834,0.044868,0.000147,0.153846,4,0.020014
9609497,,,7,12,19,7,12,19,33,0.062441,0.073307,0.000379,0.038012,9,0.015419
9602203,,,8,1,9,8,1,9,43,0.039212,0.042386,0.000005,0.055556,9,0.028825
9606415,,,16,8,24,16,8,24,33,0.062929,0.074551,0.000935,0.126812,9,0.024158
9609249,,,4,4,8,4,4,8,29,0.079766,0.093181,0.001264,0.017857,13,0.004867
104153,,,2,26,28,2,26,28,23,0.133837,0.16883,0.000151,0.056878,8,0.001142
2240,,,5,16,21,5,16,21,30,0.07793,0.104139,0.000169,0.121429,7,0.003012
10176,,,1,28,29,1,28,29,26,0.105365,0.140682,0.000014,0.07266,8,0.000623
9705221,,,45,6,51,45,6,51,40,0.044452,0.049908,0.000434,0.04,8,0.048032
2065,,,14,25,39,14,25,39,25,0.102018,0.125444,0.001625,0.08502,12,0.008858
10297,,,6,18,24,6,18,24,29,0.076501,0.09928,0.000233,0.095238,8,0.003966
6265,,,2,7,9,2,7,9,32,0.074503,0.099908,0,0.152778,7,0.001456
3233,,,13,16,29,13,16,29,30,0.079732,0.11099,0.000352,0.093596,8,0.008362
7081,,,5,3,8,5,3,8,26,0.094994,0.113995,0.00037,0.125,8,0.003096
9704348,,,7,2,9,7,2,9,42,0.040824,0.044683,0.000132,0.097222,8,0.005203
12204,,,3,8,11,3,8,11,26,0.096362,0.117949,0,0.218182,7,0.002555
11372,,,2,8,10,2,8,10,25,0.1015,0.1199,0.000086,0.111111,8,0.001196
102013,,,14,21,35,14,21,35,22,0.143923,0.177519,0.004907,0.146237,7,0.010755
9903388,,,3,5,8,3,5,8,32,0.068498,0.088697,0.000372,0.107143,8,0.00222
9704379,,,20,1,21,20,1,21,35,0.055958,0.063358,0.000305,0.047619,8,0.020466
101162,,,3,7,10,3,7,10,25,0.098517,0.125697,0.000226,0.122222,8,0.001764
9909248,,,22,13,35,22,13,35,26,0.093554,0.112791,0.000049,0.106723,4,0.043196
8070,,,7,38,45,7,38,45,23,0.124533,0.158402,0.000562,0.124242,4,0.012089
9812407,,,3,5,8,3,5,8,34,0.060336,0.075502,0.000032,0.071429,6,0.006748
11313,,,4,40,44,4,40,44,23,0.135649,0.174799,0.000428,0.107294,6,0.008916
3186,,,17,36,53,17,36,53,24,0.123205,0.160914,0.000297,0.104136,6,0.016399
11082,,,2,18,20,2,18,20,24,0.123784,0.156089,0.000061,0.107895,6,0.001653
11233,,,10,60,70,10,60,70,22,0.146304,0.189293,0.001636,0.064803,6,0.009271
5158,,,7,19,26,7,19,26,24,0.121821,0.156457,0.00101,0.075385,6,0.006139
9904497,,,9,13,22,9,13,22,30,0.078715,0.105204,0.000045,0.179654,6,0.009502
9065,,,13,11,24,13,11,24,24,0.1136,0.141715,0.000082,0.13587,6,0.015367
8237,,,8,31,39,8,31,39,23,0.130869,0.166455,0.000323,0.197706,6,0.007515
5234,,,5,37,42,5,37,42,23,0.131353,0.171579,0.000063,0.150407,6,0.004577
9603370,,,2,13,15,2,13,15,32,0.067056,0.081358,0.000783,0.085714,4,0.003951
9603371,,,5,3,8,5,3,8,43,0.039218,0.042571,0.000009,0.166667,2,0.009389
9511343,,,13,2,15,13,2,15,42,0.040814,0.044558,0.000119,0.1,2,0.019613
9505366,,,1,3,4,1,3,4,39,0.046489,0.05224,0.000308,0.083333,11,0.007244
9603376,,,5,1,6,5,1,6,34,0.059979,0.070856,0.007125,0.033333,2,0.012089
9602303,,,1,1,2,1,1,2,33,0.063801,0.077735,0.007125,0,7,0.001161
9603386,,,13,3,16,13,3,16,42,0.040817,0.044683,0.000086,0.1625,4,0.021667
9505242,,,18,1,19,18,1,19,41,0.042544,0.046797,0.003512,0.081871,4,0.037443
9603387,,,1,3,4,1,3,4,28,0.086665,0.104365,0.000079,0.166667,13,0.000585
9511380,,,16,1,17,16,1,17,28,0.086654,0.104163,0.023459,0.073529,10,0.019098
9602266,,,2,3,5,2,3,5,28,0.086662,0.104339,0,0.2,13,0.00149
9511234,,,4,2,6,4,2,6,34,0.059976,0.07093,0.000043,0.166667,7,0.017692
9508339,,,5,5,10,5,5,10,41,0.04255,0.04709,0.000077,0.2,4,0.014464
110283,,,7,37,44,7,37,44,21,0.153267,0.189258,0.000102,0.134778,2,0.004463
101350,,,13,55,68,13,55,68,20,0.155131,0.196892,0.000534,0.078139,2,0.010653
109161,,,2,9,11,2,9,11,23,0.122823,0.158818,0.000003,0.263636,2,0.001546
10348,,,14,20,34,14,20,34,24,0.108381,0.145954,0.000132,0.122103,2,0.016712
107082,,,10,6,16,10,6,16,23,0.117139,0.13329,0.000021,0.108333,2,0.007609
104161,,,2,1,3,2,1,3,35,0.055618,0.062544,0.000002,0.166667,2,0.00167
104016,,,3,4,7,3,4,7,34,0.058887,0.067683,0.000158,0.047619,6,0.001844
104162,,,3,31,34,3,31,34,28,0.086901,0.113318,0.000026,0.195187,12,0.001822
9812487,,,13,11,24,13,11,24,34,0.059479,0.07114,0.000047,0.251812,12,0.010196
101323,,,4,17,21,4,17,21,32,0.069788,0.096289,0.000004,0.240476,12,0.002852
9612236,,,5,14,19,5,14,19,40,0.044516,0.051505,0.000099,0.114035,11,0.004095
10267,,,7,15,22,7,15,22,28,0.077725,0.101683,0.00001,0.322511,12,0.004795
7005,,,9,17,26,9,17,26,27,0.088786,0.110161,0.000061,0.296923,12,0.006033
9909324,,,5,11,16,5,11,16,35,0.056959,0.069239,0.000004,0.270833,12,0.003466
9912488,,,6,12,18,6,12,18,27,0.076978,0.094882,0.000204,0.222222,12,0.004379
9801324,,,17,2,19,17,2,19,40,0.044499,0.050601,0.000002,0.192982,12,0.015182
9806317,,,11,16,27,11,16,27,34,0.060686,0.07724,0.000194,0.225071,11,0.009352
4027,,,7,10,17,7,10,17,28,0.078273,0.104858,0.00002,0.238971,12,0.004824
9905339,,,12,18,30,12,18,30,33,0.06318,0.077127,0.000013,0.178161,12,0.009095
9603411,,,3,2,5,3,2,5,40,0.044446,0.049588,0.000157,0.1,11,0.003078
9603415,,,4,10,14,4,10,14,33,0.063957,0.079915,0.000056,0.098901,4,0.004332
9506444,,,3,4,7,3,4,7,41,0.042538,0.046792,0.000002,0.166667,4,0.003061
9603422,,,8,1,9,8,1,9,30,0.073861,0.084006,0.004381,0.055556,8,0.013214
9603423,,,34,1,35,34,1,35,40,0.044424,0.049174,0.000007,0.070588,6,0.060266
11323,,,4,88,92,4,88,92,22,0.146169,0.192199,0.000532,0.090898,7,0.003725
9710342,,,9,2,11,9,2,11,33,0.062805,0.072926,0.000001,0.118182,7,0.009609
9712401,,,15,2,17,15,2,17,33,0.062276,0.071105,0.000079,0.084559,7,0.01723
9706261,,,17,10,27,17,10,27,31,0.071556,0.089847,0.000072,0.209402,7,0.07739
9804319,,,44,14,58,44,14,58,31,0.071976,0.092946,0.000019,0.189958,7,0.089627
4255,,,6,9,15,6,9,15,27,0.092107,0.115246,0,0.385714,7,0.00555
3119,,,11,25,36,11,25,36,26,0.098673,0.124938,0.000069,0.22619,7,0.01
9911348,,,6,40,46,6,40,46,21,0.146535,0.176837,0.000775,0.142029,7,0.005457
9812278,,,13,8,21,13,8,21,32,0.068926,0.092751,0.00009,0.290476,7,0.018979
9902395,,,6,8,14,6,8,14,32,0.068794,0.091906,0.000011,0.362637,7,0.005809
8292,,,8,37,45,8,37,45,25,0.107668,0.13686,0.000124,0.193939,7,0.006795
9903455,,,16,17,33,16,17,33,31,0.07287,0.099967,0.000197,0.135417,7,0.015545
5248,,,5,6,11,5,6,11,27,0.093853,0.11532,0.000151,0.136364,7,0.005412
10115,,,1,7,8,1,7,8,23,0.119751,0.144067,0,0.089286,7,0.0008
9811335,,,15,19,34,15,19,34,31,0.073011,0.098475,0.000205,0.237968,7,0.019295
5258,,,2,42,44,2,42,44,23,0.113255,0.148012,0.000008,0.108351,7,0.001462
9709507,,,15,26,41,15,26,41,31,0.071373,0.088743,0.000159,0.125,7,0.022802
9806489,,,12,1,13,12,1,13,33,0.062835,0.073265,0,0.083333,7,0.011999
3238,,,17,117,134,17,117,134,23,0.129307,0.173268,0.004436,0.055269,7,0.015168
4010,,,4,19,23,4,19,23,24,0.119661,0.156511,0.000278,0.167984,7,0.0038
9910211,,,9,11,20,9,11,20,30,0.078229,0.104018,0.000101,0.115789,7,0.008545
3321,,,4,4,8,4,4,8,29,0.078295,0.100092,0.000004,0.142857,7,0.002566
9710331,,,24,19,43,24,19,43,31,0.071859,0.09274,0.000174,0.171096,7,0.066743
9801386,,,16,6,22,16,6,22,31,0.070989,0.086406,0.000006,0.160173,7,0.016581
9912319,,,8,13,21,8,13,21,25,0.102078,0.125121,0.000038,0.188095,7,0.007794
9603432,,,4,4,8,4,4,8,33,0.062301,0.071474,0.000422,0.089286,2,0.005717
9603433,,,1,1,2,1,1,2,44,0.03773,0.040468,0,0.5,6,0.000772
9812454,,,5,11,16,5,11,16,25,0.087764,0.105245,0.000177,0.170833,2,0.008572
9612478,,,4,2,6,4,2,6,45,0.03636,0.038851,0.000001,0.1,2,0.006009
9906394,,,7,11,18,7,11,18,30,0.07826,0.104189,0.00003,0.166667,6,0.015374
9510412,,,3,2,5,3,2,5,41,0.042547,0.046894,0,0.45,6,0.009189
9508212,,,5,2,7,5,2,7,39,0.046496,0.052334,0.00193,0.095238,6,0.014612
9603449,,,12,3,15,12,3,15,29,0.079822,0.093383,0.002213,0.052381,10,0.009585
9612355,,,5,2,7,5,2,7,43,0.039226,0.042616,0.000001,0.142857,4,0.004802
9907268,,,2,2,4,2,2,4,32,0.065257,0.07327,0.000064,0.333333,0,0.001507
9811364,,,4,2,6,4,2,6,31,0.069806,0.079845,0.000162,0.166667,0,0.002603
9906391,,,2,1,3,2,1,3,32,0.065254,0.0732,0,0.5,0,0.001225
6105,,,8,19,27,8,19,27,27,0.090424,0.107898,0,0.326211,13,0.006395
11027,,,3,28,31,3,28,31,27,0.091649,0.11143,0.00109,0.326882,13,0.002656
5094,,,9,8,17,9,8,17,31,0.070636,0.083383,0,0.378676,13,0.008417
11034,,,1,5,6,1,5,6,31,0.070466,0.082981,0.000073,0.3,13,0.001233
10274,,,5,15,20,5,15,20,27,0.092591,0.114043,0.000645,0.284211,13,0.004192
6059,,,6,33,39,6,33,39,27,0.092201,0.113393,0.000072,0.348853,13,0.004754
5040,,,5,6,11,5,6,11,32,0.067046,0.080025,0.000013,0.227273,13,0.004073
9812516,,,3,10,13,3,10,13,31,0.070603,0.083048,0.000029,0.282051,13,0.003081
3150,,,5,10,15,5,10,15,29,0.081047,0.098331,0.00015,0.295238,13,0.004155
10321,,,5,22,27,5,22,27,27,0.091776,0.111369,0.000001,0.34188,13,0.003863
9172,,,1,27,28,1,27,28,26,0.09302,0.11826,0.004299,0.19709,13,0.001233
9173,,,3,31,34,3,31,34,27,0.093194,0.114591,0.00004,0.353832,13,0.002426
5228,,,15,14,29,15,14,29,27,0.091699,0.110466,0.000114,0.274631,13,0.011184
9912274,,,9,10,19,9,10,19,31,0.071279,0.085954,0.000284,0.210526,13,0.006694
4207,,,8,36,44,8,36,44,27,0.094196,0.116798,0.001461,0.256343,13,0.006203
9129,,,4,41,45,4,41,45,27,0.09482,0.119403,0.015563,0.273737,13,0.003138
7034,,,6,11,17,6,11,17,27,0.090376,0.107247,0,0.382353,13,0.004921
9612358,,,4,1,5,4,1,5,29,0.079747,0.092867,0.000097,0.1,13,0.003064
9612359,,,8,16,24,8,16,24,33,0.062725,0.075511,0.000157,0.108696,4,0.028802
9604406,,,29,3,32,29,3,32,42,0.040815,0.044647,0.00002,0.125,6,0.070766
104178,,,2,38,40,2,38,40,26,0.10086,0.129853,0.000371,0.186538,11,0.001193
101124,,,2,21,23,2,21,23,26,0.100807,0.126826,0.00008,0.284585,11,0.001193
6154,,,18,25,43,18,25,43,31,0.074176,0.102278,0.000213,0.08804,8,0.016571
7362,,,18,8,26,18,8,26,26,0.09874,0.121542,0.000381,0.149231,8,0.014932
9901201,,,12,7,19,12,7,19,35,0.057307,0.07155,0,0.350877,11,0.017398
11094,,,12,28,40,12,28,40,26,0.100714,0.128614,0.000172,0.188462,11,0.008317
9703319,,,29,9,38,29,9,38,36,0.053559,0.062679,0.000806,0.060455,11,0.045448
9707224,,,13,6,19,13,6,19,34,0.058491,0.06626,0.000037,0.143275,11,0.017181
7142,,,15,13,28,15,13,28,25,0.108779,0.141742,0.000703,0.252645,11,0.013075
9907494,,,9,7,16,9,7,16,35,0.056892,0.068257,0.00018,0.141667,11,0.011698
12007,,,5,14,19,5,14,19,27,0.09363,0.116121,0,0.362573,11,0.003625
9193,,,3,5,8,3,5,8,35,0.056121,0.0649,0.000002,0.232143,11,0.002009
101304,,,8,27,35,8,27,35,26,0.100674,0.128217,0.000169,0.198319,11,0.005365
102201,,,5,36,41,5,36,41,26,0.100793,0.129387,0.000022,0.17378,11,0.003412
7099,,,20,25,45,20,25,45,25,0.109274,0.143019,0.000943,0.085354,8,0.015872
7294,,,19,6,25,19,6,25,32,0.069483,0.091296,0.000086,0.163333,8,0.017169
9811498,,,33,32,65,33,32,65,23,0.116318,0.149983,0.00644,0.105085,9,0.046692
9411361,,,2,1,3,2,1,3,39,0.046486,0.052064,0.006561,0.166667,1,0.013161
9806400,,,21,50,71,21,50,71,31,0.073642,0.103812,0.001963,0.069215,2,0.059885
9806339,,,19,5,24,19,5,24,34,0.059588,0.070569,0.000054,0.141304,2,0.172112
9806534,,,36,2,38,36,2,38,38,0.048519,0.054463,0.000002,0.094595,2,0.15891
9808269,,,33,4,37,33,4,37,35,0.05583,0.063878,0.00001,0.11036,2,0.107985
9807568,,,3,19,22,3,19,22,33,0.064292,0.084239,0.000026,0.160173,2,0.026567
9710418,,,11,1,12,11,1,12,38,0.047674,0.052031,0.000011,0.143939,2,0.045827
9807449,,,10,5,15,10,5,15,33,0.063372,0.075891,0.000304,0.119048,2,0.0653
9807386,,,44,10,54,44,10,54,32,0.068183,0.087014,0.000058,0.12963,2,0.179135
9807267,,,30,7,37,30,7,37,24,0.109986,0.127766,0.07893,0.062312,2,0.06966
9806376,,,32,22,54,32,22,54,32,0.067778,0.087368,0.000169,0.094689,2,0.158881
9807534,,,3,1,4,3,1,4,35,0.055968,0.064648,0.000008,0.25,2,0.026588
9806386,,,6,1,7,6,1,7,43,0.039212,0.04236,0.000069,0.095238,13,0.013743
9807315,,,18,5,23,18,5,23,35,0.056823,0.068537,0.000361,0.104743,2,0.089208
104181,,,3,3,6,3,3,6,21,0.133394,0.156883,0.00013,0.2,6,0.002179
11121,,,11,21,32,11,21,32,24,0.113225,0.147783,0.000123,0.132056,3,0.013444
9907538,,,2,2,4,2,2,4,39,0.046505,0.052401,0,0,2,0.001267
9612229,,,18,34,52,18,34,52,32,0.067394,0.085923,0.001052,0.043364,6,0.046022
9611254,,,4,10,14,4,10,14,34,0.059363,0.070096,0.000136,0.071429,4,0.020707
10273,,,1,20,21,1,20,21,31,0.072741,0.096573,0.000002,0.1,8,0.000625
9703314,,,9,5,14,9,5,14,41,0.042579,0.047294,0.000069,0.186813,8,0.007454
9904505,,,6,13,19,6,13,19,30,0.076979,0.0997,0.00026,0.175439,8,0.003847
9702201,,,22,1,23,22,1,23,42,0.040802,0.044312,0.000001,0.134387,8,0.027659
9907277,,,1,1,2,1,1,2,33,0.062445,0.071714,0.000009,0,7,0.000629
9805501,,,4,3,7,4,3,7,32,0.066597,0.07853,0.000085,0.071429,7,0.002578
9612444,,,31,5,36,31,5,36,46,0.035106,0.037821,0.000429,0.156349,2,0.102958
9411323,,,19,1,20,19,1,20,39,0.046486,0.052072,0.000696,0.092105,1,0.042943
104185,,,1,5,6,1,5,6,22,0.113422,0.131722,0.000008,0.066667,0,0.001001
8121,,,3,1,4,3,1,4,25,0.105903,0.126579,0.000016,0.333333,2,0.00315
102106,,,3,12,15,3,12,15,24,0.108648,0.131056,0.000014,0.257143,0,0.002168
12260,,,10,2,12,10,2,12,34,0.059363,0.069085,0.00008,0.083333,6,0.006358
7246,,,5,15,20,5,15,20,24,0.108994,0.1321,0.000961,0.189474,0,0.004787
9907279,,,4,11,15,4,11,15,25,0.09564,0.123048,0.000006,0.261905,6,0.004379
9809360,,,10,4,14,10,4,14,32,0.066944,0.080719,0,0.159341,6,0.010945
9505254,,,5,1,6,5,1,6,40,0.044425,0.049151,0.000073,0.1,8,0.007565
9712233,,,4,1,5,4,1,5,31,0.068903,0.077187,0,0.1,10,0.002961
9705437,,,26,1,27,26,1,27,30,0.073997,0.084476,0.000566,0.074074,10,0.02279
9904272,,,5,12,17,5,12,17,26,0.092297,0.112054,0.000017,0.227941,3,0.008271
9505267,,,23,1,24,23,1,24,33,0.063799,0.077748,0.000582,0.106884,13,0.0215
9505269,,,1,2,3,1,2,3,28,0.08666,0.104241,0,0.5,13,0.000633
9501356,,,8,1,9,8,1,9,28,0.086656,0.104173,0,0.319444,13,0.006029
9412302,,,10,1,11,10,1,11,27,0.094874,0.119325,0.000952,0.263636,13,0.007684
9612372,,,2,11,13,2,11,13,35,0.056868,0.068448,0.132929,0.096154,1,0.003611
9609411,,,4,3,7,4,3,7,40,0.044444,0.049825,0,0.238095,1,0.003137
9610413,,,4,11,15,4,11,15,35,0.056093,0.065282,0.001089,0.22381,5,0.007222
9907286,,,1,2,3,1,2,3,42,0.040836,0.044639,0,0.166667,13,0.000573
9712297,,,3,1,4,3,1,4,44,0.037739,0.040505,0,0.166667,13,0.001769
9604282,,,4,3,7,4,3,7,41,0.042546,0.046791,0.001366,0.2,13,0.003475
9502248,,,4,1,5,4,1,5,39,0.046486,0.052075,0.000608,0.05,1,0.017668
9505294,,,1,1,2,1,1,2,33,0.063807,0.077807,0.000004,0,12,0.000656
9612377,,,13,7,20,13,7,20,34,0.060129,0.072574,0.000227,0.128947,4,0.025837
9605463,,,17,1,18,17,1,18,44,0.037729,0.040497,0.000006,0.160131,4,0.024406
9608444,,,3,1,4,3,1,4,43,0.039234,0.04264,0.000004,0.25,4,0.006734
9610493,,,10,6,16,10,6,16,39,0.046513,0.052814,0.000053,0.070833,4,0.015774
9609295,,,3,1,4,3,1,4,43,0.039219,0.042466,0.000008,0.083333,4,0.006925
9607271,,,11,2,13,11,2,13,35,0.056611,0.065696,0.000614,0.108974,6,0.012049
104199,,,3,17,20,3,17,20,24,0.12273,0.162101,0.000018,0.257895,3,0.001767
9909523,,,9,11,20,9,11,20,25,0.097098,0.121842,0.000005,0.307895,3,0.021195
2279,,,17,6,23,17,6,23,24,0.101421,0.129639,0.000075,0.183794,3,0.017347
8143,,,14,24,38,14,24,38,24,0.130244,0.175259,0.001027,0.165007,3,0.011097
6097,,,26,31,57,26,31,57,23,0.119296,0.160311,0.001879,0.123052,3,0.040511
9911294,,,23,16,39,23,16,39,25,0.097651,0.1268,0.000045,0.19973,3,0.034752
3129,,,28,27,55,28,27,55,24,0.114367,0.149475,0.000657,0.113468,3,0.027985
6041,,,31,52,83,31,52,83,24,0.124426,0.175809,0.006736,0.113576,3,0.025137
9907293,,,3,6,9,3,6,9,28,0.082135,0.10119,0.000504,0.138889,11,0.003001
104200,,,9,29,38,9,29,38,23,0.118156,0.153806,0.000112,0.110953,2,0.006872
9902469,,,7,27,34,7,27,34,26,0.097226,0.12448,0.00019,0.103387,4,0.01004
9810315,,,10,5,15,10,5,15,34,0.060627,0.078543,0.000024,0.209524,2,0.019012
3220,,,17,21,38,17,21,38,24,0.103937,0.134464,0.000118,0.115932,2,0.014507
9803432,,,25,13,38,25,13,38,34,0.060306,0.07691,0.000316,0.110953,4,0.062722
9904303,,,14,12,26,14,12,26,33,0.064442,0.084017,0.000172,0.093846,2,0.019389
3251,,,22,27,49,22,27,49,23,0.101573,0.128266,0.000062,0.095238,2,0.024972
9808458,,,16,3,19,16,3,19,34,0.060614,0.078262,0.000019,0.125731,2,0.022965
9907294,,,5,11,16,5,11,16,27,0.090315,0.115297,0.001904,0.049451,6,0.004663
9812437,,,2,9,11,2,9,11,27,0.08836,0.111429,0.000179,0.077778,11,0.001509
9712419,,,5,22,27,5,22,27,33,0.063389,0.078979,0.000097,0.089744,11,0.003485
9912472,,,2,7,9,2,7,9,26,0.09329,0.120663,0.001481,0.125,6,0.001512
11360,,,1,31,32,1,31,32,24,0.119022,0.153479,0.000389,0.051411,6,0.000811
9912321,,,2,11,13,2,11,13,24,0.105613,0.121133,0.000071,0.153846,6,0.001262
9904450,,,5,5,10,5,5,10,33,0.063843,0.079143,0,0.3,6,0.003193
9703446,,,17,3,20,17,3,20,35,0.056346,0.065186,0.000199,0.076316,6,0.017241
9909455,,,7,5,12,7,5,12,23,0.112067,0.125346,0.000237,0.106061,6,0.004464
9808466,,,3,10,13,3,10,13,31,0.072687,0.09691,0.000111,0.089744,4,0.005899
9902230,,,13,3,16,13,3,16,33,0.063232,0.076021,0.000281,0.158333,6,0.016339
9909243,,,6,11,17,6,11,17,23,0.119256,0.142064,0.000065,0.128676,6,0.003714
9902362,,,6,9,15,6,9,15,31,0.072345,0.092336,0.000119,0.171429,6,0.003963
9910366,,,10,9,19,10,9,19,23,0.114204,0.130467,0.000036,0.111111,6,0.007279
9906467,,,5,4,9,5,4,9,24,0.102407,0.115014,0.000002,0.305556,6,0.003228
4068,,,4,6,10,4,6,10,23,0.111981,0.124748,0.000009,0.233333,6,0.002829
4069,,,3,15,18,3,15,18,23,0.124402,0.152,0.001439,0.114379,6,0.001837
9907549,,,7,10,17,7,10,17,23,0.118377,0.137722,0.000152,0.099265,6,0.004608
9912373,,,8,1,9,8,1,9,36,0.053369,0.061889,0,0.180556,6,0.005526
5313,,,5,12,17,5,12,17,23,0.124306,0.153605,0.000555,0.139706,6,0.003188
9912330,,,8,36,44,8,36,44,24,0.116895,0.15202,0.000181,0.175526,6,0.006846
9709266,,,1,1,2,1,1,2,41,0.042572,0.046945,0,0.5,7,0.000572
9605344,,,2,2,4,2,2,4,40,0.044462,0.049676,0.000079,0.083333,7,0.001139
104205,,,5,25,30,5,25,30,24,0.115654,0.140847,0.000163,0.245977,11,0.003358
5316,,,23,6,29,23,6,29,35,0.05783,0.073257,0.000005,0.258621,11,0.020642
7224,,,8,8,16,8,8,16,27,0.090872,0.11205,0.000068,0.2875,11,0.007284
6077,,,16,8,24,16,8,24,32,0.067617,0.084044,0.000006,0.29529,11,0.014252
4056,,,18,5,23,18,5,23,32,0.067593,0.083831,0,0.294466,11,0.017333
10201,,,17,13,30,17,13,30,25,0.102749,0.128088,0.000199,0.275862,11,0.012965
9909466,,,1,5,6,1,5,6,33,0.064375,0.082734,0.000002,0.033333,5,0.000812
12175,,,3,8,11,3,8,11,23,0.121542,0.14782,0.000389,0.081818,6,0.002071
101213,,,3,15,18,3,15,18,25,0.102764,0.128202,0.000061,0.303922,11,0.002211
7329,,,20,9,29,20,9,29,32,0.067633,0.084124,0.000025,0.29803,11,0.016734
12196,,,2,11,13,2,11,13,23,0.118332,0.137372,0.000017,0.307692,11,0.001441
4071,,,12,8,20,12,8,20,35,0.057836,0.07337,0.000005,0.302632,11,0.010842
103335,,,9,15,24,9,15,24,25,0.108076,0.131357,0.00014,0.335968,11,0.006477
10205,,,9,13,22,9,13,22,27,0.092305,0.114981,0.000162,0.25974,11,0.007656
104245,,,4,17,21,4,17,21,24,0.116557,0.142024,0.000392,0.284211,11,0.003081
9912503,,,24,10,34,24,10,34,31,0.072382,0.093482,0.000668,0.196078,11,0.023661
7096,,,10,6,16,10,6,16,35,0.057563,0.071311,0.000001,0.304167,11,0.007666
9812411,,,6,3,9,6,3,9,38,0.04837,0.054375,0.000015,0.111111,6,0.00612
12157,,,13,16,29,13,16,29,24,0.111536,0.132613,0.000316,0.242611,11,0.010178
9612387,,,6,5,11,6,5,11,31,0.071316,0.087064,0.000097,0.218182,7,0.005973
9907300,,,6,5,11,6,5,11,31,0.072001,0.091979,0.000174,0.154545,7,0.008077
9712252,,,15,4,19,15,4,19,30,0.075935,0.093315,0.001057,0.105263,7,0.031998
9705231,,,5,7,12,5,7,12,37,0.050028,0.055191,0.000447,0.068182,4,0.011172
9608448,,,1,1,2,1,1,2,37,0.049925,0.054411,0,0.5,4,0.001127
9702405,,,1,1,2,1,1,2,37,0.049925,0.054411,0,0.5,4,0.001127
9510249,,,3,1,4,3,1,4,42,0.040802,0.04434,0.000158,0.25,4,0.002918
9702250,,,1,3,4,1,3,4,42,0.040809,0.044556,0,0.416667,4,0.001127
9608319,,,5,2,7,5,2,7,36,0.052545,0.057959,0.000394,0.071429,4,0.004402
9604232,,,30,3,33,30,3,33,42,0.040813,0.044613,0.000047,0.067235,6,0.057725
104210,,,1,22,23,1,22,23,18,0.132768,0.152147,0.000119,0.11039,0,0.00068
9909259,,,2,17,19,2,17,19,29,0.08329,0.104649,0.000004,0.078947,0,0.001424
103049,,,4,10,14,4,10,14,18,0.144946,0.167547,0.001424,0.203297,0,0.002394
12362,,,4,11,15,4,11,15,27,0.089227,0.110117,0.000003,0.186813,0,0.002802
106195,,,2,16,18,2,16,18,19,0.120676,0.137666,0.000394,0.183007,0,0.001141
9712506,,,10,7,17,10,7,17,31,0.069213,0.079222,0.000057,0.169118,0,0.008113
105311,,,3,24,27,3,24,27,18,0.136359,0.16012,0.001745,0.129231,0,0.001764
9906417,,,4,14,18,4,14,18,27,0.085196,0.099461,0.000004,0.215686,0,0.002774
109108,,,1,2,3,1,2,3,28,0.086707,0.10463,0,0.166667,0,0.000573
3317,,,3,9,12,3,9,12,27,0.089753,0.110863,0.000345,0.166667,0,0.001833
12346,,,5,17,22,5,17,22,27,0.091763,0.115241,0.000245,0.154762,0,0.003323
9805435,,,4,1,5,4,1,5,37,0.05084,0.056796,0.00012,0.1,0,0.002928
9812413,,,11,10,21,11,10,21,31,0.069763,0.081278,0.00022,0.114286,0,0.010283
9612394,,,54,9,63,54,9,63,33,0.064035,0.080725,0.001673,0.090118,12,0.121641
9612396,,,7,1,8,7,1,8,44,0.037763,0.040879,0.000003,0.125,4,0.025656
101002,,,3,18,21,3,18,21,19,0.154708,0.181085,0.000124,0.1,3,0.002252
11177,,,6,52,58,6,52,58,23,0.133991,0.184465,0.002388,0.091954,3,0.004268
9706540,,,48,9,57,48,9,57,33,0.06324,0.077338,0.00039,0.084273,4,0.109569
9909389,,,6,34,40,6,34,40,24,0.103892,0.136565,0.000068,0.194872,3,0.007116
9909454,,,3,8,11,3,8,11,27,0.08843,0.108799,0.000001,0.227273,3,0.002667
9912511,,,6,17,23,6,17,23,25,0.098538,0.125448,0.000181,0.142292,3,0.007131
101004,,,2,13,15,2,13,15,25,0.109923,0.14278,0.000193,0.153846,8,0.001193
5025,,,19,198,217,19,198,217,24,0.120562,0.172905,0.01168,0.022764,11,0.016844
12348,,,3,9,12,3,9,12,25,0.109955,0.143977,0.002583,0.121212,11,0.00186
9911436,,,18,7,25,18,7,25,31,0.071598,0.089236,0.000341,0.108333,1,0.011572
102198,,,1,4,5,1,4,5,26,0.101015,0.12377,0.000002,0.416667,1,0.000625
12058,,,3,3,6,3,3,6,25,0.107655,0.137826,0.00002,0.3,11,0.001977
9803387,,,7,2,9,7,2,9,34,0.059276,0.068617,0.000002,0.138889,8,0.005727
6300,,,2,25,27,2,25,27,31,0.074828,0.106427,0.000006,0.098291,8,0.001196
9704447,,,18,1,19,18,1,19,40,0.044424,0.049151,0.000001,0.087719,11,0.018654
101005,,,7,29,36,7,29,36,22,0.142761,0.181775,0.000447,0.061111,2,0.006805
9906433,,,3,7,10,3,7,10,26,0.084732,0.104907,0.000004,0.1,2,0.006334
9810257,,,16,31,47,16,31,47,25,0.09605,0.124057,0.000811,0.099034,2,0.037574
11058,,,2,4,6,2,4,6,23,0.107907,0.138549,0.000027,0.166667,2,0.001761
9506228,,,18,2,20,18,2,20,45,0.036361,0.038891,0.000429,0.071053,2,0.046987
9612397,,,48,2,50,48,2,50,39,0.046588,0.053397,0.00012,0.059184,9,0.077147
101009,,,4,15,19,4,15,19,20,0.145964,0.177096,0.001439,0.04386,4,0.002449
6211,,,5,1,6,5,1,6,27,0.091366,0.108997,0.000003,0.066667,2,0.003441
9901220,,,5,28,33,5,28,33,23,0.10614,0.137033,0.000894,0.113911,2,0.009103
9809381,,,21,6,27,21,6,27,31,0.071903,0.090157,0.001024,0.126781,2,0.036276
9902291,,,4,8,12,4,8,12,32,0.067556,0.086931,0.000158,0.151515,4,0.003315
8139,,,3,11,14,3,11,14,24,0.116788,0.145084,0.001433,0.10989,4,0.002003
7213,,,12,19,31,12,19,31,23,0.111012,0.147062,0.000191,0.103226,2,0.011647
12052,,,3,8,11,3,8,11,20,0.138719,0.159865,0.000297,0.072727,2,0.001999
11356,,,14,60,74,14,60,74,22,0.145892,0.18847,0.001026,0.058127,7,0.011398
5214,,,2,22,24,2,22,24,23,0.119448,0.155358,0.000207,0.15942,9,0.001316
5116,,,6,29,35,6,29,35,23,0.119892,0.148092,0.000315,0.084874,4,0.003943
101010,,,9,12,21,9,12,21,25,0.114659,0.144115,0.000155,0.128571,6,0.017265
10194,,,16,29,45,16,29,45,24,0.126615,0.164887,0.000347,0.144292,6,0.06172
5084,,,8,21,29,8,21,29,25,0.09456,0.122623,0.00037,0.046798,11,0.006637
101011,,,2,3,5,2,3,5,28,0.087259,0.107187,0,0.5,10,0.001135
101013,,,1,1,2,1,1,2,26,0.093392,0.114373,0.000001,0,2,0.000629
12088,,,4,30,34,4,30,34,25,0.103,0.134639,0.000164,0.137255,2,0.003219
101014,,,3,4,7,3,4,7,22,0.129186,0.153314,0.000251,0.261905,2,0.00202
7255,,,6,7,13,6,7,13,25,0.09434,0.115384,0.000367,0.153846,2,0.003716
10331,,,2,2,4,2,2,4,22,0.129051,0.152698,0,0.416667,2,0.001379
12247,,,6,4,10,6,4,10,25,0.097107,0.119204,0.000006,0.122222,2,0.004233
101016,,,1,4,5,1,4,5,32,0.067323,0.081446,0.000086,0.05,11,0.000681
4215,,,2,12,14,2,12,14,31,0.071925,0.089963,0.000328,0.148352,11,0.001141
12356,,,1,4,5,1,4,5,34,0.058484,0.066182,0.000003,0.2,11,0.000573
9904389,,,2,2,4,2,2,4,32,0.064547,0.071718,0.000151,0.083333,11,0.001209
9907487,,,3,4,7,3,4,7,31,0.071844,0.089108,0.000195,0.166667,11,0.001882
6329,,,9,25,34,9,25,34,24,0.108745,0.140052,0.000065,0.096257,6,0.006608
9906446,,,22,15,37,22,15,37,31,0.073863,0.099458,0.000181,0.127628,4,0.032544
12303,,,4,9,13,4,9,13,23,0.115438,0.151648,0.000053,0.096154,6,0.00309
9712239,,,14,16,30,14,16,30,34,0.060263,0.075304,0.000182,0.128736,4,0.045771
9606251,,,71,6,77,71,6,77,37,0.050072,0.055812,0.002132,0.090909,9,0.173088
9705270,,,20,2,22,20,2,22,35,0.056027,0.064366,0.000017,0.075758,2,0.054458
9609462,,,13,7,20,13,7,20,42,0.040834,0.045107,0.000097,0.173684,4,0.021282
9612442,,,30,9,39,30,9,39,35,0.055626,0.063494,0.000121,0.101215,4,0.080703
9711517,,,14,7,21,14,7,21,33,0.063241,0.077864,0.000123,0.171429,9,0.026734
101020,,,4,19,23,4,19,23,20,0.146689,0.176493,0.00118,0.150198,6,0.013882
5154,,,8,15,23,8,15,23,24,0.118892,0.147179,0.000079,0.211462,6,0.009734
10244,,,4,14,18,4,14,18,24,0.118864,0.146233,0.000087,0.186275,6,0.008015
4169,,,19,27,46,19,27,46,23,0.126201,0.161047,0.000823,0.081643,6,0.028755
12214,,,1,13,14,1,13,14,20,0.140861,0.164741,0.001071,0.032967,2,0.001229
104218,,,18,39,57,18,39,57,22,0.14529,0.182067,0.001776,0.113722,2,0.017717
12357,,,13,7,20,13,7,20,22,0.123965,0.149436,0.000005,0.163158,2,0.013431
102136,,,8,16,24,8,16,24,22,0.13293,0.164193,0.000558,0.202899,2,0.011004
102265,,,29,38,67,29,38,67,22,0.14172,0.175417,0.001439,0.093939,2,0.031352
3281,,,5,31,36,5,31,36,24,0.098073,0.126607,0.000264,0.121429,2,0.010385
3161,,,11,32,43,11,32,43,24,0.106504,0.141352,0.000502,0.110742,2,0.016617
9904281,,,31,10,41,31,10,41,23,0.099323,0.120882,0.000092,0.133537,2,0.05552
9906525,,,28,12,40,28,12,40,24,0.097973,0.121553,0.000197,0.125641,2,0.042971
7237,,,5,1,6,5,1,6,26,0.087442,0.101792,0.000001,0.233333,2,0.007947
9712291,,,26,8,34,26,8,34,38,0.048545,0.055054,0.000097,0.095365,2,0.128597
10077,,,6,38,44,6,38,44,23,0.113854,0.153068,0.000165,0.122622,2,0.010184
5167,,,5,41,46,5,41,46,23,0.113653,0.150869,0.000192,0.091787,2,0.005364
12018,,,7,2,9,7,2,9,24,0.10072,0.124473,0.00006,0.194444,2,0.009914
9299,,,28,30,58,28,30,58,24,0.113681,0.150871,0.000611,0.100325,2,0.043192
105080,,,8,20,28,8,20,28,22,0.135595,0.158161,0.004038,0.143333,2,0.020266
105269,,,22,46,68,22,46,68,23,0.130783,0.167445,0.002054,0.135865,2,0.04272
101091,,,18,33,51,18,33,51,22,0.141642,0.176604,0.000926,0.075918,2,0.024384
102252,,,22,25,47,22,25,47,22,0.127552,0.168995,0.005741,0.137835,2,0.024938
9711400,,,26,13,39,26,13,39,35,0.056184,0.065653,0.000827,0.112011,2,0.079069
9905232,,,1,2,3,1,2,3,32,0.067519,0.083731,0.000079,0.166667,1,0.000738
9709243,,,37,3,40,37,3,40,36,0.053783,0.06212,0.000195,0.082051,7,0.066427
101024,,,2,8,10,2,8,10,30,0.076918,0.093433,0.000395,0.088889,10,0.001135
11191,,,5,3,8,5,3,8,30,0.074655,0.086744,0.000146,0.089286,12,0.002948
5164,,,1,6,7,1,6,7,29,0.080839,0.097313,0.000016,0.119048,10,0.000622
8188,,,1,13,14,1,13,14,30,0.080307,0.099153,0.000098,0.076923,10,0.000622
101025,,,2,40,42,2,40,42,27,0.094247,0.117222,0.000217,0.243902,13,0.001307
10156,,,2,19,21,2,19,21,27,0.09134,0.110217,0,0.278571,13,0.001198
9357,,,4,42,46,4,42,46,28,0.087817,0.110001,0.000112,0.246377,13,0.002336
3215,,,1,21,22,1,21,22,27,0.090449,0.108199,0,0.305195,13,0.000631
3185,,,6,25,31,6,25,31,27,0.091735,0.111192,0.000062,0.32043,13,0.004918
101029,,,1,8,9,1,8,9,23,0.125955,0.154898,0.000003,0.083333,6,0.000568
9910449,,,3,17,20,3,17,20,23,0.116289,0.1373,0.000164,0.047368,6,0.001912
9907238,,,17,9,26,17,9,26,22,0.125969,0.144578,0.002483,0.127692,6,0.013657
4092,,,3,7,10,3,7,10,22,0.13351,0.163192,0.000256,0.066667,6,0.00183
3221,,,12,33,45,12,33,45,23,0.12907,0.169181,0.001407,0.05,6,0.011609
101030,,,1,10,11,1,10,11,29,0.082437,0.103901,0.000082,0.172727,10,0.00057
7056,,,5,14,19,5,14,19,29,0.081405,0.100223,0.000366,0.125731,10,0.002848
9709348,,,31,14,45,31,14,45,29,0.081234,0.098996,0.000803,0.10202,10,0.031205
8181,,,1,12,13,1,12,13,28,0.087197,0.107633,0.000014,0.25,10,0.000568
9704377,,,29,5,34,29,5,34,29,0.080424,0.095138,0.000259,0.100713,10,0.029661
9810376,,,5,6,11,5,6,11,28,0.086803,0.105199,0.000015,0.190909,10,0.003797
9081,,,4,1,5,4,1,5,29,0.079907,0.09394,0,0.15,10,0.002331
101032,,,12,15,27,12,15,27,25,0.108949,0.13965,0.000437,0.203333,8,0.008937
101051,,,12,11,23,12,11,23,26,0.101018,0.126714,0.000048,0.197619,8,0.009308
11002,,,7,27,34,7,27,34,25,0.108331,0.142317,0.000828,0.095365,8,0.006013
9912439,,,11,8,19,11,8,19,31,0.071464,0.088458,0.000015,0.190058,8,0.009796
9907512,,,23,12,35,23,12,35,30,0.077184,0.101288,0.001115,0.057143,8,0.018308
5114,,,9,145,154,9,145,154,24,0.118689,0.163831,0.008375,0.035141,11,0.007147
8191,,,8,9,17,8,9,17,26,0.099861,0.12293,0.000007,0.280952,8,0.006524
104220,,,10,1,11,10,1,11,27,0.088681,0.103748,0.000003,0.145455,2,0.008261
101034,,,4,20,24,4,20,24,23,0.128455,0.160661,0.000114,0.230072,4,0.00307
9909376,,,14,34,48,14,34,48,23,0.122764,0.15448,0.000118,0.140514,4,0.020753
7073,,,8,28,36,8,28,36,23,0.126912,0.160387,0.000038,0.143651,4,0.007728
6116,,,8,23,31,8,23,31,23,0.122608,0.150856,0.000233,0.234409,4,0.006011
9808423,,,4,4,8,4,4,8,34,0.059815,0.073096,0.000033,0.160714,4,0.00271
7148,,,3,13,16,3,13,16,24,0.120223,0.152062,0.000023,0.095833,6,0.001963
4127,,,9,16,25,9,16,25,23,0.125058,0.156267,0.000199,0.306667,4,0.010895
101037,,,1,1,2,1,1,2,40,0.044432,0.049232,0,0,10,0.000871
101039,,,1,13,14,1,13,14,24,0.109604,0.144548,0.000002,0.247253,3,0.000587
9907522,,,37,56,93,37,56,93,23,0.110107,0.146735,0.002253,0.109981,3,0.041111
6278,,,28,17,45,28,17,45,24,0.111915,0.142735,0.000194,0.199495,3,0.030731
8151,,,2,17,19,2,17,19,24,0.103074,0.134676,0.000019,0.19883,3,0.001369
6046,,,20,15,35,20,15,35,24,0.10893,0.136429,0.000116,0.161345,3,0.023313
101041,,,1,16,17,1,16,17,26,0.104063,0.132757,0.004217,0.1125,8,0.000623
10230,,,2,15,17,2,15,17,26,0.105159,0.135281,0.033696,0.108333,8,0.001148
9902411,,,10,12,22,10,12,22,30,0.077136,0.101007,0.000572,0.164502,8,0.008072
5071,,,2,13,15,2,13,15,29,0.080487,0.106235,0.003901,0.228571,8,0.001193
7191,,,2,17,19,2,17,19,25,0.10647,0.13511,0.00408,0.219298,5,0.001193
11289,,,3,18,21,3,18,21,27,0.096213,0.120324,0.004145,0.260526,5,0.001822
9807260,,,2,3,5,2,3,5,37,0.050915,0.058307,0.000025,0.2,8,0.001193
101042,,,1,35,36,1,35,36,29,0.081469,0.111686,0.000173,0.074603,8,0.000568
9807434,,,12,1,13,12,1,13,43,0.039227,0.042497,0,0.147436,8,0.013354
9911371,,,8,36,44,8,36,44,30,0.078227,0.10374,0.001127,0.096723,8,0.005617
7182,,,2,10,12,2,10,12,28,0.08605,0.114403,0.000212,0.068182,8,0.001303
9808215,,,4,1,5,4,1,5,43,0.039227,0.042497,0,0.25,8,0.005375
9912423,,,3,13,16,3,13,16,33,0.064028,0.081253,0.000067,0.125,8,0.001706
9711442,,,11,3,14,11,3,14,35,0.055913,0.063314,0.000039,0.175824,8,0.007643
9809567,,,9,8,17,9,8,17,40,0.044568,0.050834,0.000331,0.121324,8,0.005789
9911523,,,5,9,14,5,9,14,31,0.072291,0.093065,0.000734,0.203297,8,0.004046
11047,,,1,8,9,1,8,9,32,0.067856,0.084159,0.000001,0.277778,8,0.000568
9706411,,,6,1,7,6,1,7,42,0.040822,0.044545,0.000001,0.119048,8,0.00625
9711277,,,13,4,17,13,4,17,41,0.042616,0.047579,0.000187,0.099265,8,0.011278
9607229,,,2,3,5,2,3,5,39,0.046516,0.052749,0.000079,0.05,12,0.00181
9511370,,,1,1,2,1,1,2,40,0.044428,0.049154,0,0,8,0.000568
101043,,,3,19,22,3,19,22,23,0.114189,0.149261,0.000067,0.261905,3,0.002383
10117,,,12,22,34,12,22,34,24,0.118982,0.155853,0.000174,0.249554,3,0.011411
11048,,,8,21,29,8,21,29,23,0.116027,0.153666,0.000264,0.183498,3,0.007557
10353,,,15,19,34,15,19,34,23,0.117487,0.153429,0.000107,0.231729,3,0.014897
8144,,,22,21,43,22,21,43,24,0.114005,0.148564,0.00189,0.213732,3,0.023788
9041,,,42,9,51,42,9,51,24,0.100972,0.130111,0.000252,0.060784,2,0.08758
9909558,,,24,8,32,24,8,32,26,0.09148,0.109246,0.000361,0.183468,3,0.030981
101045,,,3,22,25,3,22,25,23,0.125195,0.152453,0.000351,0.096667,7,0.002673
11336,,,10,23,33,10,23,33,23,0.127549,0.156855,0.000675,0.100379,1,0.006786
9606219,,,8,1,9,8,1,9,40,0.044426,0.049153,0.000001,0.111111,7,0.007608
5069,,,5,19,24,5,19,24,23,0.120412,0.144265,0.000082,0.094203,7,0.003177
9906528,,,2,5,7,2,5,7,30,0.075959,0.091388,0.000069,0.166667,1,0.001454
6315,,,1,12,13,1,12,13,23,0.121526,0.145641,0.000003,0.147436,7,0.000723
9904434,,,4,5,9,4,5,9,32,0.066692,0.079457,0.000006,0.222222,1,0.003351
9710323,,,4,8,12,4,8,12,33,0.062939,0.074506,0.000027,0.128788,7,0.004292
101046,,,1,25,26,1,25,26,24,0.114027,0.143692,0.000168,0.186154,4,0.000623
9712406,,,4,25,29,4,25,29,32,0.066831,0.083563,0.000004,0.156404,4,0.002764
9711264,,,19,38,57,19,38,57,31,0.071415,0.091085,0.000546,0.106516,4,0.046848
9202,,,3,19,22,3,19,22,23,0.124497,0.154451,0.000149,0.047619,4,0.00226
9906363,,,4,17,21,4,17,21,25,0.095375,0.118332,0.000179,0.121429,4,0.002756
11004,,,1,5,6,1,5,6,25,0.090031,0.108636,0.000079,0.233333,4,0.00057
6148,,,3,8,11,3,8,11,31,0.071415,0.089275,0.000004,0.218182,8,0.003475
9706423,,,2,2,4,2,2,4,28,0.08694,0.105094,0.0001,0.166667,13,0.001212
9612405,,,5,4,9,5,4,9,44,0.037768,0.041037,0.000004,0.277778,4,0.008852
9607405,,,7,2,9,7,2,9,44,0.037736,0.040611,0,0.152778,4,0.013277
101056,,,1,2,3,1,2,3,28,0.089962,0.107123,0.000086,0,12,0.000709
9709254,,,1,1,2,1,1,2,34,0.060013,0.071154,0.000001,0,12,0.000574
101059,,,1,14,15,1,14,15,27,0.095388,0.121137,0.000079,0.228571,8,0.000686
9808291,,,5,3,8,5,3,8,31,0.069748,0.080244,0.000081,0.178571,8,0.003903
9912364,,,4,10,14,4,10,14,30,0.079407,0.108852,0.000015,0.203297,8,0.003036
7277,,,3,11,14,3,11,14,26,0.097441,0.121331,0.00027,0.197802,8,0.002556
9702443,,,65,1,66,65,1,66,40,0.044425,0.049184,0.000733,0.03986,8,0.084683
4111,,,2,13,15,2,13,15,31,0.072074,0.090908,0.000079,0.171429,8,0.001291
9612406,,,2,4,6,2,4,6,33,0.062248,0.071186,0,0.166667,1,0.002906
104225,,,5,44,49,5,44,49,20,0.169775,0.214608,0.000053,0.23767,6,0.003856
102147,,,69,9,78,69,9,78,23,0.12663,0.151285,0.000082,0.129537,6,0.10913
103048,,,37,61,98,37,61,98,20,0.159695,0.20769,0.000428,0.11802,6,0.043387
102304,,,16,25,41,16,25,41,21,0.158004,0.198841,0.001461,0.221997,6,0.030463
102312,,,41,3,44,41,3,44,23,0.124627,0.147454,0.000225,0.124207,6,0.05128
103083,,,7,38,45,7,38,45,20,0.159603,0.200463,0.004148,0.20404,6,0.005665
102193,,,34,16,50,34,16,50,23,0.134807,0.169641,0.0007,0.206531,6,0.063672
103218,,,15,57,72,15,57,72,20,0.160399,0.206385,0.000434,0.122848,6,0.016702
103224,,,8,42,50,8,42,50,20,0.161168,0.203555,0.000124,0.245306,6,0.008391
102331,,,59,60,119,59,60,119,20,0.164295,0.209026,0.002981,0.10423,6,0.068164
103105,,,9,24,33,9,24,33,20,0.150601,0.186063,0.000269,0.257576,6,0.01033
4170,,,3,14,17,3,14,17,23,0.12722,0.161116,0.000522,0.102941,9,0.003492
104141,,,6,36,42,6,36,42,20,0.161321,0.2035,0.000073,0.273519,6,0.004441
104146,,,17,48,65,17,48,65,20,0.157131,0.200275,0.000319,0.115385,6,0.013142
103182,,,30,23,53,30,23,53,20,0.153265,0.190467,0.000138,0.211901,6,0.026603
102238,,,24,24,48,24,24,48,23,0.137884,0.175791,0.000681,0.19016,6,0.044987
103012,,,16,23,39,16,23,39,20,0.15702,0.194368,0.000812,0.307255,6,0.023498
9909485,,,22,35,57,22,35,57,24,0.118339,0.155804,0.000502,0.151003,6,0.024565
102259,,,21,33,54,21,33,54,21,0.159161,0.203479,0.006633,0.175301,6,0.034758
103034,,,15,15,30,15,15,30,20,0.15353,0.188532,0.000086,0.28202,6,0.022019
103292,,,4,32,36,4,32,36,20,0.158665,0.196228,0.037133,0.085714,6,0.002675
101066,,,1,24,25,1,24,25,23,0.126969,0.155267,0.000047,0.126667,7,0.00131
9902208,,,6,10,16,6,10,16,28,0.086225,0.110107,0.000007,0.079167,7,0.004172
9611393,,,8,4,12,8,4,12,32,0.06708,0.080476,0.000088,0.113636,7,0.005163
9803269,,,7,19,26,7,19,26,31,0.071824,0.091661,0.000059,0.093846,7,0.006212
9708299,,,12,6,18,12,6,18,31,0.07059,0.083471,0.00003,0.133987,7,0.016779
9905528,,,4,8,12,4,8,12,31,0.072505,0.093968,0.000003,0.19697,7,0.003897
9710428,,,8,18,26,8,18,26,31,0.071085,0.087854,0.000064,0.084615,7,0.006858
9910501,,,5,21,26,5,21,26,23,0.120351,0.145379,0.00009,0.130769,7,0.004373
12216,,,2,20,22,2,20,22,24,0.124275,0.15747,0.000091,0.080087,7,0.001912
101068,,,1,14,15,1,14,15,24,0.11834,0.158828,0.000036,0.309524,3,0.001091
11295,,,20,24,44,20,24,44,23,0.119817,0.156716,0.000754,0.172833,3,0.022461
104226,,,13,11,24,13,11,24,22,0.123632,0.149297,0.000034,0.173913,2,0.009392
8129,,,13,2,15,13,2,15,24,0.10246,0.124868,0.000004,0.185714,2,0.014411
103179,,,49,15,64,49,15,64,21,0.128916,0.146847,0.007586,0.06374,2,0.086678
6014,,,17,29,46,17,29,46,23,0.115324,0.150581,0.000312,0.137879,2,0.016871
9911511,,,14,34,48,14,34,48,23,0.105432,0.141051,0.000599,0.080944,2,0.016625
9712392,,,66,4,70,66,4,70,35,0.055979,0.064995,0.000057,0.080745,9,0.238037
4171,,,10,52,62,10,52,62,23,0.113807,0.148761,0.000154,0.107615,2,0.013486
9912380,,,21,9,30,21,9,30,24,0.09718,0.121491,0.000194,0.110345,2,0.019672
101070,,,2,7,9,2,7,9,31,0.071909,0.090068,0.000079,0.305556,8,0.001253
10041,,,1,8,9,1,8,9,31,0.071906,0.090199,0,0.263889,8,0.000628
101074,,,1,16,17,1,16,17,24,0.104671,0.13333,0.000154,0.091912,2,0.000747
9907399,,,15,14,29,15,14,29,23,0.099027,0.119654,0.000216,0.130542,2,0.01326
4049,,,21,28,49,21,28,49,24,0.103463,0.135747,0.000755,0.082004,2,0.02338
5173,,,11,4,15,11,4,15,25,0.091942,0.110222,0.000002,0.104762,2,0.009193
104227,,,1,22,23,1,22,23,24,0.107304,0.130094,0.000838,0.272727,4,0.000742
9912451,,,10,12,22,10,12,22,32,0.067172,0.080336,0.000134,0.32684,4,0.017459
9809543,,,23,5,28,23,5,28,48,0.032804,0.034922,0.000105,0.241538,4,0.023076
9704264,,,4,2,6,4,2,6,48,0.032797,0.034694,0.000039,0.4,4,0.003461
9612437,,,24,1,25,24,1,25,47,0.033904,0.035927,0.001024,0.261667,4,0.030865
9908504,,,14,12,26,14,12,26,32,0.067167,0.080301,0.000151,0.313406,4,0.011349
9707364,,,22,2,24,22,2,24,48,0.032797,0.034694,0.000059,0.307971,4,0.023882
9810269,,,14,5,19,14,5,19,48,0.032807,0.034959,0,0.359649,4,0.011823
9912542,,,8,11,19,8,11,19,33,0.062956,0.073468,0.000001,0.339181,4,0.005009
101087,,,1,4,5,1,4,5,32,0.067136,0.079783,0,0.5,4,0.000575
5280,,,3,15,18,3,15,18,32,0.067195,0.080593,0.000496,0.29085,4,0.003129
9809572,,,22,5,27,22,5,27,48,0.032804,0.034922,0.000005,0.28,4,0.025439
9909542,,,11,11,22,11,11,22,32,0.067167,0.080262,0.000041,0.390476,4,0.009165
9901358,,,15,3,18,15,3,18,32,0.06713,0.079708,0.00006,0.281046,4,0.012132
12381,,,2,4,6,2,4,6,33,0.062946,0.073108,0,0.533333,4,0.001198
9809521,,,30,5,35,30,5,35,48,0.032804,0.034922,0.000197,0.164773,4,0.034342
9909554,,,6,12,18,6,12,18,32,0.067167,0.080301,0.000099,0.382353,4,0.004411
104120,,,2,20,22,2,20,22,25,0.11068,0.13543,0.000717,0.278571,4,0.001145
9810239,,,2,8,10,2,8,10,48,0.032812,0.035151,0.000079,0.433333,4,0.001317
11385,,,3,42,45,3,42,45,22,0.128804,0.165011,0.000023,0.088889,0,0.003038
9806477,,,8,9,17,8,9,17,35,0.056995,0.070621,0.000025,0.132353,0,0.011957
9902364,,,19,43,62,19,43,62,26,0.100335,0.132212,0.002178,0.114225,2,0.035499
9908223,,,12,9,21,12,9,21,25,0.095404,0.117263,0.000075,0.071429,2,0.01143
9907559,,,22,22,44,22,22,44,27,0.094397,0.123946,0.000426,0.097252,2,0.022235
9912492,,,20,18,38,20,18,38,24,0.101725,0.128774,0.000032,0.197724,2,0.02186
9287,,,13,25,38,13,25,38,21,0.137579,0.17332,0.004105,0.1266,2,0.011602
9709502,,,12,9,21,12,9,21,34,0.058859,0.06797,0.000084,0.097619,0,0.01688
101081,,,1,28,29,1,28,29,23,0.13018,0.168622,0.000289,0.08867,7,0.00131
9709330,,,7,8,15,7,8,15,32,0.066936,0.080998,0.00004,0.171429,7,0.01199
9905300,,,3,45,48,3,45,48,26,0.099825,0.135627,0.000487,0.068262,7,0.00215
9811226,,,5,13,18,5,13,18,31,0.073146,0.098692,0.000199,0.094771,7,0.004478
8029,,,3,20,23,3,20,23,23,0.123083,0.153216,0.000294,0.140316,7,0.002483
9802202,,,13,6,19,13,6,19,31,0.072177,0.093114,0.001127,0.122807,7,0.022603
4262,,,4,33,37,4,33,37,23,0.125899,0.157104,0.000356,0.105856,7,0.003796
9903270,,,6,51,57,6,51,57,26,0.097741,0.136307,0.000027,0.087406,7,0.004627
9710312,,,34,14,48,34,14,48,32,0.067438,0.08483,0.000326,0.089096,7,0.099404
9709244,,,9,17,26,9,17,26,31,0.07126,0.08915,0.000072,0.067692,7,0.009733
5183,,,9,7,16,9,7,16,30,0.078031,0.105773,0.000027,0.145833,7,0.007059
101083,,,4,14,18,4,14,18,23,0.126973,0.15749,0.000619,0.160131,6,0.003886
8127,,,4,49,53,4,49,53,22,0.136175,0.171344,0.003679,0.07656,6,0.002637
9703402,,,18,1,19,18,1,19,40,0.044426,0.049229,0.000082,0.131579,6,0.017296
9903507,,,13,7,20,13,7,20,23,0.113629,0.129743,0.000515,0.171053,6,0.011844
9912467,,,2,8,10,2,8,10,23,0.115885,0.133542,0.000005,0.122222,6,0.001614
9810432,,,13,3,16,13,3,16,35,0.055976,0.064795,0.000006,0.254167,6,0.012323
9807332,,,16,1,17,16,1,17,41,0.04254,0.046636,0,0.224265,6,0.016268
101085,,,1,5,6,1,5,6,32,0.066571,0.079947,0,0.2,8,0.000568
101086,,,2,34,36,2,34,36,22,0.135759,0.168043,0.000094,0.077778,6,0.001193
9807565,,,17,4,21,17,4,21,33,0.062841,0.074149,0.000542,0.045238,6,0.014058
11092,,,3,3,6,3,3,6,25,0.098169,0.112567,0.000001,0.3,6,0.001765
10338,,,36,104,140,36,104,140,21,0.154597,0.202042,0.020501,0.029567,6,0.032115
6182,,,3,15,18,3,15,18,23,0.11892,0.143197,0.000086,0.078431,9,0.001824
101088,,,1,35,36,1,35,36,25,0.113659,0.149783,0.000211,0.103175,8,0.000647
9223,,,3,4,7,3,4,7,31,0.071866,0.090081,0.000121,0.214286,8,0.002158
5322,,,3,8,11,3,8,11,24,0.103121,0.134544,0.000147,0.018182,8,0.001822
9808371,,,40,5,45,40,5,45,35,0.056636,0.067887,0.000078,0.042424,8,0.053049
9702296,,,8,2,10,8,2,10,34,0.059276,0.068618,0,0.277778,8,0.006174
3035,,,5,14,19,5,14,19,32,0.068923,0.090075,0.000337,0.287582,8,0.003732
9702242,,,8,4,12,8,4,12,35,0.055999,0.063874,0.000001,0.121212,8,0.005564
10344,,,3,8,11,3,8,11,26,0.098713,0.121394,0.000081,0.3,8,0.00214
104052,,,5,13,18,5,13,18,26,0.098633,0.120995,0.000078,0.176471,8,0.00295
5112,,,2,25,27,2,25,27,24,0.115166,0.145857,0.000521,0.172365,8,0.001161
9808375,,,4,12,16,4,12,16,34,0.060226,0.074974,0.000006,0.179167,8,0.002661
9701364,,,11,1,12,11,1,12,34,0.059273,0.068545,0.000009,0.204545,8,0.021766
9812348,,,11,22,33,11,22,33,30,0.077796,0.105402,0.001239,0.119318,12,0.010413
101089,,,2,11,13,2,11,13,22,0.131115,0.157861,0.000296,0.108974,1,0.001731
9610518,,,13,11,24,13,11,24,35,0.056776,0.067535,0.000193,0.130435,1,0.017533
11228,,,1,1,2,1,1,2,26,0.097349,0.115742,0.000002,0,1,0.00065
9103,,,2,3,5,2,3,5,33,0.064026,0.080029,0.00008,0.05,1,0.001276
12044,,,3,5,8,3,5,8,25,0.097735,0.120919,0.000005,0.125,2,0.004293
12075,,,24,2,26,24,2,26,25,0.10121,0.124226,0.000003,0.098462,2,0.029904
6015,,,5,1,6,5,1,6,25,0.092098,0.108603,0.000001,0.133333,2,0.005508
9902460,,,2,2,4,2,2,4,38,0.048701,0.055278,0,0.166667,2,0.008493
101092,,,5,30,35,5,30,35,23,0.136454,0.1759,0.000177,0.105042,7,0.004251
12096,,,11,24,35,11,24,35,24,0.126634,0.165003,0.000081,0.210924,7,0.00939
3222,,,12,19,31,12,19,31,23,0.121839,0.149494,0.000058,0.177419,4,0.013633
9908382,,,20,32,52,20,32,52,24,0.116626,0.152099,0.003025,0.121795,7,0.026496
9907572,,,32,22,54,32,22,54,24,0.113678,0.141841,0.00048,0.119846,7,0.044421
6047,,,10,16,26,10,16,26,24,0.117191,0.147007,0.000208,0.175385,4,0.00856
101093,,,2,19,21,2,19,21,24,0.104714,0.133508,0.000003,0.107143,2,0.001218
9908489,,,2,10,12,2,10,12,29,0.080974,0.098481,0.000002,0.098485,2,0.001845
9607279,,,17,1,18,17,1,18,46,0.035087,0.037281,0.00004,0.091503,2,0.075874
9907372,,,11,11,22,11,11,22,25,0.094415,0.117765,0.000252,0.12987,2,0.012854
9909461,,,6,3,9,6,3,9,26,0.089588,0.108019,0,0.285714,2,0.006769
9706230,,,33,5,38,33,5,38,37,0.050988,0.058254,0.000642,0.071835,2,0.173619
3256,,,3,4,7,3,4,7,24,0.093197,0.110089,0.000013,0.071429,2,0.00227
6171,,,4,12,16,4,12,16,25,0.095538,0.118376,0.000113,0.1625,2,0.004192
101098,,,3,17,20,3,17,20,25,0.112342,0.14058,0.000046,0.189474,7,0.002744
10209,,,2,8,10,2,8,10,27,0.090902,0.110738,0.000001,0.3,7,0.001876
6146,,,19,15,34,19,15,34,25,0.111812,0.141094,0.000101,0.195187,7,0.0199
9903457,,,4,2,6,4,2,6,32,0.067258,0.080892,0.000047,0.133333,1,0.00396
9131,,,4,11,15,4,11,15,30,0.080581,0.104626,0.000412,0.166667,1,0.002765
4247,,,21,32,53,21,32,53,24,0.119188,0.15263,0.001496,0.129898,7,0.023421
10162,,,4,17,21,4,17,21,24,0.116723,0.141918,0.000078,0.192857,7,0.00407
12019,,,4,24,28,4,24,28,24,0.122207,0.154843,0.000099,0.121693,7,0.00333
9802447,,,21,6,27,21,6,27,29,0.080678,0.096813,0.001589,0.071225,7,0.029572
101099,,,2,26,28,2,26,28,25,0.104619,0.127493,0.000079,0.140212,8,0.001253
9217,,,2,28,30,2,28,30,24,0.112497,0.136176,0.000307,0.154023,8,0.001196
9711236,,,12,6,18,12,6,18,34,0.059174,0.068036,0.000565,0.130719,8,0.009995
12167,,,6,17,23,6,17,23,29,0.081024,0.107463,0.000002,0.249012,8,0.003758
9248,,,2,27,29,2,27,29,29,0.079284,0.110201,0.000274,0.057882,8,0.001276
9908454,,,4,29,33,4,29,33,33,0.063667,0.080725,0.000205,0.070076,8,0.003916
9808437,,,5,4,9,5,4,9,34,0.059254,0.068432,0.000105,0.055556,8,0.003081
101100,,,1,4,5,1,4,5,32,0.067006,0.080889,0,0.25,6,0.001117
8262,,,10,3,13,10,3,13,32,0.066589,0.07941,0.000046,0.141026,6,0.006869
101102,,,3,24,27,3,24,27,20,0.142494,0.168905,0.000996,0.089744,2,0.002995
9161,,,3,22,25,3,22,25,29,0.078583,0.100924,0.000067,0.26,0,0.002061
5136,,,6,12,18,6,12,18,27,0.09424,0.122333,0.000092,0.137255,2,0.004818
9808401,,,12,11,23,12,11,23,32,0.067579,0.087493,0.000102,0.149351,4,0.032684
9607386,,,9,1,10,9,1,10,35,0.055369,0.061319,0.000003,0.1,0,0.0124
9809307,,,39,2,41,39,2,41,39,0.046263,0.051113,0.000005,0.067683,2,0.108312
9911473,,,2,2,4,2,2,4,26,0.091197,0.110786,0.000173,0.25,2,0.003575
4145,,,4,6,10,4,6,10,29,0.079759,0.103005,0.00014,0.133333,2,0.005336
101103,,,3,62,65,3,62,65,26,0.096446,0.129984,0.001979,0.085337,0,0.001986
9708426,,,14,2,16,14,2,16,32,0.064627,0.071762,0.000971,0.208333,0,0.013783
5003,,,5,18,23,5,18,23,32,0.066112,0.078004,0.000346,0.205534,0,0.003089
10252,,,1,8,9,1,8,9,32,0.067101,0.080661,0,0.430556,0,0.000691
9807351,,,1,1,2,1,1,2,35,0.054673,0.059466,0,0,0,0.000691
9904270,,,9,10,19,9,10,19,31,0.071448,0.086823,0.000152,0.22807,0,0.007591
9611415,,,7,2,9,7,2,9,44,0.037737,0.040584,0.000251,0.277778,13,0.011544
9812504,,,9,4,13,9,4,13,33,0.061427,0.069683,0.000133,0.153846,0,0.006781
9609369,,,9,1,10,9,1,10,44,0.037734,0.040509,0.000001,0.211111,13,0.011983
9708207,,,18,2,20,18,2,20,34,0.058703,0.066363,0.000168,0.094737,0,0.017662
9910299,,,3,25,28,3,25,28,29,0.084354,0.109493,0.00111,0.141534,0,0.002084
9706397,,,19,1,20,19,1,20,45,0.036367,0.038863,0.000184,0.136842,0,0.020816
7109,,,1,12,13,1,12,13,31,0.07336,0.092486,0.000928,0.269231,0,0.000691
9906210,,,11,7,18,11,7,18,30,0.072177,0.090581,0.00003,0.303922,0,0.008068
9609256,,,9,1,10,9,1,10,44,0.037734,0.040509,0.00004,0.255556,0,0.006378
9604398,,,9,1,10,9,1,10,43,0.039211,0.042366,0.000416,0.2,0,0.006756
9903389,,,20,11,31,20,11,31,32,0.06716,0.081252,0.001157,0.198925,0,0.018246
9906485,,,8,19,27,8,19,27,30,0.072297,0.091959,0.000111,0.250712,0,0.006209
9905337,,,17,11,28,17,11,28,31,0.070645,0.084663,0.001226,0.154762,0,0.014318
7159,,,2,12,14,2,12,14,31,0.07187,0.089265,0.000048,0.296703,0,0.001265
9910334,,,5,13,18,5,13,18,29,0.08407,0.107044,0.000258,0.091503,0,0.004181
9804224,,,12,2,14,12,2,14,44,0.037736,0.040584,0.000088,0.120879,0,0.007216
9911367,,,2,3,5,2,3,5,44,0.03774,0.040661,0,0.5,0,0.001265
9902348,,,5,8,13,5,8,13,31,0.071645,0.088521,0.000214,0.115385,7,0.003035
9903307,,,3,5,8,3,5,8,38,0.047601,0.051748,0.000217,0.178571,0,0.002021
4046,,,1,12,13,1,12,13,30,0.07315,0.092961,0,0.346154,0,0.000691
9808344,,,5,4,9,5,4,9,37,0.049968,0.054661,0.00009,0.222222,0,0.004909
9803226,,,12,4,16,12,4,16,32,0.065844,0.075956,0.000341,0.133333,0,0.010371
9902430,,,18,2,20,18,2,20,32,0.067136,0.080581,0,0.294737,0,0.018052
5223,,,2,16,18,2,16,18,29,0.083978,0.107214,0.000835,0.153595,0,0.001291
9702376,,,23,1,24,23,1,24,35,0.055371,0.061329,0.000036,0.155797,0,0.022277
3183,,,7,5,12,7,5,12,32,0.066584,0.079325,0.000979,0.045455,13,0.004908
9902327,,,14,10,24,14,10,24,31,0.070645,0.084624,0.000199,0.182971,0,0.010902
9909369,,,6,31,37,6,31,37,28,0.090537,0.117864,0.003362,0.07958,0,0.004101
9809215,,,7,6,13,7,6,13,30,0.074989,0.088339,0.001004,0.217949,0,0.007771
3326,,,1,9,10,1,9,10,30,0.072212,0.090829,0,0.266667,0,0.000691
9906389,,,4,20,24,4,20,24,29,0.075644,0.0981,0.000009,0.221014,0,0.002842
101104,,,1,1,2,1,1,2,40,0.044432,0.049232,0,0,10,0.000871
101105,,,4,65,69,4,65,69,23,0.13066,0.17055,0.001347,0.069054,9,0.002398
9703436,,,51,7,58,51,7,58,32,0.06687,0.080967,0.000545,0.079552,9,0.061598
9705218,,,16,5,21,16,5,21,40,0.044462,0.049998,0.000015,0.22619,11,0.024475
1224,,,5,11,16,5,11,16,23,0.119189,0.142417,0.000029,0.208333,9,0.003499
9903549,,,19,2,21,19,2,21,34,0.059382,0.069573,0.00002,0.102381,9,0.016187
4130,,,10,11,21,10,11,21,24,0.113587,0.138566,0.000832,0.211905,3,0.015048
9711417,,,13,31,44,13,31,44,31,0.072656,0.100295,0.00031,0.049683,4,0.013006
9708272,,,25,7,32,25,7,32,32,0.067129,0.083696,0.000122,0.145161,9,0.031426
7228,,,3,36,39,3,36,39,23,0.124842,0.156804,0.000016,0.134953,9,0.001942
9802305,,,6,26,32,6,26,32,31,0.072027,0.093801,0.000131,0.092742,5,0.007434
3012,,,4,23,27,4,23,27,24,0.113738,0.140497,0.000039,0.159544,9,0.002696
9910341,,,4,7,11,4,7,11,28,0.083409,0.108631,0,0.263636,9,0.002816
9608264,,,6,9,15,6,9,15,33,0.062932,0.074585,0.000004,0.17619,9,0.008073
9702392,,,89,1,90,89,1,90,40,0.044442,0.049446,0.000228,0.12834,9,0.243608
9904354,,,4,2,6,4,2,6,33,0.064334,0.084855,0.000001,0.133333,9,0.002815
9708495,,,14,7,21,14,7,21,32,0.067269,0.084648,0.000037,0.204762,9,0.021385
9707345,,,20,9,29,20,9,29,30,0.075658,0.091689,0.002689,0.073892,11,0.017148
9707477,,,27,27,54,27,27,54,31,0.071684,0.092156,0.000478,0.100978,5,0.034295
9903419,,,10,4,14,10,4,14,32,0.067592,0.084968,0.000016,0.192308,9,0.009718
11363,,,17,15,32,17,15,32,24,0.118425,0.146906,0.008278,0.034274,9,0.011828
9703279,,,86,3,89,86,3,89,41,0.042571,0.04721,0.000109,0.126532,9,0.210312
9609201,,,6,1,7,6,1,7,45,0.036359,0.038777,0,0.309524,9,0.005639
9809525,,,9,13,22,9,13,22,32,0.06788,0.088441,0.000025,0.192641,9,0.00764
7288,,,2,25,27,2,25,27,23,0.119815,0.145888,0.000192,0.145299,9,0.001427
9805205,,,3,3,6,3,3,6,35,0.056606,0.067482,0.000008,0.1,8,0.002384
9612333,,,20,13,33,20,13,33,36,0.053814,0.063645,0.000451,0.049242,6,0.025272
9609511,,,32,10,42,32,10,42,41,0.042631,0.04848,0.000126,0.090012,6,0.089375
6223,,,2,31,33,2,31,33,23,0.120712,0.148719,0.000092,0.035985,6,0.001596
3154,,,46,178,224,46,178,224,22,0.138637,0.184874,0.005205,0.024423,6,0.062622
9707431,,,8,1,9,8,1,9,41,0.042567,0.046999,0.000001,0.236111,6,0.009475
12123,,,5,32,37,5,32,37,23,0.129414,0.165359,0.000226,0.153904,6,0.005466
9904483,,,8,3,11,8,3,11,33,0.06334,0.077788,0.000021,0.163636,6,0.0064
9908508,,,9,9,18,9,9,18,32,0.069045,0.090331,0.000228,0.104575,6,0.006712
10037,,,7,6,13,7,6,13,32,0.068313,0.085317,0.000241,0.108974,6,0.006555
101113,,,4,21,25,4,21,25,23,0.124157,0.163695,0.000123,0.189723,9,0.003855
9908258,,,2,3,5,2,3,5,24,0.104327,0.126086,0,0.5,9,0.001746
9912315,,,8,18,26,8,18,26,23,0.121235,0.149872,0.000252,0.101538,9,0.006493
4101,,,7,34,41,7,34,41,23,0.120568,0.159423,0.000147,0.130488,9,0.006548
9906310,,,15,13,28,15,13,28,26,0.092265,0.114619,0.000037,0.189153,9,0.019265
4107,,,13,16,29,13,16,29,23,0.117385,0.155663,0.000208,0.184615,9,0.011203
4110,,,6,12,18,6,12,18,24,0.120154,0.153777,0.000104,0.216667,9,0.0057
9808304,,,46,19,65,46,19,65,32,0.069064,0.09575,0.000748,0.113221,9,0.092337
5262,,,11,23,34,11,23,34,23,0.114779,0.151524,0.000094,0.180927,9,0.008914
5080,,,16,47,63,16,47,63,23,0.122175,0.164667,0.000237,0.14849,9,0.013381
9804282,,,24,6,30,24,6,30,35,0.056223,0.067247,0.000115,0.136782,9,0.036339
9912429,,,5,34,39,5,34,39,24,0.121251,0.161356,0.00021,0.090418,6,0.004141
9907327,,,4,6,10,4,6,10,37,0.050879,0.058627,0.000003,0.2,11,0.004329
9712418,,,6,4,10,6,4,10,40,0.044462,0.049946,0.000118,0.211111,11,0.004205
9704308,,,4,1,5,4,1,5,42,0.040841,0.044829,0.000004,0.2,11,0.006523
9811365,,,2,5,7,2,5,7,40,0.044469,0.050107,0,0.333333,11,0.001578
9612413,,,12,3,15,12,3,15,41,0.042579,0.04739,0.000084,0.152381,11,0.017687
101116,,,1,5,6,1,5,6,24,0.095318,0.115143,0,0.366667,2,0.000747
5259,,,21,9,30,21,9,30,24,0.100653,0.128968,0.000096,0.122989,2,0.025362
9903206,,,8,8,16,8,8,16,32,0.067385,0.083721,0.000084,0.15,7,0.006041
9706223,,,7,3,10,7,3,10,32,0.067095,0.080914,0.000316,0.055556,7,0.005296
9911534,,,4,6,10,4,6,10,31,0.072372,0.093539,0.000039,0.244444,7,0.003475
9907225,,,5,15,20,5,15,20,32,0.068322,0.088374,0.000091,0.152632,7,0.003605
9809372,,,10,6,16,10,6,16,33,0.063753,0.079148,0.000011,0.1125,7,0.007658
101121,,,1,31,32,1,31,32,23,0.136076,0.174635,0.000008,0.120968,7,0.00131
9712398,,,35,17,52,35,17,52,31,0.072557,0.098717,0.00172,0.107466,7,0.073902
12113,,,2,3,5,2,3,5,23,0.114655,0.131065,0.000002,0.1,7,0.001291
12099,,,3,4,7,3,4,7,24,0.111922,0.131194,0,0.238095,7,0.002485
9808487,,,40,11,51,40,11,51,30,0.077102,0.100523,0.000398,0.127451,7,0.082485
5303,,,11,49,60,11,49,60,23,0.133057,0.17551,0.000949,0.090395,7,0.010467
101122,,,3,19,22,3,19,22,23,0.117538,0.154612,0.000139,0.080087,4,0.002881
9801218,,,7,2,9,7,2,9,35,0.056846,0.067676,0.000011,0.125,6,0.00858
8075,,,1,3,4,1,3,4,32,0.067917,0.08637,0,0.166667,4,0.000732
9902293,,,21,29,50,21,29,50,25,0.100527,0.129396,0.000275,0.121633,2,0.035776
9811211,,,6,9,15,6,9,15,32,0.067607,0.086587,0.000022,0.090476,4,0.010606
8085,,,10,60,70,10,60,70,23,0.126533,0.172673,0.00334,0.090683,9,0.007917
101123,,,1,13,14,1,13,14,24,0.125161,0.157811,0.00008,0.120879,5,0.000637
9911266,,,12,12,24,12,12,24,24,0.106568,0.125552,0.000257,0.121377,5,0.012158
12100,,,16,16,32,16,16,32,23,0.12752,0.161276,0.0006,0.141129,3,0.01485
11143,,,3,25,28,3,25,28,24,0.131814,0.180042,0.000413,0.170635,3,0.001835
6238,,,15,12,27,15,12,27,24,0.106658,0.131761,0.000078,0.138177,3,0.014179
9806289,,,4,3,7,4,3,7,35,0.05677,0.066772,0,0.166667,5,0.004981
9803219,,,16,11,27,16,11,27,33,0.06361,0.080487,0.000268,0.037037,5,0.014165
9702261,,,2,3,5,2,3,5,31,0.069785,0.08063,0.000886,0.1,5,0.003074
9912501,,,3,3,6,3,3,6,32,0.067552,0.083263,0.000007,0.2,11,0.00209
101127,,,4,31,35,4,31,35,25,0.115589,0.147313,0.00027,0.082353,10,0.002808
11026,,,2,27,29,2,27,29,24,0.119469,0.14923,0.000218,0.119458,10,0.001331
5156,,,11,22,33,11,22,33,25,0.103981,0.123426,0.000282,0.226326,12,0.008808
9911454,,,12,33,45,12,33,45,24,0.113574,0.139617,0.001919,0.077778,12,0.017196
9909292,,,17,9,26,17,9,26,30,0.076638,0.095085,0.000075,0.130769,10,0.014859
12221,,,6,25,31,6,25,31,27,0.095532,0.121132,0.000631,0.14086,10,0.004871
9904370,,,15,18,33,15,18,33,29,0.083819,0.104226,0.001905,0.194129,12,0.015184
9712438,,,14,10,24,14,10,24,30,0.075283,0.089457,0.000084,0.126812,10,0.015062
9704249,,,47,8,55,47,8,55,29,0.08125,0.098613,0.078836,0.102694,12,0.095073
3258,,,21,27,48,21,27,48,27,0.09545,0.121244,0.001252,0.100177,10,0.016864
7082,,,7,14,21,7,14,21,27,0.091328,0.115377,0.000141,0.147619,10,0.005156
101131,,,6,5,11,6,5,11,26,0.094047,0.115605,0.000116,0.290909,3,0.004403
3120,,,2,30,32,2,30,32,26,0.096288,0.124821,0.000105,0.086694,0,0.001532
101132,,,11,21,32,11,21,32,25,0.103019,0.123819,0.000165,0.178427,12,0.008029
9708395,,,16,4,20,16,4,20,29,0.080736,0.096822,0.001199,0.102632,12,0.022972
9901239,,,14,15,29,14,15,29,29,0.08152,0.100879,0.00016,0.147783,12,0.012816
9804299,,,11,13,24,11,13,24,29,0.081422,0.100289,0.000112,0.199275,12,0.013903
9810441,,,5,14,19,5,14,19,30,0.076111,0.093304,0.000007,0.24269,12,0.006978
9804298,,,14,10,24,14,10,24,30,0.075969,0.092623,0.000129,0.210145,12,0.020012
9811275,,,29,26,55,29,26,55,30,0.077801,0.10433,0.001104,0.069024,12,0.029763
9709484,,,29,2,31,29,2,31,34,0.060236,0.073067,0.000009,0.129032,12,0.076511
9804462,,,25,9,34,25,9,34,30,0.075485,0.090691,0.000552,0.156863,12,0.033608
9905264,,,15,17,32,15,17,32,24,0.109658,0.13014,0.223715,0.125,12,0.025619
9712369,,,12,6,18,12,6,18,30,0.075858,0.091187,0.000028,0.218954,12,0.021078
9805335,,,30,11,41,30,11,41,31,0.071478,0.087959,0.000168,0.132927,12,0.03527
3165,,,11,22,33,11,22,33,26,0.094455,0.114606,0.000633,0.150568,12,0.008506
101145,,,1,27,28,1,27,28,22,0.123106,0.149735,0.001343,0.152116,7,0.00131
7252,,,1,10,11,1,10,11,31,0.076045,0.094,0.000004,0.136364,7,0.000603
12140,,,12,13,25,12,13,25,24,0.112868,0.136063,0.000638,0.186594,7,0.014106
9709412,,,1,7,8,1,7,8,33,0.062793,0.073411,0,0.196429,7,0.000603
12003,,,2,1,3,2,1,3,32,0.068188,0.087056,0,0.166667,7,0.00117
101147,,,1,22,23,1,22,23,26,0.100724,0.126343,0.000026,0.250988,11,0.000576
101148,,,1,16,17,1,16,17,22,0.12938,0.152627,0.000072,0.099265,2,0.000925
9812361,,,20,9,29,20,9,29,25,0.086016,0.101399,0.000008,0.126847,2,0.040473
4249,,,4,2,6,4,2,6,24,0.102761,0.127869,0.000034,0.3,2,0.006749
101150,,,1,9,10,1,9,10,26,0.090382,0.113726,0.000601,0.2,9,0.001471
2259,,,6,13,19,6,13,19,28,0.082809,0.104309,0.000418,0.096491,9,0.006196
9707412,,,34,49,83,34,49,83,32,0.067595,0.08856,0.002156,0.124596,9,0.036611
3253,,,1,8,9,1,8,9,26,0.090375,0.113654,0,0.236111,9,0.000612
9910403,,,2,14,16,2,14,16,33,0.06509,0.088441,0.000239,0.216667,9,0.001181
9810277,,,13,37,50,13,37,50,32,0.069064,0.097054,0.000768,0.11551,9,0.029873
101151,,,10,27,37,10,27,37,19,0.160994,0.19252,0.000072,0.155405,2,0.009018
9806496,,,9,3,12,9,3,12,35,0.056849,0.067566,0.000001,0.257576,2,0.009217
9905316,,,11,21,32,11,21,32,26,0.093826,0.120116,0.000272,0.08871,2,0.015162
101152,,,1,15,16,1,15,16,27,0.092907,0.113092,0.000003,0.158333,11,0.000576
12053,,,3,5,8,3,5,8,26,0.092325,0.104633,0.000043,0.107143,1,0.00201
101154,,,3,30,33,3,30,33,22,0.140518,0.176098,0.00012,0.122159,7,0.002512
9033,,,6,16,22,6,16,22,24,0.109856,0.132021,0.000012,0.209957,7,0.005015
9803314,,,18,21,39,18,21,39,32,0.068213,0.09141,0.000256,0.179487,7,0.032024
12155,,,13,5,18,13,5,18,25,0.105045,0.127495,0.000017,0.133987,7,0.009673
9407271,,,4,1,5,4,1,5,39,0.046485,0.052063,0,0.15,11,0.008812
9912328,,,1,2,3,1,2,3,28,0.090335,0.108149,0.000107,0,1,0.00068
101165,,,2,17,19,2,17,19,22,0.136692,0.167664,0.000046,0.073099,6,0.001302
9905413,,,13,2,15,13,2,15,33,0.064818,0.088418,0.000086,0.114286,6,0.012264
12109,,,2,7,9,2,7,9,24,0.111367,0.132815,0.000234,0.041667,6,0.002101
9907336,,,1,1,2,1,1,2,31,0.069657,0.078982,0,0,7,0.001097
9801345,,,10,1,11,10,1,11,30,0.074865,0.086759,0.000414,0.1,7,0.006955
10079,,,3,31,34,3,31,34,22,0.1154,0.151468,0.000009,0.14082,2,0.002297
10325,,,4,51,55,4,51,55,21,0.135573,0.174299,0.000392,0.156883,9,0.002507
101171,,,1,5,6,1,5,6,23,0.117459,0.136969,0.000064,0.2,7,0.000568
9811303,,,6,5,11,6,5,11,31,0.07317,0.099982,0.000107,0.072727,7,0.004585
9612425,,,10,2,12,10,2,12,39,0.046503,0.05245,0.000001,0.212121,8,0.029202
101176,,,1,4,5,1,4,5,25,0.096011,0.10764,0.000001,0.15,6,0.000568
9048,,,2,4,6,2,4,6,25,0.095307,0.106355,0.000088,0.2,6,0.001258
7222,,,7,18,25,7,18,25,24,0.105525,0.121661,0.000232,0.203333,6,0.003988
9612460,,,4,8,12,4,8,12,34,0.060015,0.071707,0.000009,0.143939,6,0.005423
9612376,,,8,12,20,8,12,20,32,0.067175,0.082569,0.000269,0.178947,4,0.011275
9611451,,,3,22,25,3,22,25,32,0.067147,0.082917,0.000015,0.093333,4,0.002759
9702203,,,1,3,4,1,3,4,34,0.05939,0.069564,0.000008,0.166667,12,0.000948
9511258,,,9,5,14,9,5,14,38,0.04876,0.055933,0.000085,0.071429,12,0.013477
9508351,,,11,6,17,11,6,17,37,0.051253,0.05988,0.000863,0.047794,12,0.018057
101180,,,2,6,8,2,6,8,31,0.07052,0.083986,0.00007,0.089286,8,0.001218
9706529,,,16,3,19,16,3,19,35,0.056003,0.063814,0.000687,0.114035,8,0.016619
9612454,,,18,1,19,18,1,19,42,0.040843,0.044678,0.000005,0.105263,8,0.019689
9706545,,,27,10,37,27,10,37,34,0.059544,0.071458,0.001058,0.099099,11,0.036779
9801304,,,6,4,10,6,4,10,34,0.059319,0.069043,0.000372,0.233333,8,0.005704
9801372,,,5,11,16,5,11,16,36,0.053301,0.062224,0.000582,0.075,12,0.00573
101181,,,2,20,22,2,20,22,20,0.140558,0.163966,0.000725,0.102381,2,0.001591
9707234,,,1,1,2,1,1,2,35,0.055408,0.061355,0,0.5,2,0.000644
11168,,,1,6,7,1,6,7,26,0.088328,0.105806,0.000079,0.357143,2,0.000644
9706212,,,13,5,18,13,5,18,34,0.060073,0.071872,0.000317,0.133987,2,0.0143
9707205,,,1,1,2,1,1,2,35,0.055408,0.061355,0,0.5,2,0.000644
4137,,,8,6,14,8,6,14,25,0.094599,0.11534,0.000045,0.153846,2,0.006338
9908471,,,1,6,7,1,6,7,27,0.0861,0.104199,0.000001,0.238095,2,0.000644
9710391,,,1,2,3,1,2,3,35,0.056698,0.06623,0,0.5,2,0.000644
9607250,,,23,2,25,23,2,25,34,0.058651,0.065958,0.00031,0.088333,2,0.030691
9810388,,,4,3,7,4,3,7,35,0.056705,0.066358,0,0.333333,2,0.002595
11062,,,7,10,17,7,10,17,21,0.132654,0.15525,0.000792,0.109524,2,0.00539
9810391,,,2,1,3,2,1,3,35,0.056675,0.065946,0,0.5,2,0.001275
9706428,,,6,6,12,6,6,12,35,0.056707,0.066607,0.000019,0.151515,2,0.015993
9905445,,,2,5,7,2,5,7,35,0.056868,0.067496,0.000095,0.190476,2,0.001347
9702206,,,4,4,8,4,4,8,31,0.069017,0.0779,0.000324,0.160714,10,0.003721
9608371,,,2,2,4,2,2,4,30,0.073991,0.084506,0.001376,0.166667,10,0.001716
101183,,,1,9,10,1,9,10,23,0.120797,0.141264,0.000009,0.211111,11,0.000571
9904240,,,12,13,25,12,13,25,33,0.063599,0.080248,0.000721,0.068333,11,0.016974
7091,,,5,23,28,5,23,28,23,0.127393,0.156993,0.000096,0.142857,11,0.003075
7129,,,3,15,18,3,15,18,24,0.114444,0.137746,0.000002,0.163399,11,0.001766
9903403,,,7,5,12,7,5,12,35,0.056643,0.066987,0.000061,0.159091,11,0.005994
9909436,,,10,8,18,10,8,18,32,0.068254,0.089546,0.000233,0.147059,11,0.007607
9702208,,,6,2,8,6,2,8,42,0.040807,0.044487,0.000094,0.071429,11,0.004381
9605303,,,4,1,5,4,1,5,41,0.042537,0.046644,0.000105,0.35,11,0.003875
9702209,,,14,3,17,14,3,17,42,0.040843,0.044941,0.000001,0.132353,7,0.023063
9608299,,,13,2,15,13,2,15,29,0.079753,0.092963,0.000563,0.119048,13,0.011894
101187,,,1,10,11,1,10,11,20,0.146015,0.178567,0.002122,0.081818,8,0.00127
11393,,,1,15,16,1,15,16,25,0.107289,0.137396,0.001429,0.104167,8,0.0006
9336,,,2,5,7,2,5,7,28,0.085369,0.107103,0.000033,0.142857,8,0.001169
5311,,,3,15,18,3,15,18,27,0.092311,0.118396,0.000445,0.101307,8,0.001793
9702212,,,1,1,2,1,1,2,35,0.056607,0.06554,0,0,1,0.000629
9702214,,,10,2,12,10,2,12,35,0.056367,0.065371,0.000274,0.143939,4,0.012252
9610431,,,17,8,25,17,8,25,34,0.058784,0.067414,0.000722,0.101667,4,0.048392
9610274,,,12,1,13,12,1,13,41,0.042535,0.046581,0,0.147436,8,0.012981
3320,,,9,5,14,9,5,14,30,0.075153,0.088605,0.000016,0.148352,10,0.00951
9702219,,,4,1,5,4,1,5,31,0.068786,0.076839,0,0.2,0,0.002512
9605223,,,25,1,26,25,1,26,30,0.073862,0.084013,0.002052,0.096923,0,0.020405
9702222,,,7,1,8,7,1,8,35,0.056591,0.065421,0.000058,0.107143,6,0.007595
101199,,,1,17,18,1,17,18,28,0.093089,0.119752,0.000005,0.173203,8,0.000573
11270,,,4,30,34,4,30,34,31,0.073491,0.099224,0.000759,0.180036,8,0.002622
9906222,,,10,24,34,10,24,34,33,0.065939,0.092482,0.000483,0.191622,8,0.008403
9605270,,,6,2,8,6,2,8,39,0.046519,0.052947,0.000004,0.178571,11,0.008985
9702225,,,4,2,6,4,2,6,30,0.074296,0.085594,0.000294,0.1,1,0.003361
9702226,,,6,4,10,6,4,10,28,0.086664,0.104378,0.000101,0.2,10,0.004333
9607427,,,5,1,6,5,1,6,40,0.044436,0.049296,0.000019,0.1,8,0.00519
9608393,,,10,1,11,10,1,11,44,0.037739,0.040548,0.000166,0.063636,8,0.012812
9609356,,,1,2,3,1,2,3,31,0.068945,0.077697,0.000046,0.333333,8,0.001702
9612301,,,9,2,11,9,2,11,35,0.056,0.063767,0.000343,0.136364,1,0.007271
9605330,,,31,1,32,31,1,32,42,0.040816,0.044498,0.000396,0.056452,8,0.035075
9610330,,,1,1,2,1,1,2,42,0.040802,0.044315,0.000083,0,8,0.001702
9610203,,,2,3,5,2,3,5,41,0.042584,0.047285,0.000021,0.2,8,0.003024
9609403,,,3,1,4,3,1,4,44,0.037739,0.040548,0,0.25,8,0.003077
9608293,,,6,1,7,6,1,7,34,0.059272,0.068545,0,0.190476,8,0.007298
9607442,,,10,1,11,10,1,11,43,0.039217,0.042415,0.000317,0.127273,8,0.011091
9606254,,,24,1,25,24,1,25,41,0.042562,0.046992,0.001477,0.048333,8,0.029271
9609329,,,4,1,5,4,1,5,32,0.064574,0.071846,0.000079,0.2,8,0.00392
9604210,,,4,3,7,4,3,7,39,0.046511,0.052643,0.000012,0.071429,8,0.011821
9610551,,,5,1,6,5,1,6,42,0.04081,0.044395,0.000036,0.066667,8,0.004605
9609400,,,18,2,20,18,2,20,40,0.044444,0.049516,0.000188,0.073684,8,0.029185
9606267,,,13,1,14,13,1,14,31,0.068783,0.076831,0.00057,0.076923,8,0.01525
101205,,,3,22,25,3,22,25,25,0.109487,0.137711,0.000132,0.265,12,0.002158
9702230,,,9,2,11,9,2,11,32,0.066182,0.076514,0.000271,0.118182,1,0.009692
9607324,,,6,2,8,6,2,8,41,0.042549,0.046821,0.000001,0.25,1,0.005081
101207,,,2,6,8,2,6,8,24,0.097897,0.121849,0.000001,0.160714,2,0.001209
9909512,,,9,2,11,9,2,11,24,0.090118,0.104219,0.000082,0.172727,2,0.009373
101208,,,3,25,28,3,25,28,22,0.137978,0.171613,0.00064,0.063492,6,0.002858
2258,,,17,121,138,17,121,138,21,0.148956,0.189355,0.004884,0.03803,6,0.011289
9905436,,,10,21,31,10,21,31,22,0.12808,0.150692,0.000224,0.078495,6,0.009508
5151,,,1,7,8,1,7,8,24,0.106719,0.123774,0.000001,0.285714,6,0.000732
9201,,,3,12,15,3,12,15,22,0.126867,0.146116,0.000003,0.142857,6,0.004578
9806515,,,9,7,16,9,7,16,30,0.076554,0.096719,0.000436,0.095833,6,0.006296
9271,,,2,6,8,2,6,8,22,0.126589,0.144533,0.000046,0.142857,6,0.001666
101210,,,1,2,3,1,2,3,28,0.077656,0.093006,0,0.166667,0,0.000574
101212,,,4,42,46,4,42,46,24,0.122795,0.157339,0.000269,0.149758,7,0.003482
5189,,,28,38,66,28,38,66,24,0.119325,0.153411,0.000352,0.143269,7,0.029719
3092,,,4,1,5,4,1,5,32,0.067039,0.079995,0.000026,0.05,7,0.00301
9409255,,,21,1,22,21,1,22,32,0.068144,0.086681,0.000334,0.207792,7,0.055828
7196,,,19,13,32,19,13,32,23,0.125614,0.154145,0.000566,0.2,7,0.019152
6056,,,20,20,40,20,20,40,24,0.121678,0.151851,0.000487,0.190691,7,0.020576
3275,,,10,59,69,10,59,69,24,0.113554,0.149932,0.008148,0.030264,11,0.008
9702238,,,2,1,3,2,1,3,40,0.044426,0.049152,0,0.166667,7,0.001979
9702239,,,17,1,18,17,1,18,45,0.036369,0.038858,0.000081,0.091503,8,0.017406
9702240,,,2,1,3,2,1,3,30,0.07392,0.084176,0.000089,0,13,0.004863
9702241,,,1,1,2,1,1,2,40,0.044425,0.049152,0,0,8,0.000579
9608342,,,7,4,11,7,4,11,40,0.044444,0.049577,0.000013,0.090909,8,0.012682
9702244,,,31,5,36,31,5,36,37,0.049939,0.05471,0.000536,0.169048,0,0.058049
9611376,,,2,1,3,2,1,3,38,0.047553,0.051336,0.000001,0.333333,0,0.005885
9702247,,,20,7,27,20,7,27,33,0.062468,0.073052,0.000218,0.163818,9,0.046997
9609451,,,19,4,23,19,4,23,35,0.055937,0.063742,0.000115,0.162055,9,0.044354
9606445,,,14,2,16,14,2,16,41,0.042577,0.047292,0.000094,0.079167,9,0.021163
101224,,,3,121,124,3,121,124,25,0.110323,0.156267,0.456603,0.034422,8,0.003085
9905410,,,3,7,10,3,7,10,26,0.095275,0.116729,0.037194,0.122222,10,0.002295
9909253,,,4,1,5,4,1,5,32,0.065871,0.076498,0.000001,0.05,8,0.003846
9711373,,,7,4,11,7,4,11,31,0.069888,0.080282,0.000329,0.109091,8,0.006092
9811484,,,6,3,9,6,3,9,32,0.066371,0.078377,0.00007,0.277778,8,0.005342
9906205,,,4,4,8,4,4,8,32,0.067233,0.081937,0.000244,0.232143,8,0.003991
9707269,,,6,14,20,6,14,20,34,0.059456,0.07105,0.000466,0.081579,8,0.005672
2081,,,5,8,13,5,8,13,31,0.071309,0.087651,0.000142,0.24359,8,0.003478
9801260,,,45,9,54,45,9,54,31,0.071027,0.086204,0.000247,0.138015,8,0.060946
9807405,,,11,8,19,11,8,19,31,0.07095,0.08579,0.000223,0.146199,8,0.008353
9810480,,,6,4,10,6,4,10,32,0.066566,0.079267,0.000103,0.155556,8,0.004408
7218,,,4,79,83,4,79,83,24,0.111342,0.155937,0.135416,0.039747,8,0.002562
9908275,,,1,1,2,1,1,2,33,0.062571,0.07305,0,0.5,8,0.000734
9705269,,,4,1,5,4,1,5,31,0.068828,0.077006,0.0001,0.05,8,0.002948
9902393,,,6,1,7,6,1,7,32,0.065871,0.076498,0.000003,0.238095,8,0.004247
9912379,,,9,19,28,9,19,28,31,0.072864,0.09579,0.002754,0.185185,8,0.008029
9705279,,,14,4,18,14,4,18,36,0.053183,0.060508,0.000002,0.30719,8,0.033815
8005,,,1,25,26,1,25,26,31,0.072937,0.09596,0.000966,0.198462,8,0.000734
9711434,,,6,3,9,6,3,9,32,0.066587,0.079894,0.000517,0.208333,8,0.00726
9911373,,,2,1,3,2,1,3,33,0.061288,0.068495,0,0.166667,8,0.001315
9812467,,,14,9,23,14,9,23,30,0.07566,0.09259,0.000064,0.249012,8,0.012403
7248,,,11,2,13,11,2,13,31,0.070288,0.08329,0.000004,0.121795,8,0.007714
9804379,,,35,16,51,35,16,51,31,0.071075,0.087217,0.000563,0.099216,8,0.034405
9904477,,,8,15,23,8,15,23,31,0.072081,0.092012,0.000285,0.225296,8,0.006882
9810275,,,21,11,32,21,11,32,31,0.071333,0.088181,0.000183,0.171371,8,0.018388
6121,,,3,3,6,3,3,6,32,0.065959,0.077719,0.000619,0.266667,8,0.002046
3177,,,13,27,40,13,27,40,31,0.073184,0.09762,0.004874,0.071795,8,0.009972
9908336,,,2,17,19,2,17,19,31,0.072079,0.092215,0.004726,0.143791,1,0.001305
8306,,,1,12,13,1,12,13,27,0.091044,0.116789,0.00224,0.134615,8,0.000734
9906409,,,5,14,19,5,14,19,31,0.071873,0.091005,0.000148,0.28655,8,0.004649
9802362,,,13,1,14,13,1,14,34,0.059334,0.068964,0.000011,0.214286,8,0.01489
9711227,,,55,12,67,55,12,67,30,0.075424,0.09062,0.001207,0.109679,8,0.080527
9712508,,,11,6,17,11,6,17,31,0.070627,0.083894,0.000016,0.25,8,0.013341
9702277,,,15,3,18,15,3,18,31,0.069976,0.081261,0.000531,0.075163,8,0.016931
9808262,,,11,14,25,11,14,25,31,0.071822,0.091777,0.000687,0.133333,8,0.008706
7303,,,3,15,18,3,15,18,30,0.07792,0.103282,0.000668,0.133987,8,0.001875
7305,,,3,9,12,3,9,12,31,0.071482,0.089026,0.002005,0.219697,8,0.001927
9806232,,,24,18,42,24,18,42,31,0.071444,0.089124,0.000142,0.174797,8,0.022747
9801369,,,16,15,31,16,15,31,30,0.075608,0.091787,0.000517,0.22043,8,0.023227
9909403,,,1,5,6,1,5,6,32,0.067182,0.082807,0.000154,0.233333,8,0.000734
7068,,,10,21,31,10,21,31,30,0.078156,0.105508,0.002393,0.116092,8,0.007416
9908387,,,10,25,35,10,25,35,31,0.072132,0.094158,0.001019,0.108403,8,0.008667
5028,,,7,16,23,7,16,23,31,0.073128,0.096773,0.00134,0.205534,8,0.005363
9802406,,,12,4,16,12,4,16,31,0.070118,0.082427,0.000692,0.158333,8,0.013429
9802411,,,22,7,29,22,7,29,31,0.070828,0.08521,0.000177,0.158867,8,0.02768
9805342,,,38,12,50,38,12,50,30,0.075694,0.09248,0.000663,0.134286,8,0.044939
9905334,,,2,2,4,2,2,4,29,0.079795,0.093178,0.000063,0.166667,10,0.001439
9710266,,,7,1,8,7,1,8,42,0.040808,0.044357,0.000026,0.053571,8,0.006943
9901429,,,12,16,28,12,16,28,30,0.076751,0.097303,0.001169,0.201058,8,0.010038
9710290,,,4,1,5,4,1,5,34,0.059272,0.068545,0.000001,0.3,8,0.010179
9805434,,,4,3,7,4,3,7,32,0.066384,0.077985,0.000343,0.233333,8,0.00302
9903327,,,8,9,17,8,9,17,30,0.075701,0.092979,0.000118,0.227941,8,0.00643
9905376,,,7,18,25,7,18,25,31,0.071925,0.091357,0.0002,0.221667,8,0.006955
9910256,,,2,2,4,2,2,4,27,0.086994,0.102357,0.00001,0.416667,10,0.001309
9701371,,,5,2,7,5,2,7,36,0.053037,0.059434,0.000204,0.071429,8,0.005462
101225,,,3,36,39,3,36,39,28,0.084697,0.113533,0.000031,0.151822,8,0.001927
7232,,,3,36,39,3,36,39,27,0.087545,0.115605,0.001693,0.101215,8,0.001831
8214,,,11,13,24,11,13,24,28,0.086025,0.113176,0.000337,0.268116,8,0.009276
9710427,,,28,12,40,28,12,40,30,0.075682,0.091993,0.000944,0.203205,8,0.050693
4143,,,6,7,13,6,7,13,31,0.07285,0.094967,0.000862,0.160256,8,0.003695
9707254,,,18,10,28,18,10,28,36,0.053562,0.06242,0.000014,0.25,8,0.042425
9712251,,,24,11,35,24,11,35,30,0.075379,0.09073,0.000436,0.194958,8,0.038253
9804284,,,11,15,26,11,15,26,30,0.076054,0.09439,0.000154,0.226154,8,0.02125
9806267,,,10,21,31,10,21,31,31,0.071434,0.089049,0.000065,0.196774,8,0.008713
9702252,,,5,1,6,5,1,6,33,0.062106,0.071617,0.000074,0.166667,8,0.004364
101230,,,1,49,50,1,49,50,24,0.119834,0.154002,0.00001,0.190612,0,0.000635
9901312,,,4,15,19,4,15,19,31,0.072039,0.091952,0.000179,0.207602,0,0.003368
9704347,,,19,21,40,19,21,40,31,0.071622,0.090403,0.002623,0.113462,0,0.055694
9809435,,,5,3,8,5,3,8,33,0.062255,0.071669,0.000044,0.089286,0,0.003902
3111,,,3,28,31,3,28,31,27,0.09537,0.12948,0.00018,0.221505,0,0.002135
11055,,,6,67,73,6,67,73,23,0.130989,0.171441,0.000584,0.109399,0,0.004532
9704389,,,11,15,26,11,15,26,32,0.067082,0.083786,0.000368,0.118462,0,0.015009
6119,,,4,34,38,4,34,38,24,0.11405,0.141088,0.000089,0.189189,0,0.00266
9705469,,,11,6,17,11,6,17,33,0.062435,0.072755,0.00009,0.235294,0,0.024411
9702255,,,6,6,12,6,6,12,33,0.062375,0.071853,0.000108,0.295455,0,0.004916
101232,,,4,5,9,4,5,9,24,0.107124,0.122446,0.001621,0.111111,6,0.002563
11243,,,3,1,4,3,1,4,26,0.085623,0.092512,0.000016,0.25,11,0.002794
11287,,,1,3,4,1,3,4,24,0.102274,0.113286,0,0.333333,11,0.000746
101235,,,1,15,16,1,15,16,32,0.069407,0.091863,0.000081,0.1875,8,0.000568
9812450,,,4,1,5,4,1,5,42,0.040825,0.044537,0,0.15,8,0.002592
9708388,,,8,1,9,8,1,9,36,0.05308,0.059594,0,0.291667,8,0.011015
9711335,,,6,5,11,6,5,11,35,0.056141,0.065226,0.000021,0.181818,8,0.005214
9905513,,,1,6,7,1,6,7,34,0.060254,0.075323,0.000002,0.214286,8,0.000568
4172,,,5,15,20,5,15,20,32,0.069134,0.090778,0.0001,0.105263,8,0.0029
9810241,,,15,12,27,15,12,27,35,0.056587,0.068664,0.000467,0.081197,8,0.015556
9806355,,,10,2,12,10,2,12,41,0.042558,0.046918,0.000082,0.121212,8,0.008345
3100,,,5,8,13,5,8,13,32,0.069026,0.089753,0.001552,0.25641,8,0.005072
9607438,,,4,1,5,4,1,5,40,0.044437,0.049297,0.000002,0.1,8,0.003365
9611445,,,12,2,14,12,2,14,41,0.042541,0.0468,0.000002,0.192308,11,0.013535
101244,,,7,16,23,7,16,23,21,0.134315,0.162018,0.000155,0.035573,2,0.005866
4129,,,4,47,51,4,47,51,23,0.109733,0.147519,0.000683,0.151373,3,0.005156
11245,,,20,24,44,20,24,44,25,0.108895,0.141268,0.000948,0.117336,2,0.052979
8056,,,16,4,20,16,4,20,25,0.096482,0.11663,0.000004,0.128947,2,0.018558
8222,,,23,2,25,23,2,25,24,0.09999,0.123423,0.000023,0.091667,2,0.028278
8245,,,13,15,28,13,15,28,27,0.081734,0.098564,0.000041,0.287749,2,0.012149
9702270,,,7,9,16,7,9,16,34,0.059351,0.069589,0.000079,0.3125,12,0.01293
9702272,,,1,1,2,1,1,2,30,0.073914,0.08429,0,0.5,10,0.000579
9702275,,,3,1,4,3,1,4,36,0.052545,0.057891,0,0.083333,0,0.002503
9512348,,,34,6,40,34,6,40,33,0.063838,0.078307,0.003347,0.034615,12,0.048171
9702278,,,2,1,3,2,1,3,32,0.066543,0.078373,0.000086,0.166667,7,0.001183
9702279,,,1,9,10,1,9,10,33,0.063148,0.076554,0.000199,0,4,0.001561
9512400,,,2,3,5,2,3,5,42,0.040815,0.044631,0.00007,0.15,4,0.002151
9611217,,,22,12,34,22,12,34,32,0.067286,0.083335,0.000394,0.061497,6,0.05675
9611394,,,1,3,4,1,3,4,34,0.058789,0.066861,0,0,6,0.000608
9610419,,,8,4,12,8,4,12,37,0.050116,0.055822,0.000073,0.05303,2,0.008323
9511415,,,4,1,5,4,1,5,43,0.039212,0.042377,0,0.15,4,0.002802
9605258,,,4,3,7,4,3,7,43,0.03923,0.042728,0.000003,0,3,0.00403
9610529,,,9,2,11,9,2,11,41,0.042557,0.046946,0.000138,0.181818,11,0.007546
9908486,,,7,9,16,7,9,16,34,0.061914,0.083045,0.000028,0.266667,11,0.005567
9352,,,1,5,6,1,5,6,25,0.103136,0.123929,0.000018,0.266667,11,0.000571
9705294,,,5,5,10,5,5,10,41,0.042573,0.047306,0.000007,0.188889,11,0.004118
9706388,,,2,4,6,2,4,6,37,0.051094,0.05886,0.000001,0.166667,11,0.001685
9811481,,,23,10,33,23,10,33,34,0.060768,0.077141,0.000179,0.145833,11,0.023123
101259,,,4,18,22,4,18,22,24,0.127631,0.167408,0.000023,0.170996,7,0.004314
8226,,,11,43,54,11,43,54,24,0.129123,0.173765,0.001178,0.104822,7,0.010147
8298,,,7,11,18,7,11,18,25,0.106331,0.132277,0.000081,0.20915,7,0.005573
9908340,,,4,46,50,4,46,50,26,0.098212,0.126801,0.000042,0.166122,7,0.003958
101260,,,2,26,28,2,26,28,23,0.127589,0.157686,0.000254,0.125661,11,0.001198
9707510,,,26,8,34,26,8,34,34,0.059852,0.072066,0.000321,0.13369,11,0.031041
9807222,,,9,5,14,9,5,14,35,0.056483,0.066159,0.000004,0.236264,11,0.012326
9903249,,,4,8,12,4,8,12,27,0.086915,0.107504,0.000012,0.348485,11,0.004476
5024,,,10,35,45,10,35,45,24,0.124676,0.166789,0.001084,0.050505,6,0.006838
11373,,,1,9,10,1,9,10,28,0.088547,0.107043,0.00016,0.066667,11,0.000625
104258,,,6,42,48,6,42,48,20,0.158161,0.198518,0.000194,0.140514,6,0.004925
4205,,,6,7,13,6,7,13,22,0.132306,0.155098,0.000054,0.121795,6,0.005995
102098,,,19,37,56,19,37,56,20,0.146885,0.183491,0.000551,0.094481,6,0.030248
9911496,,,12,8,20,12,8,20,23,0.118423,0.137321,0.000202,0.118421,6,0.017584
11359,,,10,24,34,10,24,34,23,0.13072,0.163628,0.000089,0.114082,6,0.018065
7202,,,7,17,24,7,17,24,23,0.126811,0.155684,0.000386,0.063406,6,0.00567
102181,,,9,32,41,9,32,41,20,0.14305,0.174081,0.000699,0.114024,6,0.013343
102324,,,25,51,76,25,51,76,20,0.158768,0.203314,0.00042,0.151892,6,0.030215
102200,,,2,3,5,2,3,5,31,0.06969,0.080122,0.000008,0.05,6,0.00148
9702286,,,1,7,8,1,7,8,40,0.044481,0.050048,0.000082,0.071429,8,0.000571
9606448,,,1,1,2,1,1,2,40,0.044426,0.049153,0,0.5,8,0.000568
9605383,,,4,1,5,4,1,5,40,0.044425,0.049152,0.000152,0.05,8,0.003364
9609245,,,8,3,11,8,3,11,40,0.044432,0.049334,0.000077,0.172727,8,0.010337
9702287,,,34,32,66,34,32,66,33,0.063273,0.07887,0.002905,0.046853,5,0.037807
9604234,,,13,5,18,13,5,18,38,0.048771,0.056148,0.000067,0.281046,5,0.036148
9608213,,,8,1,9,8,1,9,40,0.044427,0.049228,0.000163,0.180556,1,0.009521
9605209,,,15,1,16,15,1,16,41,0.042551,0.04686,0.000683,0.1,8,0.024725
9609368,,,7,11,18,7,11,18,38,0.048792,0.056962,0.000062,0.267974,12,0.017562
9607333,,,1,5,6,1,5,6,39,0.046521,0.05311,0,0.4,5,0.003181
9611302,,,14,7,21,14,7,21,34,0.059016,0.069049,0.000264,0.102381,5,0.019736
9607466,,,13,4,17,13,4,17,33,0.063006,0.074855,0.000031,0.132353,5,0.018556
9605419,,,15,17,32,15,17,32,32,0.067171,0.08245,0.002465,0.109879,5,0.025023
9609337,,,1,7,8,1,7,8,39,0.046532,0.053345,0.000022,0.232143,5,0.003181
101264,,,1,13,14,1,13,14,25,0.115099,0.146173,0.000014,0.093407,10,0.000688
9805500,,,8,37,45,8,37,45,28,0.088562,0.114146,0.000532,0.066667,10,0.007104
8124,,,2,75,77,2,75,77,26,0.109038,0.15163,0.003251,0.033835,10,0.001551
9609298,,,9,1,10,9,1,10,39,0.046509,0.052569,0.000129,0.055556,5,0.010885
9702290,,,2,3,5,2,3,5,31,0.069958,0.080955,0.000004,0.05,6,0.001192
9609443,,,54,9,63,54,9,63,35,0.055997,0.064461,0.000588,0.072709,9,0.096217
9511218,,,13,1,14,13,1,14,46,0.035088,0.037308,0,0.142857,4,0.032875
9702292,,,9,7,16,9,7,16,32,0.066446,0.07817,0.000695,0.079167,6,0.025674
9604314,,,8,2,10,8,2,10,40,0.044457,0.049807,0.000092,0.133333,6,0.022
9702293,,,3,2,5,3,2,5,28,0.087437,0.106743,0.000052,0.2,13,0.002006
9607244,,,10,1,11,10,1,11,33,0.063937,0.079209,0.000504,0.090909,8,0.009761
9702294,,,2,2,4,2,2,4,35,0.056701,0.066127,0.000036,0.25,13,0.001614
9611322,,,7,2,9,7,2,9,34,0.060103,0.071905,0.000384,0.194444,13,0.005077
9512259,,,5,1,6,5,1,6,41,0.042537,0.046623,0.000079,0.066667,13,0.003098
9702295,,,2,3,5,2,3,5,40,0.044473,0.049909,0.00008,0.05,4,0.002039
101273,,,10,11,21,10,11,21,25,0.100263,0.123944,0.000116,0.121429,2,0.016611
4193,,,6,5,11,6,5,11,26,0.091136,0.110446,0.000003,0.172727,2,0.011535
9911458,,,11,5,16,11,5,16,38,0.048733,0.055743,0.000014,0.245833,2,0.009908
12168,,,2,4,6,2,4,6,24,0.095604,0.115472,0.000005,0.2,2,0.008964
12089,,,7,4,11,7,4,11,25,0.093964,0.116168,0.00003,0.209091,2,0.013741
3163,,,17,11,28,17,11,28,25,0.100029,0.126378,0.000233,0.141534,2,0.040274
9901404,,,33,5,38,33,5,38,33,0.062293,0.072261,0.000029,0.055477,2,0.053476
9339,,,6,13,19,6,13,19,25,0.099438,0.124054,0.000932,0.125731,2,0.012202
9702298,,,14,7,21,14,7,21,36,0.053617,0.06155,0.000736,0.066667,2,0.062359
101275,,,3,15,18,3,15,18,25,0.100958,0.124759,0.00028,0.313726,8,0.001877
7192,,,11,17,28,11,17,28,29,0.080658,0.107173,0.000819,0.116402,8,0.007151
7261,,,7,18,25,7,18,25,27,0.093687,0.123369,0.000378,0.115,8,0.004608
101276,,,7,28,35,7,28,35,23,0.13817,0.179542,0.000081,0.147059,7,0.005475
11392,,,6,44,50,6,44,50,24,0.127199,0.164397,0.00236,0.119473,7,0.005777
11355,,,5,67,72,5,67,72,23,0.139094,0.183647,0.000729,0.089441,7,0.004381
9702301,,,8,4,12,8,4,12,34,0.05974,0.070845,0.000001,0.280303,4,0.007518
101278,,,5,31,36,5,31,36,19,0.157955,0.188135,0.000285,0.162698,3,0.003386
9911327,,,6,18,24,6,18,24,23,0.102382,0.131303,0.000104,0.161232,9,0.004817
7350,,,12,5,17,12,5,17,25,0.099547,0.121088,0.000049,0.147059,3,0.008186
7226,,,12,45,57,12,45,57,23,0.125135,0.158733,0.000602,0.135338,3,0.008539
101279,,,2,5,7,2,5,7,30,0.077668,0.100271,0.000005,0.02381,8,0.001257
9811225,,,8,5,13,8,5,13,37,0.051048,0.058476,0.000002,0.141026,8,0.00713
9708370,,,12,1,13,12,1,13,41,0.042541,0.046687,0.000105,0.025641,8,0.017016
9907301,,,3,21,24,3,21,24,30,0.078744,0.109437,0.000213,0.097826,8,0.001898
9911375,,,4,3,7,4,3,7,29,0.080524,0.095638,0.000125,0,8,0.003912
9702304,,,4,4,8,4,4,8,35,0.05682,0.067497,0.000061,0.375,4,0.005275
9610296,,,7,9,16,7,9,16,34,0.059731,0.07125,0.000159,0.091667,4,0.012812
9606323,,,18,3,21,18,3,21,34,0.060164,0.072733,0.000365,0.152381,4,0.033144
9609325,,,11,5,16,11,5,16,34,0.060197,0.073316,0.000403,0.1875,4,0.019159
9607413,,,5,2,7,5,2,7,34,0.059655,0.070089,0.000089,0.190476,5,0.009197
9606231,,,27,4,31,27,4,31,30,0.073933,0.084528,0.001342,0.137634,5,0.033549
9510455,,,10,3,13,10,3,13,40,0.044434,0.049464,0.000005,0.089744,5,0.014396
9609437,,,26,5,31,26,5,31,34,0.059693,0.070691,0.00027,0.07957,5,0.026209
9612335,,,5,4,9,5,4,9,35,0.05639,0.065415,0.000119,0.194444,5,0.00831
9702308,,,9,5,14,9,5,14,46,0.03512,0.037881,0.00011,0.076923,2,0.015744
9611231,,,2,1,3,2,1,3,48,0.032799,0.034666,0,0.5,2,0.002293
9612471,,,3,2,5,3,2,5,48,0.032801,0.034742,0.000051,0.2,2,0.006216
9610494,,,4,1,5,4,1,5,47,0.033909,0.035993,0.000158,0.15,2,0.00371
9612391,,,6,1,7,6,1,7,47,0.033913,0.036067,0.000079,0.095238,2,0.015064
9702309,,,4,1,5,4,1,5,35,0.056588,0.065346,0,0.3,13,0.004612
9702310,,,9,23,32,9,23,32,32,0.067108,0.082134,0.000273,0.103831,1,0.019522
9610363,,,11,5,16,11,5,16,32,0.06696,0.080072,0.000214,0.125,1,0.020146
101287,,,2,1,3,2,1,3,32,0.067733,0.0754,0.000083,0.166667,7,0.001135
9702312,,,6,17,23,6,17,23,31,0.071352,0.087939,0.000167,0.083004,7,0.007904
9607392,,,35,11,46,35,11,46,31,0.071789,0.089248,0.00138,0.055556,7,0.11915
9609449,,,39,15,54,39,15,54,31,0.071222,0.086717,0.000772,0.106918,7,0.077052
9701399,,,7,1,8,7,1,8,32,0.066572,0.078346,0,0.107143,7,0.007932
9907356,,,1,5,6,1,5,6,33,0.062607,0.072986,0.000003,0.333333,8,0.000641
9609342,,,24,10,34,24,10,34,32,0.066439,0.079937,0.000639,0.089718,2,0.063579
9702320,,,11,5,16,11,5,16,34,0.060128,0.07246,0.000024,0.108333,5,0.016759
9702321,,,2,1,3,2,1,3,42,0.040808,0.044393,0.000114,0.166667,11,0.001851
9607283,,,1,1,2,1,1,2,41,0.042542,0.046703,0.000114,0,11,0.000655
9702322,,,48,7,55,48,7,55,32,0.066602,0.079027,0.000011,0.144781,7,0.160572
9702324,,,2,2,4,2,2,4,36,0.052553,0.058045,0.000065,0.166667,2,0.009117
9606266,,,6,2,8,6,2,8,45,0.036365,0.038929,0.000002,0.196429,2,0.006041
9702325,,,8,2,10,8,2,10,33,0.062538,0.072987,0.000131,0.055556,11,0.008409
101302,,,1,12,13,1,12,13,28,0.094628,0.12022,0,0.262821,12,0.000568
9801380,,,8,4,12,8,4,12,40,0.044457,0.049778,0.000002,0.159091,12,0.006431
9810437,,,8,2,10,8,2,10,36,0.053705,0.06223,0,0.422222,12,0.005735
8043,,,4,10,14,4,10,14,27,0.095649,0.117293,0.000074,0.263736,12,0.00238
3020,,,5,12,17,5,12,17,27,0.099501,0.128752,0.000305,0.198529,12,0.003129
10096,,,2,11,13,2,11,13,28,0.095774,0.124473,0.000015,0.25641,12,0.001135
9810322,,,9,2,11,9,2,11,35,0.05674,0.067333,0.000235,0.354545,12,0.006744
9903364,,,7,3,10,7,3,10,36,0.053711,0.062305,0,0.422222,12,0.004798
9910204,,,6,3,9,6,3,9,36,0.053711,0.062202,0,0.458333,12,0.00393
8094,,,2,10,12,2,10,12,27,0.092818,0.112124,0.000053,0.227273,12,0.001135
101305,,,5,28,33,5,28,33,27,0.101595,0.132268,0.000355,0.214718,1,0.003788
5066,,,8,19,27,8,19,27,27,0.09865,0.122238,0.000247,0.14245,1,0.006502
10334,,,10,17,27,10,17,27,27,0.096978,0.123254,0.000101,0.209402,1,0.006859
8102,,,15,44,59,15,44,59,26,0.105617,0.1396,0.002974,0.117475,1,0.01288
7251,,,3,22,25,3,22,25,27,0.098163,0.124257,0.00008,0.303333,1,0.003354
108084,,,3,33,36,3,33,36,27,0.103208,0.137145,0.000194,0.229055,1,0.002032
4087,,,4,18,22,4,18,22,27,0.09831,0.125488,0.000003,0.294372,1,0.002908
101306,,,1,10,11,1,10,11,26,0.093084,0.109539,0.000178,0.254545,3,0.000568
9906240,,,1,2,3,1,2,3,25,0.092111,0.110473,0.000037,0.166667,3,0.000568
8035,,,1,8,9,1,8,9,26,0.09042,0.103462,0,0.347222,3,0.000568
3011,,,6,2,8,6,2,8,26,0.088806,0.099513,0.000007,0.25,3,0.003869
9702331,,,15,5,20,15,5,20,34,0.060144,0.07278,0.000086,0.157895,1,0.040284
9606288,,,1,4,5,1,4,5,39,0.046492,0.052379,0.000013,0.2,1,0.001823
9611334,,,5,1,6,5,1,6,32,0.067156,0.0815,0.001172,0.1,6,0.007129
9611327,,,1,1,2,1,1,2,34,0.058751,0.066339,0.000001,0,6,0.001823
9610457,,,4,18,22,4,18,22,33,0.063454,0.077634,0.000437,0.075758,6,0.00591
9612279,,,17,2,19,17,2,19,33,0.062937,0.07397,0.000421,0.081871,6,0.018465
101311,,,2,3,5,2,3,5,26,0.098984,0.118664,0.000113,0.1,11,0.001268
10017,,,12,23,35,12,23,35,25,0.108706,0.136735,0.00423,0.029412,11,0.007623
9702337,,,10,6,16,10,6,16,31,0.071175,0.085525,0.000032,0.15,7,0.015671
9608450,,,13,1,14,13,1,14,39,0.046497,0.052287,0.00041,0.148352,7,0.015643
9702338,,,2,1,3,2,1,3,33,0.063801,0.077754,0.000003,0.166667,7,0.001306
9702340,,,3,2,5,3,2,5,30,0.074511,0.086179,0.000522,0.05,0,0.001966
9611201,,,1,1,2,1,1,2,35,0.05537,0.061321,0.000001,0,0,0.00069
9702341,,,5,8,13,5,8,13,34,0.059604,0.070045,0.000032,0.224359,1,0.011919
101318,,,4,7,11,4,7,11,26,0.094936,0.11365,0.000134,0.118182,8,0.002617
9609250,,,7,2,9,7,2,9,41,0.04254,0.046719,0.000074,0.25,8,0.007298
9705413,,,12,1,13,12,1,13,41,0.042537,0.046613,0.000038,0.038462,8,0.00951
9907495,,,15,13,28,15,13,28,25,0.104764,0.132449,0.001855,0.079772,8,0.013934
9805495,,,6,5,11,6,5,11,34,0.059115,0.067717,0.000218,0.190909,8,0.004477
9702344,,,2,1,3,2,1,3,36,0.053436,0.060982,0.000078,0,4,0.00292
9611248,,,11,3,14,11,3,14,35,0.05645,0.066008,0.000121,0.082418,6,0.018056
3017,,,1,22,23,1,22,23,30,0.075818,0.092302,0.00024,0.118577,13,0.000576
9911300,,,3,2,5,3,2,5,33,0.061468,0.068498,0.000154,0.05,13,0.001785
9910216,,,1,2,3,1,2,3,30,0.075013,0.087425,0,0.5,13,0.000568
9806476,,,1,3,4,1,3,4,30,0.075029,0.087637,0,0.333333,13,0.000568
9807490,,,2,4,6,2,4,6,30,0.075189,0.088686,0.000001,0.3,13,0.001425
9905231,,,1,2,3,1,2,3,31,0.069957,0.080487,0,0.333333,13,0.000568
9804439,,,3,2,5,3,2,5,31,0.070479,0.08198,0.000005,0.3,13,0.002061
9806372,,,2,2,4,2,2,4,31,0.069863,0.079872,0,0.416667,13,0.001425
9803419,,,6,2,8,6,2,8,30,0.075103,0.087947,0.000101,0.25,13,0.003957
9803301,,,14,2,16,14,2,16,31,0.069988,0.080594,0.00029,0.166667,0,0.009683
9910437,,,7,9,16,7,9,16,27,0.08945,0.114387,0.000051,0.241667,0,0.00558
9905256,,,1,1,2,1,1,2,33,0.061083,0.068048,0,0.5,0,0.000646
9912505,,,3,17,20,3,17,20,27,0.090623,0.115678,0.000079,0.207895,0,0.001908
2076,,,4,14,18,4,14,18,27,0.092123,0.118235,0.00009,0.189542,0,0.0026
9708386,,,6,22,28,6,22,28,34,0.060019,0.074291,0.000062,0.160053,12,0.006161
9704297,,,23,23,46,23,23,46,34,0.059469,0.071624,0.000534,0.148309,12,0.030837
9812202,,,7,19,26,7,19,26,33,0.064253,0.082885,0.000649,0.098462,12,0.010351
9809247,,,13,20,33,13,20,33,33,0.063108,0.076904,0.000123,0.234848,12,0.0117
9809450,,,4,5,9,4,5,9,34,0.059981,0.072595,0.000001,0.291667,12,0.004321
9609311,,,9,2,11,9,2,11,41,0.042547,0.046768,0.00005,0.127273,5,0.01082
3022,,,11,22,33,11,22,33,22,0.133304,0.160934,0.000516,0.177083,6,0.010065
9702351,,,1,3,4,1,3,4,35,0.056701,0.066166,0.000018,0.25,13,0.000869
9610520,,,2,1,3,2,1,3,42,0.040804,0.044339,0.000018,0.333333,13,0.00153
9702355,,,9,7,16,9,7,16,35,0.055667,0.063475,0.000124,0.045833,11,0.014786
9511224,,,4,5,9,4,5,9,40,0.044439,0.049711,0.00008,0.055556,11,0.009534
9509431,,,2,2,4,2,2,4,39,0.046493,0.05227,0.000008,0,11,0.001968
3028,,,4,6,10,4,6,10,30,0.079375,0.095181,0.000052,0.244444,1,0.002678
9901394,,,24,7,31,24,7,31,31,0.071844,0.089849,0.000394,0.111828,1,0.02029
9909495,,,2,11,13,2,11,13,29,0.084944,0.102675,0.000072,0.147436,1,0.001413
9910488,,,6,5,11,6,5,11,31,0.07125,0.08653,0.000036,0.254545,1,0.004204
9809341,,,16,3,19,16,3,19,31,0.070545,0.083688,0.000059,0.137427,1,0.012437
9904478,,,8,3,11,8,3,11,31,0.071244,0.086417,0.000033,0.181818,1,0.005537
3029,,,1,36,37,1,36,37,26,0.099945,0.133686,0.000412,0.130631,0,0.000715
9809506,,,12,28,40,12,28,40,30,0.076641,0.098544,0.000652,0.119872,0,0.011973
9911488,,,2,4,6,2,4,6,31,0.071877,0.089151,0.000089,0.033333,0,0.001148
9812406,,,1,7,8,1,7,8,32,0.06753,0.083212,0.000002,0.107143,0,0.000574
101334,,,5,37,42,5,37,42,23,0.114563,0.153471,0.000353,0.089431,2,0.003924
9910320,,,22,29,51,22,29,51,23,0.108471,0.141426,0.00071,0.133725,9,0.021966
101335,,,1,12,13,1,12,13,27,0.092856,0.114991,0.000001,0.230769,8,0.000682
9907498,,,5,4,9,5,4,9,31,0.07075,0.08457,0.000074,0.25,8,0.003729
9801233,,,12,7,19,12,7,19,35,0.056124,0.064913,0.000179,0.149123,8,0.018219
9808479,,,7,9,16,7,9,16,31,0.070496,0.083943,0.000002,0.241667,8,0.005616
3032,,,10,30,40,10,30,40,27,0.099521,0.124649,0.000428,0.220648,1,0.007402
9607233,,,14,1,15,14,1,15,42,0.040817,0.044633,0.000005,0.119048,1,0.022453
9910424,,,2,35,37,2,35,37,26,0.106143,0.1323,0.000314,0.157658,1,0.001945
3107,,,10,34,44,10,34,44,27,0.099682,0.125378,0.000622,0.21041,1,0.008189
3033,,,17,129,146,17,129,146,23,0.131993,0.182169,0.003682,0.025366,5,0.013322
9912320,,,1,4,5,1,4,5,34,0.059468,0.070081,0.000079,0.2,11,0.001616
9907462,,,4,65,69,4,65,69,27,0.094335,0.133452,0.000347,0.059037,5,0.004204
2305,,,1,4,5,1,4,5,24,0.113081,0.13862,0.000073,0.1,5,0.001616
9712394,,,7,1,8,7,1,8,43,0.039205,0.042296,0.000079,0.25,5,0.006194
9608460,,,16,1,17,16,1,17,40,0.044446,0.049532,0,0.334559,5,0.02811
9703450,,,14,6,20,14,6,20,30,0.075327,0.089731,0.000434,0.144737,5,0.01511
9805358,,,8,12,20,8,12,20,32,0.067545,0.08695,0.000241,0.102632,5,0.009051
9704244,,,18,2,20,18,2,20,34,0.059653,0.070103,0.000014,0.142105,5,0.01638
9807420,,,2,4,6,2,4,6,34,0.060758,0.078871,0.000101,0.2,5,0.002351
9708349,,,9,9,18,9,9,18,31,0.070735,0.085834,0.000138,0.150327,1,0.009127
9808217,,,3,3,6,3,3,6,32,0.066544,0.079476,0.00002,0.233333,5,0.004279
9906268,,,4,17,21,4,17,21,27,0.089352,0.112882,0.00008,0.1,6,0.003703
9704288,,,7,7,14,7,7,14,33,0.062587,0.073818,0.000005,0.076923,5,0.006589
9611367,,,13,1,14,13,1,14,40,0.044446,0.049532,0,0.252747,5,0.014713
9903212,,,1,4,5,1,4,5,33,0.063529,0.078877,0.000001,0.35,6,0.001616
9911407,,,1,2,3,1,2,3,32,0.067228,0.081429,0.000031,0.333333,5,0.001616
9902202,,,2,25,27,2,25,27,27,0.090208,0.116312,0.000101,0.096866,5,0.006237
9705341,,,20,19,39,20,19,39,30,0.076001,0.094694,0.007328,0.094467,5,0.026132
9907326,,,2,4,6,2,4,6,34,0.059572,0.070797,0.000006,0.066667,6,0.004616
9811330,,,1,12,13,1,12,13,31,0.071043,0.087157,0.000021,0.173077,5,0.001616
9912458,,,5,4,9,5,4,9,32,0.067148,0.082776,0.000007,0.194444,5,0.005217
9910412,,,5,9,14,5,9,14,32,0.06842,0.08948,0.000381,0.131868,1,0.006526
9811430,,,2,12,14,2,12,14,33,0.065006,0.089112,0.000011,0.065934,4,0.002202
9706412,,,8,4,12,8,4,12,32,0.066523,0.079177,0,0.333333,5,0.01383
9907375,,,1,8,9,1,8,9,31,0.071151,0.087239,0.000037,0.305556,5,0.001616
9709493,,,3,2,5,3,2,5,34,0.059591,0.070676,0.000006,0.1,5,0.002958
9805498,,,11,8,19,11,8,19,31,0.07124,0.088135,0.000073,0.175439,5,0.008606
9811482,,,3,7,10,3,7,10,34,0.059418,0.069839,0.000019,0.122222,5,0.002754
9807558,,,4,2,6,4,2,6,34,0.059385,0.069469,0,0.333333,5,0.007705
9702350,,,20,4,24,20,4,24,31,0.07064,0.083789,0.000061,0.130435,5,0.020706
9712335,,,3,5,8,3,5,8,34,0.059885,0.073584,0.000063,0.107143,11,0.003988
9707223,,,17,9,26,17,9,26,31,0.070717,0.085589,0.0003,0.109231,1,0.016389
9709275,,,6,12,18,6,12,18,33,0.063747,0.081702,0.000094,0.143791,5,0.005735
9707229,,,5,3,8,5,3,8,34,0.059701,0.070373,0.000002,0.285714,5,0.006178
9808278,,,11,9,20,11,9,20,32,0.067709,0.087005,0.000311,0.121053,6,0.017972
9706218,,,12,6,18,12,6,18,33,0.063096,0.075742,0.000159,0.156863,5,0.015671
9709284,,,2,5,7,2,5,7,36,0.053643,0.063049,0.000006,0.190476,5,0.0034
9706489,,,12,1,13,12,1,13,35,0.055619,0.062639,0.000328,0.102564,5,0.014806
9806332,,,13,13,26,13,13,26,31,0.070309,0.083798,0.000033,0.190769,5,0.012286
9606397,,,16,1,17,16,1,17,41,0.042552,0.046768,0.000082,0.084559,5,0.014128
9803262,,,3,3,6,3,3,6,31,0.070685,0.084701,0,0.4,5,0.002887
3034,,,3,8,11,3,8,11,26,0.09177,0.113159,0.00002,0.018182,2,0.005456
9905426,,,7,13,20,7,13,20,26,0.091813,0.113151,0.000572,0.1,2,0.01469
9809206,,,10,11,21,10,11,21,37,0.051136,0.059941,0.000004,0.142857,2,0.018646
9811446,,,5,2,7,5,2,7,36,0.052547,0.057991,0,0.119048,2,0.005094
9907449,,,3,2,5,3,2,5,27,0.079281,0.089706,0.000005,0.05,2,0.003741
9808236,,,5,20,25,5,20,25,32,0.069084,0.094297,0.000097,0.125,2,0.007686
9702363,,,14,2,16,14,2,16,32,0.064575,0.071905,0.000085,0.091667,8,0.013665
9702364,,,4,2,6,4,2,6,41,0.042545,0.04672,0.000227,0.066667,11,0.00333
9507409,,,6,1,7,6,1,7,40,0.044429,0.049236,0.000265,0.02381,11,0.005448
9610393,,,1,1,2,1,1,2,41,0.042542,0.046645,0,0.5,11,0.00078
9702365,,,4,1,5,4,1,5,43,0.039214,0.042357,0.000101,0.05,13,0.003264
9609384,,,11,1,12,11,1,12,42,0.040812,0.044423,0.000165,0.106061,8,0.010472
101342,,,7,26,33,7,26,33,23,0.132574,0.168788,0.000721,0.081653,5,0.004745
102144,,,5,18,23,5,18,23,23,0.132553,0.168822,0.00026,0.075758,5,0.00345
9905281,,,23,3,26,23,3,26,33,0.065164,0.085763,0.000069,0.1,3,0.035991
9805446,,,3,6,9,3,6,9,33,0.063378,0.077815,0.000081,0.152778,11,0.004851
7304,,,4,20,24,4,20,24,25,0.10764,0.133666,0.000359,0.070652,5,0.004767
9903369,,,8,4,12,8,4,12,33,0.063751,0.077624,0.000124,0.136364,5,0.006339
3170,,,4,16,20,4,16,20,24,0.118731,0.151256,0.000411,0.114035,3,0.003498
9710229,,,4,5,9,4,5,9,34,0.059385,0.069816,0.000031,0.097222,4,0.003809
2022,,,7,16,23,7,16,23,25,0.107793,0.134267,0.000346,0.106061,5,0.005939
3181,,,4,9,13,4,9,13,25,0.096228,0.11784,0.000013,0.121795,11,0.003032
3249,,,3,28,31,3,28,31,24,0.121123,0.15591,0.000768,0.082796,3,0.004054
9812215,,,4,14,18,4,14,18,33,0.064304,0.082918,0.000486,0.035948,11,0.003665
9907365,,,5,28,33,5,28,33,31,0.074964,0.109381,0.000041,0.108902,0,0.00457
9805349,,,21,16,37,21,16,37,31,0.072688,0.097646,0.000729,0.099099,6,0.060716
9707436,,,25,10,35,25,10,35,34,0.059574,0.071732,0.000189,0.094118,6,0.044964
101345,,,3,4,7,3,4,7,30,0.074614,0.086836,0.000051,0.166667,10,0.001775
3042,,,7,6,13,7,6,13,32,0.066678,0.080791,0.000001,0.192308,8,0.004671
9906308,,,7,9,16,7,9,16,31,0.070174,0.082925,0.000038,0.133333,8,0.007243
9908411,,,5,5,10,5,5,10,31,0.070138,0.08239,0.00003,0.222222,8,0.0048
9802366,,,2,2,4,2,2,4,41,0.042542,0.046712,0.000005,0,8,0.00278
101347,,,5,26,31,5,26,31,23,0.11964,0.162459,0.000256,0.133333,9,0.006591
9712249,,,19,20,39,19,20,39,31,0.072095,0.094975,0.000941,0.064777,9,0.023736
9701381,,,27,3,30,27,3,30,35,0.055932,0.06361,0.000136,0.058621,9,0.044047
9810536,,,19,27,46,19,27,46,26,0.097516,0.123619,0.000206,0.128986,9,0.024216
9511323,,,6,1,7,6,1,7,46,0.035088,0.037315,0,0.238095,2,0.02188
101349,,,1,1,2,1,1,2,25,0.094161,0.113889,0,0,2,0.000686
11136,,,6,7,13,6,7,13,24,0.108392,0.134899,0.000239,0.025641,2,0.005946
10245,,,10,23,33,10,23,33,20,0.150671,0.184723,0.00042,0.089962,2,0.00784
9604242,,,16,1,17,16,1,17,46,0.035087,0.037281,0.000079,0.047794,2,0.029971
5267,,,4,10,14,4,10,14,24,0.103953,0.132689,0.000003,0.137363,2,0.004324
6078,,,24,13,37,24,13,37,24,0.102408,0.128817,0.000053,0.114286,2,0.064219
9905222,,,12,35,47,12,35,47,23,0.105387,0.133527,0.000169,0.156337,2,0.017324
7254,,,21,32,53,21,32,53,23,0.113846,0.153337,0.000521,0.088534,2,0.026403
11353,,,5,25,30,5,25,30,22,0.130291,0.178777,0.001427,0.071264,2,0.004353
9808489,,,12,8,20,12,8,20,34,0.060005,0.073396,0.00001,0.118421,2,0.053875
8177,,,1,23,24,1,23,24,24,0.110874,0.144583,0.000084,0.085145,2,0.001379
11263,,,8,43,51,8,43,51,23,0.121664,0.161181,0.000136,0.115686,2,0.007129
9702375,,,23,33,56,23,33,56,32,0.067099,0.082747,0.000642,0.039286,1,0.064423
9507364,,,3,2,5,3,2,5,41,0.042552,0.047023,0.000001,0.05,1,0.007957
101353,,,1,16,17,1,16,17,23,0.123041,0.148708,0.00024,0.102941,6,0.000771
9902352,,,10,11,21,10,11,21,29,0.083869,0.11092,0.000387,0.085714,6,0.01498
9811334,,,9,29,38,9,29,38,31,0.074101,0.104597,0.000393,0.064011,6,0.009896
9911344,,,1,1,2,1,1,2,43,0.039226,0.042588,0,0,6,0.000577
10018,,,1,13,14,1,13,14,23,0.118434,0.14055,0.000002,0.192308,6,0.000577
9702380,,,46,3,49,46,3,49,32,0.066612,0.079002,0.000081,0.144558,7,0.163551
9611411,,,2,4,6,2,4,6,32,0.066956,0.079931,0.000005,0.166667,1,0.009034
9702381,,,22,13,35,22,13,35,34,0.060234,0.073785,0.000826,0.065546,5,0.028182
9602274,,,8,1,9,8,1,9,33,0.0638,0.077752,0.000594,0.166667,13,0.007557
9607331,,,1,2,3,1,2,3,34,0.059985,0.070971,0.000079,0.166667,5,0.002393
9509255,,,8,1,9,8,1,9,44,0.037731,0.040514,0.000093,0.069444,6,0.009334
9605433,,,3,1,4,3,1,4,34,0.059978,0.070864,0,0.166667,5,0.003661
9702385,,,1,11,12,1,11,12,39,0.046582,0.05393,0.000225,0.075758,1,0.00266
9608433,,,21,1,22,21,1,22,40,0.044428,0.049231,0.002402,0.054113,1,0.019158
9611436,,,1,2,3,1,2,3,41,0.042554,0.046894,0.000065,0,1,0.00066
9609500,,,11,1,12,11,1,12,41,0.042549,0.046782,0.000239,0.098485,1,0.00842
9512248,,,21,1,22,21,1,22,40,0.044428,0.049218,0.000254,0.119048,1,0.020408
9606410,,,20,2,22,20,2,22,41,0.042549,0.04682,0.000005,0.11039,1,0.019091
9609388,,,5,7,12,5,7,12,39,0.046516,0.052975,0.000006,0.166667,5,0.006118
9610364,,,11,2,13,11,2,13,41,0.042579,0.047215,0.000007,0.108974,1,0.013131
9612408,,,12,1,13,12,1,13,41,0.04254,0.046642,0.000002,0.108974,1,0.012516
9605295,,,27,3,30,27,3,30,40,0.044437,0.049492,0.000817,0.086207,1,0.026934
9702386,,,3,2,5,3,2,5,35,0.056038,0.064085,0.000057,0.2,6,0.00724
9702388,,,1,1,2,1,1,2,43,0.039206,0.04228,0,0.5,13,0.000641
9609229,,,4,1,5,4,1,5,42,0.040802,0.044311,0.000153,0.05,13,0.002712
9702389,,,17,1,18,17,1,18,41,0.04254,0.04664,0.000035,0.088235,1,0.014002
9702390,,,2,19,21,2,19,21,33,0.063208,0.077551,0.00001,0.090476,6,0.002457
9605306,,,2,1,3,2,1,3,42,0.040814,0.044534,0.000002,0.166667,6,0.002723
3063,,,2,6,8,2,6,8,33,0.064094,0.08098,0.000067,0.178571,4,0.001778
9706272,,,5,5,10,5,5,10,34,0.059824,0.07185,0.000002,0.322222,4,0.006151
9605385,,,26,1,27,26,1,27,43,0.039213,0.0424,0.000143,0.094017,12,0.037144
9607451,,,6,2,8,6,2,8,42,0.040811,0.044507,0.000134,0.160714,12,0.012006
3066,,,4,5,9,4,5,9,25,0.097902,0.123654,0.000005,0.194444,2,0.002557
3068,,,6,16,22,6,16,22,27,0.08779,0.106236,0.000029,0.365801,0,0.004367
9901319,,,20,43,63,20,43,63,26,0.091729,0.111186,0.000796,0.116743,0,0.018092
9910441,,,9,16,25,9,16,25,27,0.087737,0.105919,0.000031,0.307971,0,0.006865
9909482,,,13,15,28,13,15,28,27,0.087972,0.107266,0.000091,0.250769,0,0.011085
9906287,,,13,6,19,13,6,19,27,0.084253,0.098191,0.000019,0.397661,0,0.011647
9709417,,,13,7,20,13,7,20,38,0.047674,0.052489,0.000031,0.318421,0,0.015638
9910214,,,7,32,39,7,32,39,27,0.087899,0.107554,0.000158,0.216599,0,0.005017
9806536,,,4,4,8,4,4,8,38,0.048548,0.055394,0.000145,0.071429,8,0.004836
9802376,,,4,1,5,4,1,5,42,0.040823,0.044576,0,0.1,12,0.00415
3072,,,2,13,15,2,13,15,26,0.093919,0.119508,0.000053,0.161905,2,0.001442
9708434,,,3,1,4,3,1,4,45,0.036364,0.038828,0.000078,0,0,0.001968
9803255,,,11,5,16,11,5,16,32,0.066587,0.078934,0.00007,0.129167,2,0.017673
9906207,,,2,5,7,2,5,7,27,0.089392,0.112962,0.003056,0.047619,0,0.001222
9603210,,,15,6,21,15,6,21,33,0.063947,0.079618,0.0011,0.047619,4,0.0306
9910404,,,1,49,50,1,49,50,22,0.123424,0.167463,0.000128,0.050204,7,0.000625
9903345,,,4,1,5,4,1,5,32,0.066975,0.079397,0,0.3,7,0.002504
9903346,,,2,6,8,2,6,8,32,0.067108,0.080785,0.000022,0.107143,5,0.001212
9711428,,,21,10,31,21,10,31,31,0.071281,0.088408,0.000374,0.165591,7,0.029144
9912308,,,4,6,10,4,6,10,32,0.065915,0.076256,0,0.277778,1,0.002888
9806266,,,12,47,59,12,47,59,31,0.072986,0.101777,0.000314,0.09059,7,0.014792
9708348,,,23,6,29,23,6,29,31,0.071276,0.08823,0.00013,0.123153,7,0.028861
9710379,,,17,1,18,17,1,18,34,0.059334,0.068964,0.000001,0.111111,8,0.017866
9702404,,,14,1,15,14,1,15,42,0.040823,0.044576,0.000086,0.166667,10,0.016323
9702406,,,5,1,6,5,1,6,28,0.086655,0.10417,0.00699,0.066667,10,0.003801
9606438,,,10,10,20,10,10,20,33,0.062335,0.072185,0.000109,0.181579,0,0.029905
9702410,,,13,6,19,13,6,19,34,0.058866,0.067728,0.000022,0.152047,4,0.040328
9705303,,,1,3,4,1,3,4,35,0.056641,0.067225,0,0.333333,9,0.000786
9704280,,,22,13,35,22,13,35,34,0.060036,0.074084,0.000218,0.241176,9,0.032898
9704338,,,39,1,40,39,1,40,34,0.059272,0.068544,0.000881,0.087179,9,0.067407
9703299,,,74,5,79,74,5,79,34,0.059222,0.06987,0.000049,0.151412,9,0.15363
9702412,,,14,5,19,14,5,19,36,0.052649,0.058784,0.000057,0.116959,9,0.026607
3085,,,2,5,7,2,5,7,24,0.098035,0.117407,0.000011,0.071429,4,0.001409
9802313,,,4,3,7,4,3,7,35,0.056199,0.065329,0.000083,0.142857,4,0.003085
9803450,,,8,5,13,8,5,13,35,0.056233,0.065702,0.000392,0.044872,4,0.007791
9709245,,,5,7,12,5,7,12,32,0.066538,0.078598,0.0003,0.068182,4,0.004811
9702414,,,11,2,13,11,2,13,42,0.040829,0.044663,0.000092,0.205128,6,0.008487
3087,,,3,14,17,3,14,17,33,0.064166,0.082524,0.000009,0.091912,1,0.001898
9810478,,,2,10,12,2,10,12,33,0.063595,0.079601,0.000009,0.136364,7,0.001848
9904398,,,2,6,8,2,6,8,33,0.063905,0.080054,0.00009,0.214286,1,0.001633
9709333,,,13,7,20,13,7,20,34,0.060237,0.074061,0.000069,0.102632,1,0.024684
9702417,,,8,2,10,8,2,10,30,0.075676,0.08986,0.000231,0.133333,8,0.006856
9702418,,,13,3,16,13,3,16,40,0.04449,0.050067,0.000341,0.141667,8,0.019336
9606246,,,7,1,8,7,1,8,41,0.042542,0.046648,0.000005,0.107143,8,0.007296
3091,,,7,8,15,7,8,15,28,0.08445,0.10687,0.000012,0.157143,6,0.00585
9802258,,,8,5,13,8,5,13,33,0.063583,0.079501,0.000203,0.089744,6,0.009063
9907206,,,9,7,16,9,7,16,28,0.084819,0.109323,0.000011,0.229167,6,0.009589
9707379,,,8,9,17,8,9,17,34,0.059491,0.070905,0.000364,0.073529,6,0.009647
9609202,,,21,5,26,21,5,26,38,0.048782,0.056311,0.000179,0.087692,12,0.040531
9610495,,,12,1,13,12,1,13,41,0.042535,0.046582,0.000001,0.115385,6,0.018226
9909449,,,3,10,13,3,10,13,36,0.053516,0.063057,0.000136,0.185897,8,0.002151
9702429,,,19,8,27,19,8,27,36,0.053676,0.06212,0.001744,0.162393,2,0.106314
9510312,,,11,2,13,11,2,13,45,0.036365,0.038929,0,0.205128,2,0.024754
9610257,,,2,1,3,2,1,3,43,0.039219,0.042469,0,0.166667,2,0.005059
9610383,,,3,5,8,3,5,8,37,0.050115,0.055823,0.000001,0.125,2,0.004013
3103,,,1,7,8,1,7,8,24,0.11046,0.140267,0.000021,0.053571,6,0.00079
9810374,,,21,21,42,21,21,42,30,0.078777,0.108604,0.000426,0.077816,6,0.031137
9910506,,,11,19,30,11,19,30,24,0.113769,0.140743,0.000342,0.083908,6,0.009604
3105,,,10,1,11,10,1,11,31,0.069091,0.078115,0.000023,0.227273,0,0.008057
9702436,,,11,3,14,11,3,14,33,0.062429,0.072111,0.000088,0.10989,2,0.014157
3109,,,3,45,48,3,45,48,22,0.133681,0.164813,0.000259,0.040337,5,0.001706
9707535,,,16,10,26,16,10,26,32,0.067216,0.084214,0.000294,0.092308,6,0.019852
9704222,,,31,7,38,31,7,38,40,0.044466,0.050321,0.00009,0.124467,1,0.045091
9707437,,,8,8,16,8,8,16,34,0.05975,0.071449,0.000269,0.195833,6,0.01171
9707487,,,5,8,13,5,8,13,34,0.05985,0.07226,0.00006,0.198718,6,0.005775
9912262,,,2,6,8,2,6,8,27,0.095101,0.113245,0,0.25,1,0.001254
9711322,,,14,13,27,14,13,27,32,0.067937,0.091047,0.000443,0.099715,6,0.022093
9711327,,,18,16,34,18,16,34,32,0.066643,0.07946,0.001448,0.108734,1,0.028367
9904228,,,2,3,5,2,3,5,32,0.067356,0.082706,0.00008,0.2,5,0.001592
9909503,,,1,10,11,1,10,11,27,0.088793,0.10887,0.000001,0.209091,5,0.000677
3110,,,1,5,6,1,5,6,26,0.090068,0.105559,0,0.466667,2,0.000777
9910433,,,7,9,16,7,9,16,26,0.091424,0.108751,0.000004,0.279167,2,0.006948
2048,,,5,5,10,5,5,10,31,0.072197,0.090718,0.000036,0.222222,1,0.003138
9710538,,,8,9,17,8,9,17,32,0.066315,0.078133,0.000093,0.194853,0,0.006956
9912278,,,5,24,29,5,24,29,29,0.083284,0.113951,0.000027,0.245074,0,0.004389
9903513,,,3,9,12,3,9,12,31,0.073281,0.095759,0.00002,0.257576,0,0.001935
9910514,,,2,1,3,2,1,3,34,0.060007,0.071291,0.000102,0.166667,1,0.001657
1243,,,5,9,14,5,9,14,26,0.100341,0.120907,0.000638,0.108974,1,0.0033
9712250,,,5,2,7,5,2,7,37,0.051023,0.057808,0.000221,0.190476,1,0.004752
9911291,,,5,7,12,5,7,12,32,0.06854,0.087372,0.000262,0.166667,8,0.003704
3115,,,3,28,31,3,28,31,26,0.106628,0.133436,0.000238,0.12043,1,0.001703
9806402,,,13,11,24,13,11,24,30,0.077264,0.098903,0.000421,0.132246,1,0.009735
9606216,,,8,4,12,8,4,12,35,0.055601,0.062427,0.000105,0.128788,11,0.008061
9712209,,,13,13,26,13,13,26,31,0.07057,0.084852,0.000317,0.136923,11,0.011823
9903328,,,10,27,37,10,27,37,31,0.072422,0.094205,0.00025,0.108859,11,0.006856
9911393,,,6,4,10,6,4,10,31,0.072016,0.089367,0.00001,0.188889,1,0.004044
9805224,,,11,7,18,11,7,18,30,0.077171,0.098091,0.000199,0.176471,1,0.008518
9904304,,,6,9,15,6,9,15,31,0.072185,0.090791,0.000086,0.161905,1,0.004429
9911411,,,3,5,8,3,5,8,31,0.072175,0.090584,0.000037,0.339286,1,0.001813
9903412,,,7,11,18,7,11,18,31,0.07275,0.094749,0.00002,0.19281,1,0.004693
9805432,,,3,2,5,3,2,5,33,0.062551,0.072659,0.000117,0.166667,11,0.001979
3118,,,5,28,33,5,28,33,27,0.100313,0.125549,0.000338,0.129735,1,0.003192
9905539,,,7,6,13,7,6,13,30,0.075887,0.09174,0.000042,0.363636,10,0.006163
9908439,,,2,6,8,2,6,8,30,0.077922,0.101443,0.000232,0.071429,1,0.001636
9804251,,,4,6,10,4,6,10,30,0.075176,0.08942,0.000058,0.433333,1,0.007106
9910364,,,1,11,12,1,11,12,28,0.087553,0.108703,0.000029,0.128788,10,0.000804
9809425,,,7,11,18,7,11,18,30,0.075602,0.091544,0.000002,0.297386,10,0.005398
9804201,,,17,6,23,17,6,23,30,0.075409,0.089932,0.000194,0.221344,10,0.01925
9805356,,,17,5,22,17,5,22,30,0.075351,0.089378,0.000001,0.268398,10,0.014675
9712531,,,11,8,19,11,8,19,31,0.072024,0.093537,0.000002,0.321637,7,0.044432
9911369,,,9,6,15,9,6,15,28,0.080948,0.103148,0.000546,0.07619,7,0.008447
9912387,,,2,8,10,2,8,10,27,0.087168,0.107087,0.000082,0.1,0,0.001459
9911257,,,7,7,14,7,7,14,27,0.085036,0.104651,0.000049,0.301282,0,0.006109
9908380,,,2,8,10,2,8,10,33,0.064853,0.086677,0.000001,0.166667,0,0.001208
9609441,,,13,6,19,13,6,19,31,0.069576,0.080052,0.000239,0.140351,0,0.022751
9908219,,,4,22,26,4,22,26,26,0.094053,0.119094,0.000206,0.123077,0,0.002867
3121,,,4,6,10,4,6,10,26,0.095781,0.12297,0.000015,0.311111,2,0.004369
3122,,,9,48,57,9,48,57,23,0.124795,0.158091,0.003192,0.06203,0,0.007147
9902401,,,6,19,25,6,19,25,31,0.073273,0.09698,0.000086,0.218333,6,0.009363
9901326,,,2,13,15,2,13,15,31,0.072688,0.095116,0.000006,0.266667,0,0.002128
9809475,,,9,5,14,9,5,14,34,0.05926,0.069701,0.000005,0.225275,4,0.007262
9911329,,,6,49,55,6,49,55,22,0.137417,0.174326,0.001351,0.047138,4,0.004395
9902476,,,5,4,9,5,4,9,33,0.062371,0.072271,0.000002,0.138889,6,0.004461
9712501,,,4,5,9,4,5,9,34,0.0587,0.066466,0.000235,0.25,4,0.004609
9802312,,,7,12,19,7,12,19,31,0.069493,0.079814,0.000219,0.114035,0,0.005035
9909260,,,11,16,27,11,16,27,27,0.086186,0.105604,0.000093,0.118234,6,0.007564
9803218,,,24,15,39,24,15,39,31,0.072254,0.093844,0.000814,0.113087,6,0.052711
9512421,,,11,1,12,11,1,12,43,0.039211,0.042375,0.000158,0.174242,6,0.009998
9603301,,,6,4,10,6,4,10,36,0.052606,0.058391,0.000026,0.188889,4,0.010591
9609323,,,16,4,20,16,4,20,33,0.062239,0.071253,0.000789,0.165789,4,0.017295
9611251,,,38,6,44,38,6,44,34,0.058766,0.06698,0.000362,0.06871,4,0.052634
9902325,,,3,3,6,3,3,6,31,0.071194,0.086698,0,0.433333,0,0.002987
3123,,,6,33,39,6,33,39,26,0.095362,0.125752,0.000309,0.150782,12,0.003896
9802248,,,9,15,24,9,15,24,34,0.059725,0.072161,0.000008,0.271739,12,0.009957
9905291,,,5,14,19,5,14,19,25,0.098217,0.121375,0.000576,0.169591,12,0.003385
9808273,,,1,9,10,1,9,10,34,0.05972,0.072046,0,0.3,12,0.000864
6098,,,4,46,50,4,46,50,26,0.097243,0.131568,0.000217,0.115221,12,0.002862
9912410,,,6,10,16,6,10,16,30,0.076447,0.095936,0.00001,0.183333,12,0.004115
4186,,,11,24,35,11,24,35,32,0.069947,0.09993,0.000562,0.052941,12,0.013063
9706467,,,26,18,44,26,18,44,33,0.063352,0.0784,0.000636,0.128964,12,0.028461
9809510,,,11,11,22,11,11,22,32,0.067561,0.08458,0.000079,0.205628,12,0.00932
9711406,,,11,15,26,11,15,26,33,0.063426,0.078388,0.000049,0.252308,12,0.012274
9912241,,,3,7,10,3,7,10,33,0.063563,0.077813,0.000001,0.244444,12,0.002217
9809500,,,8,32,40,8,32,40,31,0.072996,0.100349,0.000233,0.092949,12,0.008323
9611453,,,22,8,30,22,8,30,40,0.044449,0.049959,0.000052,0.204598,12,0.025057
9711487,,,8,16,24,8,16,24,33,0.063429,0.07846,0.000045,0.269928,12,0.007671
3124,,,1,5,6,1,5,6,31,0.07156,0.087387,0.000006,0.333333,1,0.000661
9911384,,,3,5,8,3,5,8,31,0.070105,0.082253,0,0.214286,1,0.002007
3125,,,1,8,9,1,8,9,31,0.071226,0.086799,0.000262,0.111111,12,0.000568
9902400,,,1,2,3,1,2,3,32,0.06671,0.080216,0.000001,0,12,0.000568
9907570,,,1,2,3,1,2,3,31,0.06988,0.080097,0,0.166667,12,0.000568
9911240,,,2,4,6,2,4,6,41,0.042553,0.046854,0.000132,0.233333,11,0.001135
9909241,,,2,6,8,2,6,8,31,0.070531,0.082723,0.000114,0.178571,12,0.001338
9911517,,,3,13,16,3,13,16,24,0.116679,0.147932,0.00028,0.179167,3,0.004474
9908530,,,11,14,25,11,14,25,26,0.094157,0.116406,0.000032,0.186667,3,0.023021
3130,,,4,3,7,4,3,7,32,0.065402,0.074203,0.000761,0.142857,1,0.002329
9710394,,,1,1,2,1,1,2,31,0.06979,0.07974,0.000371,0,10,0.000735
9809575,,,3,1,4,3,1,4,36,0.053319,0.060263,0.000086,0.333333,1,0.001928
9902319,,,3,4,7,3,4,7,30,0.07463,0.086957,0.000084,0.095238,10,0.002112
3133,,,2,49,51,2,49,51,24,0.118474,0.156096,0.000028,0.09451,6,0.001875
9612426,,,40,9,49,40,9,49,34,0.059306,0.069937,0.000062,0.136054,4,0.115341
9703312,,,25,7,32,25,7,32,34,0.059537,0.071551,0.000052,0.214718,4,0.071183
9709383,,,12,17,29,12,17,29,30,0.075385,0.091844,0.004089,0.261084,4,0.034852
9707386,,,19,12,31,19,12,31,33,0.06279,0.075633,0.000023,0.227957,4,0.055047
3134,,,2,9,11,2,9,11,31,0.07311,0.092255,0.000026,0.145455,0,0.001138
9801307,,,5,9,14,5,9,14,31,0.070067,0.081593,0.000012,0.137363,0,0.00313
9905572,,,3,14,17,3,14,17,31,0.070684,0.083769,0.000311,0.132353,0,0.001816
9612231,,,8,3,11,8,3,11,30,0.073872,0.084185,0.000125,0.172727,0,0.006923
9704250,,,10,3,13,10,3,13,30,0.073869,0.084154,0.000211,0.185897,0,0.00652
9906301,,,4,14,18,4,14,18,30,0.074614,0.098142,0.001304,0.107843,0,0.002444
3136,,,1,3,4,1,3,4,31,0.072005,0.090202,0,0.5,8,0.000678
9908245,,,3,26,29,3,26,29,30,0.077476,0.102243,0.000485,0.054233,8,0.001711
104288,,,4,27,31,4,27,31,23,0.123964,0.160067,0.000187,0.127957,3,0.002991
9904203,,,8,19,27,8,19,27,25,0.095816,0.119952,0.000191,0.189459,3,0.011222
10260,,,3,13,16,3,13,16,24,0.10633,0.136204,0.000109,0.195833,3,0.002535
103086,,,2,20,22,2,20,22,24,0.12168,0.162354,0.00011,0.192641,3,0.001336
9908391,,,9,31,40,9,31,40,24,0.113541,0.143165,0.001404,0.087821,3,0.010754
9908462,,,7,7,14,7,7,14,26,0.094995,0.117088,0.000013,0.214286,3,0.010478
9812349,,,20,16,36,20,16,36,26,0.092846,0.113538,0.000519,0.137302,3,0.037108
9809301,,,9,3,12,9,3,12,36,0.052789,0.059137,0,0.204545,2,0.011899
3138,,,3,6,9,3,6,9,23,0.122169,0.147809,0.000031,0.361111,6,0.005419
9912301,,,7,12,19,7,12,19,23,0.121072,0.146942,0.000175,0.160819,6,0.008235
3139,,,7,7,14,7,7,14,26,0.092846,0.111286,0.000001,0.208791,2,0.005676
3140,,,6,27,33,6,27,33,30,0.076666,0.096097,0.000002,0.344697,13,0.00429
3141,,,3,12,15,3,12,15,27,0.085783,0.10247,0.000061,0.266667,0,0.002018
9811520,,,5,8,13,5,8,13,32,0.066729,0.079922,0.000006,0.25,0,0.006448
9706274,,,21,5,26,21,5,26,38,0.047578,0.051808,0.000081,0.173846,0,0.025649
9805485,,,5,2,7,5,2,7,33,0.061322,0.068192,0,0.285714,0,0.005184
9912473,,,9,7,16,9,7,16,27,0.086442,0.106603,0.000029,0.3875,0,0.007165
9910274,,,2,3,5,2,3,5,31,0.070154,0.082448,0,0.5,1,0.001606
9609415,,,6,5,11,6,5,11,40,0.044461,0.049935,0.000263,0.127273,1,0.013339
9803400,,,17,3,20,17,3,20,34,0.0596,0.071378,0.000393,0.110526,8,0.015325
9809362,,,2,6,8,2,6,8,32,0.066139,0.077948,0.000007,0.303571,1,0.001669
9812505,,,1,4,5,1,4,5,36,0.053361,0.06116,0.000003,0.1,6,0.001033
9901276,,,1,9,10,1,9,10,32,0.066118,0.078042,0.000001,0.233333,1,0.001033
9706270,,,27,3,30,27,3,30,32,0.065915,0.076616,0.000115,0.075862,1,0.021343
9803424,,,6,5,11,6,5,11,31,0.070014,0.081841,0.000117,0.209091,1,0.006208
9911332,,,7,5,12,7,5,12,32,0.066077,0.077444,0.000002,0.265152,1,0.005012
9907497,,,6,2,8,6,2,8,31,0.070067,0.081784,0.000086,0.285714,1,0.004608
9809386,,,2,3,5,2,3,5,29,0.082444,0.105438,0.000103,0.1,7,0.001606
9712494,,,10,8,18,10,8,18,33,0.062866,0.075806,0.000492,0.143791,8,0.009123
9707449,,,4,9,13,4,9,13,30,0.074696,0.088163,0.00034,0.102564,1,0.002948
9909437,,,1,1,2,1,1,2,43,0.039216,0.042386,0,0.5,1,0.001033
9609285,,,6,3,9,6,3,9,41,0.042556,0.046979,0.000006,0.138889,1,0.00527
3143,,,2,11,13,2,11,13,23,0.117445,0.137035,0.00008,0.070513,6,0.00119
9910513,,,1,3,4,1,3,4,33,0.063462,0.07712,0,0.25,6,0.000625
9907377,,,5,10,15,5,10,15,30,0.081853,0.10808,0.000022,0.190476,6,0.003234
9805297,,,8,6,14,8,6,14,35,0.056005,0.063958,0.000003,0.137363,1,0.006792
9712346,,,4,6,10,4,6,10,32,0.066596,0.078843,0,0.344444,7,0.004728
9712237,,,7,3,10,7,3,10,36,0.05334,0.061685,0.00001,0.2,1,0.007035
9907383,,,13,6,19,13,6,19,35,0.057561,0.070374,0.000306,0.052632,2,0.012339
9803378,,,4,4,8,4,4,8,37,0.05065,0.05869,0.000163,0.142857,2,0.003297
9712390,,,4,3,7,4,3,7,45,0.036373,0.039066,0.000014,0.214286,2,0.031446
9708279,,,4,3,7,4,3,7,45,0.036393,0.03941,0.000003,0.142857,2,0.003505
9712462,,,4,1,5,4,1,5,37,0.050864,0.056924,0.000039,0.1,2,0.003352
9809415,,,80,8,88,80,8,88,25,0.087512,0.103824,0.000272,0.099138,2,0.238094
9907419,,,2,2,4,2,2,4,40,0.044331,0.049043,0.000084,0.166667,2,0.007122
3151,,,4,8,12,4,8,12,30,0.082394,0.107804,0.00007,0.106061,1,0.002394
9909470,,,6,9,15,6,9,15,31,0.07547,0.098904,0.000841,0.190476,12,0.006531
9811294,,,10,24,34,10,24,34,31,0.072454,0.094488,0.000479,0.096257,12,0.013949
3152,,,2,5,7,2,5,7,26,0.091773,0.110058,0.000081,0.261905,3,0.001513
9808211,,,6,1,7,6,1,7,47,0.033911,0.035929,0.000124,0.166667,3,0.007861
9604417,,,26,2,28,26,2,28,43,0.039232,0.042639,0.000008,0.18254,6,0.060624
9808410,,,10,10,20,10,10,20,34,0.059656,0.072099,0.000223,0.192105,4,0.018109
9807390,,,14,28,42,14,28,42,32,0.067928,0.090393,0.000014,0.238095,4,0.019909
9702442,,,4,12,16,4,12,16,30,0.076109,0.093776,0.000009,0.229167,4,0.009778
9610293,,,35,1,36,35,1,36,40,0.044443,0.049439,0.000417,0.059524,2,0.063782
9809468,,,7,24,31,7,24,31,21,0.142246,0.166995,0.243981,0.213978,7,0.012637
9611325,,,15,5,20,15,5,20,31,0.069495,0.079356,0.000407,0.173684,6,0.045641
9805378,,,15,8,23,15,8,23,31,0.072735,0.095943,0.000494,0.041502,7,0.018474
9606212,,,28,3,31,28,3,31,43,0.039233,0.042713,0.000017,0.156989,6,0.059218
9809495,,,1,7,8,1,7,8,34,0.060438,0.074904,0.000008,0.267857,4,0.004622
9809498,,,19,10,29,19,10,29,31,0.071917,0.090433,0.000112,0.178571,6,0.039047
9607301,,,6,1,7,6,1,7,42,0.040812,0.044453,0.000079,0.071429,6,0.015816
9606281,,,20,10,30,20,10,30,33,0.06401,0.080681,0.00241,0.07931,4,0.042088
9904276,,,11,19,30,11,19,30,28,0.08528,0.11372,0.00019,0.142529,6,0.020442
9711470,,,9,20,29,9,20,29,32,0.067598,0.088072,0.000069,0.130542,4,0.027458
9801376,,,6,19,25,6,19,25,32,0.068213,0.091332,0.00004,0.173333,4,0.015927
9804451,,,13,10,23,13,10,23,29,0.082649,0.107436,0.001154,0.16996,6,0.028335
9708214,,,19,13,32,19,13,32,32,0.066711,0.080339,0.000017,0.170363,7,0.057053
9712315,,,9,11,20,9,11,20,32,0.067442,0.086526,0.001426,0.121053,4,0.01487
9803476,,,18,20,38,18,20,38,30,0.077304,0.101427,0.001885,0.11036,6,0.046645
9804242,,,7,15,22,7,15,22,31,0.072051,0.093324,0.000019,0.168831,4,0.017589
9707475,,,19,6,25,19,6,25,43,0.039261,0.043251,0.000012,0.146667,6,0.039895
9610503,,,2,2,4,2,2,4,34,0.059327,0.069123,0,0.333333,8,0.005421
9902350,,,4,7,11,4,7,11,33,0.063841,0.081099,0.000001,0.272727,5,0.006596
9708312,,,2,6,8,2,6,8,34,0.059442,0.070235,0.000176,0.089286,8,0.005319
9811248,,,11,32,43,11,32,43,32,0.068126,0.091858,0.000038,0.250831,4,0.018993
9709364,,,28,5,33,28,5,33,34,0.060192,0.073125,0.000158,0.151515,4,0.04256
9708254,,,11,15,26,11,15,26,29,0.081152,0.099957,0.001637,0.050769,6,0.015522
9605440,,,14,2,16,14,2,16,42,0.040843,0.045028,0.000087,0.133333,4,0.038835
9709397,,,31,4,35,31,4,35,35,0.056783,0.06702,0.000002,0.141176,4,0.046278
9708374,,,9,11,20,9,11,20,32,0.066827,0.081684,0.000119,0.128947,4,0.0205
9810266,,,17,22,39,17,22,39,31,0.07378,0.101127,0.000257,0.135628,6,0.028057
9811300,,,3,11,14,3,11,14,30,0.07689,0.099233,0.000018,0.203297,6,0.012764
9810289,,,16,19,35,16,19,35,34,0.060736,0.079492,0.000565,0.068908,6,0.019863
9807230,,,4,5,9,4,5,9,34,0.059788,0.071899,0.000021,0.291667,5,0.006942
9804437,,,6,6,12,6,6,12,34,0.060245,0.07361,0.000013,0.121212,4,0.013317
9707401,,,17,7,24,17,7,24,34,0.060233,0.0736,0.00017,0.083333,4,0.045015
9808275,,,25,23,48,25,23,48,30,0.078187,0.10728,0.001049,0.078457,6,0.051463
9809319,,,4,27,31,4,27,31,33,0.064339,0.087407,0.000126,0.069892,6,0.011128
9903528,,,8,19,27,8,19,27,28,0.087846,0.116079,0.00071,0.088319,4,0.014739
9807281,,,12,9,21,12,9,21,33,0.064449,0.084561,0.000054,0.090476,4,0.014569
9804229,,,6,3,9,6,3,9,36,0.052962,0.059429,0.000001,0.347222,6,0.010873
9807309,,,2,6,8,2,6,8,31,0.071222,0.087643,0.000029,0.285714,6,0.005245
9805275,,,13,7,20,13,7,20,33,0.064012,0.082564,0.000029,0.118421,6,0.033414
9611232,,,6,1,7,6,1,7,45,0.036367,0.038874,0,0.238095,6,0.010647
9808361,,,7,4,11,7,4,11,32,0.067606,0.087068,0.000008,0.181818,6,0.012394
9803259,,,11,51,62,11,51,62,31,0.073537,0.107466,0.000205,0.066631,4,0.024005
3155,,,1,5,6,1,5,6,27,0.092264,0.114873,0.000001,0.066667,7,0.000905
9904480,,,9,13,22,9,13,22,31,0.072583,0.095648,0.000403,0.149351,7,0.009506
3159,,,4,9,13,4,9,13,22,0.128148,0.148467,0.000088,0.230769,6,0.002517
9905443,,,27,42,69,27,42,69,21,0.145325,0.176905,0.013591,0.073103,6,0.028965
9807480,,,29,8,37,29,8,37,34,0.059697,0.072846,0.000124,0.152402,6,0.035929
9812201,,,9,15,24,9,15,24,30,0.078624,0.107451,0.000521,0.077899,6,0.010687
9809244,,,26,11,37,26,11,37,34,0.060364,0.077039,0.00042,0.142643,6,0.0298
9911362,,,4,2,6,4,2,6,25,0.093122,0.111975,0.00001,0.2,2,0.0044
9910357,,,4,15,19,4,15,19,24,0.099394,0.128365,0.000176,0.073099,2,0.004542
9808418,,,1,7,8,1,7,8,31,0.070298,0.083311,0.000003,0.053571,6,0.001569
9903262,,,43,24,67,43,24,67,25,0.099107,0.121878,0.000977,0.085708,2,0.11162
9904328,,,14,5,19,14,5,19,26,0.090991,0.110156,0.000001,0.22807,2,0.027342
9910270,,,3,9,12,3,9,12,24,0.099714,0.125075,0.000314,0.075758,2,0.004423
9901401,,,3,5,8,3,5,8,35,0.056344,0.065781,0.000081,0.125,2,0.006729
9910345,,,4,6,10,4,6,10,39,0.046547,0.053426,0.000001,0.255556,1,0.004566
9712534,,,3,4,7,3,4,7,34,0.0603,0.074314,0,0.404762,12,0.00245
9708461,,,3,11,14,3,11,14,33,0.063606,0.079027,0.000006,0.181319,12,0.00283
9802416,,,18,37,55,18,37,55,30,0.077267,0.101339,0.002586,0.094613,12,0.022013
3168,,,5,4,9,5,4,9,30,0.075555,0.091129,0.00043,0.107143,13,0.003445
3169,,,4,7,11,4,7,11,31,0.07124,0.085773,0.000052,0.1,13,0.002862
9912213,,,1,2,3,1,2,3,32,0.065357,0.074792,0.000013,0.166667,13,0.000815
9806319,,,1,5,6,1,5,6,32,0.064624,0.072195,0.000001,0.2,13,0.000815
9911408,,,2,4,6,2,4,6,33,0.061674,0.070168,0.001606,0.066667,13,0.00146
9808434,,,6,3,9,6,3,9,36,0.052857,0.059108,0.000476,0.069444,13,0.003975
9912450,,,2,12,14,2,12,14,26,0.093665,0.116167,0.000007,0.197802,3,0.001778
9703412,,,11,3,14,11,3,14,35,0.056343,0.065161,0.000253,0.021978,4,0.009903
9604312,,,4,2,6,4,2,6,35,0.05676,0.067131,0.000005,0.033333,3,0.003268
201224,,,15,43,58,15,43,58,18,0.164203,0.200112,0.001111,0.047489,2,0.013097
4048,,,13,33,46,13,33,46,24,0.103484,0.140226,0.000403,0.064646,2,0.013395
9805219,,,36,1,37,36,1,37,47,0.033909,0.035954,0.000001,0.069069,2,0.056933
107156,,,9,35,44,9,35,44,18,0.173755,0.213344,0.095062,0.086152,3,0.006968
12101,,,6,52,58,6,52,58,22,0.147937,0.189815,0.000852,0.111615,3,0.008823
8303,,,1,27,28,1,27,28,24,0.114604,0.147859,0.000086,0.071429,2,0.001551
102277,,,5,5,10,5,5,10,23,0.127454,0.15471,0.000042,0.155556,2,0.004561
8158,,,8,20,28,8,20,28,24,0.112757,0.145898,0.00007,0.257937,3,0.009715
11192,,,7,14,21,7,14,21,25,0.101296,0.123752,0.000007,0.140476,2,0.006535
3172,,,8,22,30,8,22,30,27,0.088009,0.107865,0.000117,0.212644,0,0.005144
9707516,,,12,4,16,12,4,16,38,0.047581,0.05179,0,0.191667,0,0.01456
9901207,,,4,12,16,4,12,16,32,0.06728,0.082455,0,0.3125,0,0.00485
9709273,,,11,4,15,11,4,15,35,0.056769,0.066805,0.000253,0.261905,0,0.015801
9912510,,,2,4,6,2,4,6,28,0.081162,0.096016,0,0.433333,0,0.001771
104294,,,11,12,23,11,12,23,22,0.126638,0.154027,0.000023,0.124506,2,0.011034
9811206,,,6,4,10,6,4,10,35,0.056539,0.066537,0.000109,0.166667,11,0.005708
9907265,,,3,7,10,3,7,10,32,0.067593,0.08487,0.000348,0.222222,8,0.002602
9909331,,,1,11,12,1,11,12,31,0.071812,0.090259,0.000127,0.234848,8,0.001349
9802324,,,6,2,8,6,2,8,36,0.053076,0.059688,0.000056,0.125,8,0.007005
9709360,,,20,7,27,20,7,27,34,0.059857,0.071899,0.000191,0.164615,11,0.01752
9903541,,,7,10,17,7,10,17,34,0.060047,0.073607,0.000219,0.172794,11,0.005376
3178,,,4,16,20,4,16,20,22,0.130579,0.156357,0.000079,0.286842,6,0.002455
9909313,,,2,1,3,2,1,3,23,0.113861,0.127807,0.000163,0.166667,6,0.001308
3179,,,4,20,24,4,20,24,26,0.094892,0.117959,0.000099,0.26087,12,0.00315
9806537,,,14,16,30,14,16,30,35,0.056473,0.067726,0.000002,0.249425,12,0.01774
9908458,,,11,33,44,11,33,44,32,0.068899,0.095387,0.000089,0.146406,12,0.008914
9805392,,,2,2,4,2,2,4,39,0.046503,0.052462,0,0.416667,12,0.006615
3180,,,20,80,100,20,80,100,22,0.140833,0.185812,0.008643,0.071429,6,0.01805
9908236,,,5,19,24,5,19,24,28,0.08698,0.116094,0.000207,0.085145,6,0.006786
2287,,,19,17,36,19,17,36,23,0.123332,0.150613,0.000219,0.19127,6,0.017349
9910557,,,8,42,50,8,42,50,24,0.116991,0.152747,0.000307,0.170493,6,0.008012
9908516,,,13,14,27,13,14,27,27,0.092009,0.121787,0.00001,0.236467,6,0.015328
9811505,,,8,7,15,8,7,15,32,0.069204,0.095904,0.000233,0.147619,6,0.014797
9609395,,,11,1,12,11,1,12,44,0.037733,0.040515,0.000066,0.151515,6,0.026183
9812535,,,2,4,6,2,4,6,30,0.076873,0.096888,0.000072,0.133333,0,0.009344
9912253,,,7,48,55,7,48,55,23,0.129274,0.169122,0.000422,0.1471,6,0.007418
9910465,,,13,9,22,13,9,22,25,0.108147,0.136356,0.000038,0.142857,6,0.014809
9707458,,,17,23,40,17,23,40,32,0.067434,0.08613,0.000479,0.166667,9,0.036794
9909315,,,15,19,34,15,19,34,24,0.113087,0.141296,0.000271,0.219251,6,0.015295
9811289,,,2,4,6,2,4,6,31,0.071759,0.08851,0.000135,0.1,0,0.009344
9902434,,,9,8,17,9,8,17,34,0.060857,0.07855,0.000033,0.147059,6,0.012003
9809517,,,6,12,18,6,12,18,30,0.077085,0.099908,0.000239,0.124183,0,0.019282
9909418,,,12,43,55,12,43,55,23,0.123989,0.157782,0.000737,0.131313,6,0.01389
9707433,,,7,5,12,7,5,12,35,0.057015,0.069396,0.000221,0.083333,6,0.022439
9808377,,,20,10,30,20,10,30,32,0.067631,0.086142,0.000132,0.181609,6,0.03778
9810512,,,43,18,61,43,18,61,33,0.064119,0.082602,0.000599,0.088798,6,0.089479
9904235,,,4,1,5,4,1,5,40,0.044517,0.050048,0.000001,0,11,0.006207
9812332,,,9,22,31,9,22,31,32,0.069593,0.097976,0.000673,0.132258,11,0.015042
9906242,,,2,4,6,2,4,6,32,0.066462,0.077353,0.000002,0.366667,13,0.002658
9604208,,,2,3,5,2,3,5,35,0.056681,0.066244,0.000005,0.15,7,0.00282
9803405,,,17,8,25,17,8,25,33,0.064044,0.081833,0.000209,0.171667,4,0.018875
9910481,,,13,21,34,13,21,34,23,0.121746,0.149657,0.000227,0.180927,4,0.018603
9703320,,,16,10,26,16,10,26,35,0.056332,0.065451,0.000053,0.135385,4,0.022252
9802267,,,21,13,34,21,13,34,34,0.060517,0.07635,0.000282,0.151515,4,0.028235
9712542,,,26,4,30,26,4,30,35,0.056808,0.06725,0.000005,0.152874,4,0.030362
9707425,,,12,14,26,12,14,26,35,0.056762,0.068751,0.000095,0.146154,4,0.019258
9608233,,,14,6,20,14,6,20,42,0.040832,0.045032,0.000005,0.192105,4,0.021153
9907255,,,11,17,28,11,17,28,29,0.080073,0.098645,0.000023,0.193122,4,0.015219
3188,,,2,15,17,2,15,17,28,0.086253,0.10995,0.000041,0.121324,7,0.001606
9704323,,,3,6,9,3,6,9,32,0.066616,0.07904,0,0.208333,7,0.001962
9704223,,,7,2,9,7,2,9,33,0.062385,0.071794,0.000001,0.097222,7,0.004846
3189,,,3,21,24,3,21,24,24,0.109124,0.134592,0.000235,0.092391,2,0.002552
9805281,,,40,18,58,40,18,58,32,0.067526,0.087615,0.000784,0.046884,2,0.089819
9709483,,,17,5,22,17,5,22,37,0.050983,0.058101,0.000008,0.188312,2,0.069174
9808307,,,11,5,16,11,5,16,33,0.06313,0.076271,0.000065,0.125,2,0.031123
9806516,,,18,6,24,18,6,24,34,0.060304,0.073914,0.000194,0.070652,2,0.044114
9905461,,,6,14,20,6,14,20,24,0.096091,0.117938,0.000004,0.139474,2,0.007051
9905388,,,9,24,33,9,24,33,23,0.101592,0.12739,0.00021,0.073864,2,0.012847
9901433,,,19,10,29,19,10,29,36,0.053715,0.062608,0.000006,0.057882,2,0.021649
9604214,,,2,6,8,2,6,8,34,0.06015,0.072944,0.000098,0.142857,4,0.003208
9604216,,,3,1,4,3,1,4,43,0.039219,0.042501,0.000003,0,4,0.001935
9604217,,,11,5,16,11,5,16,39,0.046499,0.052433,0.000001,0.316667,10,0.016329
3195,,,2,14,16,2,14,16,32,0.069275,0.092272,0.001838,0.190476,8,0.002407
9807488,,,12,5,17,12,5,17,35,0.05622,0.065206,0.00025,0.102941,8,0.009302
2057,,,1,18,19,1,18,19,32,0.069398,0.093565,0.000923,0.140523,8,0.00068
9909295,,,2,4,6,2,4,6,35,0.056231,0.065262,0.000006,0.3,8,0.001252
3198,,,11,11,22,11,11,22,24,0.113521,0.13776,0.000048,0.15368,6,0.01071
3200,,,1,7,8,1,7,8,32,0.067173,0.081003,0.000339,0.071429,10,0.002183
9906371,,,2,8,10,2,8,10,31,0.071445,0.087279,0.000205,0.111111,10,0.001206
9806246,,,7,1,8,7,1,8,31,0.068902,0.077186,0.00001,0.125,10,0.005539
9905368,,,2,3,5,2,3,5,31,0.06946,0.078932,0.000047,0.2,10,0.001263
9904226,,,2,3,5,2,3,5,31,0.06946,0.078932,0.000047,0.2,10,0.001263
3202,,,2,2,4,2,2,4,31,0.076469,0.095636,0.000002,0.25,1,0.001135
3203,,,22,5,27,22,5,27,31,0.072326,0.090622,0.000152,0.240741,8,0.02135
3204,,,2,4,6,2,4,6,32,0.067128,0.082454,0,0.366667,8,0.001136
9804353,,,9,6,15,9,6,15,34,0.059851,0.072478,0.000005,0.180952,8,0.00682
3205,,,1,11,12,1,11,12,33,0.064814,0.086401,0.000001,0.19697,4,0.000573
9808409,,,4,16,20,4,16,20,33,0.064772,0.086848,0.000142,0.171053,4,0.003856
9708413,,,6,12,18,6,12,18,32,0.066862,0.081332,0.000017,0.124183,4,0.003947
9705405,,,8,4,12,8,4,12,33,0.062841,0.073615,0.000042,0.181818,4,0.007615
9801437,,,18,8,26,18,8,26,32,0.067584,0.087228,0.000382,0.055385,4,0.020448
3206,,,1,3,4,1,3,4,33,0.06384,0.080192,0,0.166667,4,0.000573
3207,,,3,19,22,3,19,22,25,0.094811,0.121813,0.000006,0.261905,3,0.001896
3209,,,2,5,7,2,5,7,25,0.104718,0.124131,0.000414,0.133333,1,0.001432
9811460,,,13,74,87,13,74,87,25,0.09062,0.123278,0.000685,0.037557,2,0.029055
9707203,,,14,5,19,14,5,19,46,0.035116,0.038006,0.000045,0.21345,2,0.034792
9810505,,,18,11,29,18,11,29,24,0.096474,0.1188,0.000064,0.102217,2,0.042212
9801327,,,10,4,14,10,4,14,32,0.067031,0.081248,0.000081,0.17033,2,0.06414
3213,,,2,2,4,2,2,4,39,0.04656,0.052864,0.000001,0.083333,8,0.001173
9609490,,,10,1,11,10,1,11,42,0.04081,0.04442,0.000002,0.109091,8,0.008551
9807294,,,11,8,19,11,8,19,38,0.048827,0.056696,0.000175,0.067251,8,0.007823
3218,,,1,4,5,1,4,5,30,0.075726,0.090222,0,0.15,10,0.000571
9703248,,,12,1,13,12,1,13,30,0.074912,0.086746,0.000198,0.128205,10,0.010136
9707385,,,10,2,12,10,2,12,31,0.06977,0.079378,0,0.113636,10,0.006658
9707398,,,23,3,26,23,3,26,38,0.048507,0.054417,0.000002,0.150769,2,0.037572
9904349,,,10,3,13,10,3,13,27,0.079469,0.097408,0.000295,0.141026,2,0.0206
9711385,,,5,9,14,5,9,14,33,0.063823,0.083143,0.000278,0.054945,6,0.005009
9909317,,,2,19,21,2,19,21,27,0.094299,0.126919,0.000153,0.021429,6,0.002076
9711456,,,5,9,14,5,9,14,36,0.053501,0.062153,0.000025,0.164835,11,0.008467
9903494,,,2,4,6,2,4,6,33,0.065137,0.085666,0.000004,0.066667,6,0.002501
3223,,,1,13,14,1,13,14,33,0.062962,0.073582,0.000009,0.373626,4,0.000954
3224,,,6,11,17,6,11,17,23,0.111483,0.147953,0.000236,0.165441,2,0.004661
9907521,,,8,10,18,8,10,18,25,0.098715,0.122833,0.000107,0.163399,2,0.006481
9907314,,,11,7,18,11,7,18,27,0.08425,0.104008,0.000009,0.130719,2,0.012893
9802356,,,9,8,17,9,8,17,33,0.063276,0.077186,0.000045,0.091912,2,0.007857
9911418,,,4,7,11,4,7,11,25,0.098636,0.12212,0.000002,0.163636,2,0.00287
9604251,,,12,2,14,12,2,14,42,0.040819,0.044612,0.000003,0.098901,4,0.045668
9604252,,,1,1,2,1,1,2,46,0.035087,0.037281,0,0,2,0.002122
9604254,,,3,2,5,3,2,5,41,0.04254,0.046745,0,0.3,11,0.003671
9603267,,,13,2,15,13,2,15,41,0.042538,0.046742,0.000033,0.128571,11,0.024017
3231,,,4,12,16,4,12,16,24,0.102474,0.127732,0.000021,0.204167,2,0.007409
3232,,,1,42,43,1,42,43,23,0.132414,0.175649,0.000089,0.146733,6,0.000568
9907424,,,1,2,3,1,2,3,35,0.05585,0.062726,0,0,1,0.000568
9907555,,,37,43,80,37,43,80,23,0.123229,0.154972,0.001127,0.119462,6,0.072371
9906336,,,4,7,11,4,7,11,28,0.084684,0.108684,0.000007,0.245455,6,0.002426
9903489,,,14,10,24,14,10,24,31,0.071573,0.0885,0.000005,0.166667,8,0.011487
9912354,,,3,2,5,3,2,5,31,0.069876,0.080025,0.000005,0.1,10,0.00338
9907491,,,21,52,73,21,52,73,29,0.085985,0.126896,0.002312,0.049883,7,0.016476
9909445,,,3,17,20,3,17,20,31,0.072143,0.092488,0.000053,0.144737,8,0.002871
9908334,,,9,13,22,9,13,22,31,0.071907,0.09047,0.000329,0.162338,8,0.006879
9708345,,,5,4,9,5,4,9,41,0.04255,0.047063,0.000003,0.041667,8,0.006308
3234,,,1,18,19,1,18,19,29,0.084588,0.114675,0.000234,0.140351,7,0.0008
9908481,,,2,7,9,2,7,9,31,0.071706,0.089031,0.000001,0.277778,7,0.001219
9912452,,,4,4,8,4,4,8,30,0.075429,0.089703,0.000167,0.214286,8,0.002408
9902326,,,9,17,26,9,17,26,30,0.076888,0.098374,0.000165,0.158462,7,0.007125
9703270,,,3,5,8,3,5,8,28,0.087011,0.105783,0.000706,0.053571,13,0.003091
9712425,,,3,1,4,3,1,4,31,0.068789,0.076841,0.000002,0,10,0.001896
9707210,,,1,1,2,1,1,2,43,0.039217,0.042407,0.000001,0,13,0.000578
9812269,,,24,16,40,24,16,40,31,0.072127,0.092719,0.000931,0.116026,7,0.021573
9805294,,,9,4,13,9,4,13,31,0.071337,0.08671,0,0.314103,7,0.009134
9711229,,,18,6,24,18,6,24,31,0.071344,0.086964,0.000112,0.166008,7,0.02049
9608330,,,8,7,15,8,7,15,33,0.064009,0.080219,0.002055,0.042857,4,0.008807
9809245,,,5,3,8,5,3,8,30,0.075154,0.088248,0.00007,0.160714,8,0.003273
9812495,,,5,7,12,5,7,12,29,0.081388,0.099425,0.000264,0.128788,8,0.003251
9905501,,,3,2,5,3,2,5,31,0.070724,0.08356,0,0.2,7,0.002006
9710206,,,8,4,12,8,4,12,29,0.081133,0.097686,0.000543,0.090909,8,0.005927
3236,,,1,19,20,1,19,20,24,0.119957,0.152556,0.000035,0.128947,4,0.001192
9609457,,,16,3,19,16,3,19,35,0.056313,0.064872,0.000015,0.090643,6,0.019912
9809421,,,2,7,9,2,7,9,33,0.063876,0.081311,0.000001,0.25,4,0.001788
9805457,,,3,19,22,3,19,22,32,0.06798,0.089852,0.000045,0.220779,4,0.002031
9907398,,,1,4,5,1,4,5,37,0.049964,0.05481,0,0.2,2,0.000701
9804230,,,6,2,8,6,2,8,37,0.049942,0.054558,0.000318,0.089286,2,0.005704
9506307,,,4,1,5,4,1,5,41,0.042541,0.046734,0,0.1,1,0.004093
9905437,,,25,96,121,25,96,121,23,0.12182,0.154945,0.002665,0.065978,7,0.037658
9804456,,,3,16,19,3,16,19,31,0.071192,0.088139,0.000025,0.096491,7,0.003985
9802412,,,12,5,17,12,5,17,33,0.063196,0.076486,0.000002,0.150735,7,0.013834
9909560,,,9,13,22,9,13,22,25,0.101685,0.122828,0.000607,0.178571,7,0.009474
9906497,,,9,6,15,9,6,15,30,0.077403,0.101664,0.00021,0.1,7,0.013904
9803343,,,5,22,27,5,22,27,32,0.067413,0.085008,0.000037,0.102564,7,0.006234
9904214,,,4,7,11,4,7,11,32,0.068114,0.089594,0.000003,0.245455,7,0.008935
9904313,,,5,19,24,5,19,24,31,0.073247,0.099183,0.000027,0.338768,7,0.007344
9610357,,,24,9,33,24,9,33,30,0.0759,0.09211,0.000546,0.149621,7,0.089164
9810381,,,4,6,10,4,6,10,32,0.066883,0.081134,0.000001,0.322222,7,0.003701
9901224,,,8,6,14,8,6,14,35,0.056023,0.064175,0.000079,0.324176,1,0.006886
9912525,,,2,13,15,2,13,15,23,0.118214,0.13968,0.000131,0.133333,7,0.002358
9811405,,,4,3,7,4,3,7,33,0.063938,0.078884,0.00027,0.333333,1,0.003753
9901265,,,10,28,38,10,28,38,31,0.074193,0.10691,0.000531,0.098862,7,0.01089
9909476,,,14,6,20,14,6,20,32,0.069291,0.094359,0.000089,0.097368,7,0.012489
9904363,,,5,7,12,5,7,12,34,0.060333,0.073626,0.000157,0.159091,1,0.004499
3239,,,1,4,5,1,4,5,23,0.109023,0.139676,0.000011,0.1,2,0.000568
9804329,,,2,1,3,2,1,3,38,0.047675,0.052032,0,0.333333,2,0.001223
9604265,,,3,1,4,3,1,4,47,0.033902,0.035929,0.000004,0.083333,4,0.006491
3242,,,8,13,21,8,13,21,30,0.077597,0.100919,0.000097,0.204762,12,0.005773
9807298,,,15,5,20,15,5,20,35,0.056828,0.067134,0.000171,0.121053,8,0.014496
9809513,,,8,18,26,8,18,26,33,0.06436,0.084304,0.00002,0.158462,12,0.007239
9706409,,,17,10,27,17,10,27,34,0.059346,0.06993,0.000049,0.188034,12,0.018781
9604363,,,23,2,25,23,2,25,39,0.046495,0.052308,0.000082,0.146667,12,0.041248
9710316,,,20,7,27,20,7,27,33,0.064034,0.080798,0.000412,0.162393,12,0.02158
9611438,,,21,1,22,21,1,22,40,0.044432,0.049283,0.000021,0.207792,12,0.025585
9812280,,,9,21,30,9,21,30,31,0.071723,0.090433,0.00107,0.1,12,0.007834
9907228,,,13,3,16,13,3,16,32,0.067816,0.084017,0.000008,0.145833,12,0.009989
9604267,,,22,2,24,22,2,24,39,0.046489,0.052149,0.001185,0.083333,5,0.026694
9510415,,,15,1,16,15,1,16,39,0.046487,0.052076,0.000163,0.141667,5,0.019246
9410332,,,2,1,3,2,1,3,40,0.044422,0.049137,0,0.333333,11,0.003786
9604271,,,2,1,3,2,1,3,42,0.040813,0.044569,0,0.166667,4,0.004153
9509212,,,26,2,28,26,2,28,42,0.040812,0.04454,0.000015,0.083333,6,0.065302
9608245,,,7,2,9,7,2,9,43,0.039209,0.042389,0.000079,0.083333,6,0.005771
3250,,,1,1,2,1,1,2,27,0.084517,0.098184,0,0,2,0.000637
9806217,,,8,5,13,8,5,13,37,0.050218,0.056097,0.000106,0.076923,4,0.017405
9901245,,,27,28,55,27,28,55,25,0.095089,0.119109,0.000073,0.15269,2,0.075863
3254,,,1,20,21,1,20,21,26,0.100178,0.129015,0.00001,0.133333,8,0.000568
9901283,,,3,14,17,3,14,17,31,0.071925,0.090536,0.000001,0.191176,8,0.002093
9901233,,,2,4,6,2,4,6,31,0.071855,0.089755,0.000001,0.266667,8,0.001658
9809424,,,6,5,11,6,5,11,34,0.059455,0.070693,0.000074,0.081818,2,0.006971
3257,,,1,11,12,1,11,12,31,0.071254,0.087161,0.00008,0.05303,8,0.000568
9902481,,,4,3,7,4,3,7,39,0.0465,0.052526,0.000001,0.214286,8,0.00248
9812277,,,6,6,12,6,6,12,31,0.070731,0.085079,0.000013,0.159091,8,0.003737
9912486,,,1,4,5,1,4,5,35,0.056527,0.06665,0,0.3,8,0.000568
9808455,,,8,2,10,8,2,10,41,0.042631,0.047641,0.000038,0.1,8,0.008425
9707464,,,4,1,5,4,1,5,34,0.059273,0.068545,0.00008,0.15,11,0.00313
9706522,,,9,2,11,9,2,11,30,0.074158,0.085241,0.000808,0.054545,8,0.009595
9810253,,,2,1,3,2,1,3,35,0.055961,0.063363,0,0.333333,11,0.001135
3259,,,1,13,14,1,13,14,25,0.098897,0.118546,0,0.230769,3,0.000569
9905349,,,15,19,34,15,19,34,26,0.092764,0.113906,0.000048,0.163102,3,0.018435
3260,,,5,17,22,5,17,22,24,0.107669,0.125998,0.000111,0.170996,5,0.003011
9712429,,,12,2,14,12,2,14,36,0.052478,0.057572,0.000158,0.225275,0,0.010785
9907533,,,7,1,8,7,1,8,37,0.049866,0.054124,0,0.303571,0,0.006055
9705333,,,15,8,23,15,8,23,33,0.063549,0.079538,0.001185,0.083004,11,0.015159
9705282,,,10,17,27,10,17,27,34,0.059677,0.073235,0.000151,0.048433,6,0.010838
9612361,,,3,8,11,3,8,11,33,0.063258,0.077463,0.000027,0.027273,6,0.003701
9704263,,,2,8,10,2,8,10,35,0.056609,0.067782,0.000067,0.066667,6,0.00233
9703387,,,11,11,22,11,11,22,32,0.067505,0.085321,0.001159,0.056277,6,0.016504
3267,,,1,13,14,1,13,14,25,0.090322,0.112111,0,0.115385,4,0.000568
9704247,,,23,7,30,23,7,30,34,0.058853,0.067989,0.000424,0.085057,4,0.046528
9712322,,,10,36,46,10,36,46,32,0.067544,0.088952,0.000408,0.053623,4,0.011268
3268,,,4,12,16,4,12,16,32,0.068986,0.093626,0.000186,0.054167,11,0.003176
9907298,,,4,2,6,4,2,6,34,0.060739,0.076266,0.000155,0.133333,11,0.002662
9611463,,,16,2,18,16,2,18,33,0.062538,0.073005,0.000249,0.094771,11,0.017542
9908361,,,4,1,5,4,1,5,36,0.054727,0.065646,0.000005,0.15,11,0.002754
9804430,,,7,1,8,7,1,8,35,0.056593,0.065406,0.000085,0.25,6,0.006384
9812465,,,3,6,9,3,6,9,31,0.071673,0.088847,0.000088,0.138889,12,0.002803
9910523,,,4,5,9,4,5,9,34,0.059316,0.069025,0.000028,0.180556,6,0.00313
9802302,,,7,75,82,7,75,82,32,0.069114,0.101613,0.002817,0.023186,11,0.008235
3269,,,1,2,3,1,2,3,33,0.064479,0.08428,0.000009,0,4,0.000687
9910326,,,2,3,5,2,3,5,32,0.067836,0.088238,0.000072,0.05,4,0.001593
3270,,,2,9,11,2,9,11,30,0.070396,0.088505,0,0.390909,0,0.001207
3271,,,2,9,11,2,9,11,29,0.078285,0.098211,0.000241,0.218182,9,0.001253
9705287,,,31,21,52,31,21,52,34,0.059331,0.071925,0.000048,0.20098,9,0.050051
9712260,,,4,17,21,4,17,21,33,0.063791,0.081731,0.00001,0.202381,9,0.004082
9904334,,,4,5,9,4,5,9,33,0.06468,0.084968,0.000045,0.236111,9,0.002454
9804391,,,5,12,17,5,12,17,30,0.076482,0.094984,0.000113,0.110294,7,0.00377
9604298,,,15,34,49,15,34,49,32,0.067097,0.082602,0.027277,0.069303,4,0.055304
9604260,,,14,11,25,14,11,25,31,0.071093,0.085414,0.01299,0.1,4,0.024058
9604266,,,16,9,25,16,9,25,33,0.063393,0.076573,0.000139,0.136667,4,0.025669
9605257,,,4,1,5,4,1,5,39,0.046509,0.05257,0.00008,0.05,5,0.00382
9707301,,,11,5,16,11,5,16,34,0.059363,0.069386,0.000194,0.079167,11,0.009752
9906555,,,7,6,13,7,6,13,30,0.075394,0.089655,0.00015,0.128205,13,0.005784
9910206,,,3,10,13,3,10,13,24,0.102604,0.115708,0.000215,0.102564,11,0.002445
9912224,,,1,14,15,1,14,15,27,0.088672,0.113047,0.001646,0.138095,10,0.001171
9807417,,,12,4,16,12,4,16,34,0.05964,0.071603,0.000141,0.129167,11,0.013321
9912294,,,4,10,14,4,10,14,26,0.093736,0.110234,0.000538,0.065934,11,0.006799
9809520,,,3,2,5,3,2,5,34,0.059926,0.072328,0.000064,0.15,6,0.0024
9807227,,,1,12,13,1,12,13,36,0.05357,0.062851,0.000162,0.282051,11,0.001171
3276,,,1,6,7,1,6,7,24,0.104808,0.128132,0.000001,0.309524,2,0.000886
3277,,,2,5,7,2,5,7,28,0.088151,0.102335,0.000005,0.266667,1,0.001248
8099,,,3,6,9,3,6,9,28,0.089563,0.105408,0.000083,0.267857,1,0.001771
4267,,,4,14,18,4,14,18,27,0.096644,0.116527,0.000243,0.24183,1,0.002444
3279,,,1,11,12,1,11,12,31,0.073447,0.093692,0.000404,0.128788,0,0.000586
9910562,,,2,17,19,2,17,19,30,0.07815,0.100639,0.002278,0.087719,0,0.0012
9910276,,,1,2,3,1,2,3,32,0.064889,0.072943,0.000003,0,0,0.000568
9908213,,,3,7,10,3,7,10,31,0.068953,0.077964,0.000235,0.166667,0,0.00178
9908376,,,1,2,3,1,2,3,30,0.073876,0.08415,0.000014,0.333333,0,0.000568
9805227,,,2,1,3,2,1,3,31,0.068792,0.076902,0,0.5,0,0.001249
9712476,,,9,2,11,9,2,11,31,0.068974,0.077823,0.000312,0.127273,0,0.006057
9904269,,,2,2,4,2,2,4,30,0.073873,0.084147,0.000034,0.333333,0,0.001249
9809466,,,7,22,29,7,22,29,32,0.068239,0.090138,0.000009,0.195813,2,0.011653
9904316,,,2,4,6,2,4,6,27,0.084647,0.099163,0,0.166667,2,0.004563
3284,,,4,13,17,4,13,17,24,0.115846,0.144486,0.000171,0.0625,2,0.003376
11296,,,10,14,24,10,14,24,23,0.125049,0.157381,0.002583,0.164032,2,0.007449
9803362,,,7,7,14,7,7,14,37,0.050645,0.058276,0.000083,0.071429,9,0.007451
9903251,,,7,2,9,7,2,9,34,0.05968,0.071674,0.000091,0.222222,4,0.005911
9908308,,,5,14,19,5,14,19,27,0.086824,0.105552,0.000812,0.099415,2,0.004666
5045,,,1,4,5,1,4,5,25,0.091243,0.10921,0.000001,0.1,2,0.000784
9604309,,,13,1,14,13,1,14,40,0.044441,0.049416,0.000244,0.137363,6,0.014979
3286,,,1,6,7,1,6,7,28,0.080615,0.098943,0,0.238095,4,0.000568
9704441,,,18,8,26,18,8,26,33,0.063074,0.07575,0.000192,0.129231,4,0.024844
9907481,,,4,4,8,4,4,8,28,0.077524,0.095212,0.00004,0.089286,4,0.003966
3287,,,1,1,2,1,1,2,37,0.051146,0.058224,0,0.5,0,0.000578
3289,,,2,1,3,2,1,3,37,0.050972,0.05746,0.000268,0,13,0.001135
9807460,,,3,3,6,3,3,6,36,0.053707,0.061657,0.000284,0.266667,1,0.0025
3294,,,3,3,6,3,3,6,26,0.091608,0.104551,0.000099,0.266667,5,0.001707
3296,,,1,5,6,1,5,6,24,0.099343,0.127095,0,0.133333,2,0.000813
9904331,,,3,2,5,3,2,5,33,0.06356,0.07681,0.000074,0.1,2,0.008137
3297,,,7,3,10,7,3,10,35,0.056933,0.068239,0.00001,0.088889,8,0.005206
3299,,,4,4,8,4,4,8,25,0.086637,0.102825,0,0.160714,2,0.004336
3300,,,3,8,11,3,8,11,32,0.067216,0.083059,0.000169,0.181818,11,0.001794
9804352,,,18,6,24,18,6,24,31,0.070451,0.083509,0.000798,0.11413,11,0.01331
9905444,,,5,3,8,5,3,8,32,0.066453,0.078646,0.000005,0.232143,11,0.003194
9806437,,,14,14,28,14,14,28,31,0.071322,0.088365,0.000838,0.101852,11,0.009998
9906552,,,3,4,7,3,4,7,32,0.066745,0.080118,0.000005,0.261905,11,0.001937
9911413,,,2,4,6,2,4,6,32,0.066263,0.077956,0.000004,0.3,11,0.00125
9912245,,,2,2,4,2,2,4,36,0.053188,0.060439,0.000081,0.083333,11,0.001308
3301,,,13,9,22,13,9,22,25,0.093587,0.114023,0.000038,0.154762,2,0.037118
9910387,,,24,12,36,24,12,36,24,0.098132,0.118606,0.000104,0.101681,2,0.069121
9803244,,,21,1,22,21,1,22,38,0.048619,0.055226,0.000275,0.158009,2,0.092485
3303,,,4,7,11,4,7,11,25,0.096389,0.121088,0.000172,0.072727,2,0.003257
9810419,,,6,2,8,6,2,8,34,0.059373,0.069242,0.000016,0.107143,2,0.008629
9903387,,,14,35,49,14,35,49,31,0.07301,0.099625,0.00029,0.027211,5,0.0139
9712338,,,5,4,9,5,4,9,33,0.063114,0.075905,0.000301,0.125,6,0.005841
9910349,,,2,1,3,2,1,3,27,0.084514,0.098182,0,0,2,0.001477
3306,,,6,67,73,6,67,73,23,0.111514,0.15089,0.000585,0.203577,3,0.005542
9907328,,,6,23,29,6,23,29,23,0.108668,0.140422,0.000195,0.190887,3,0.011506
9909377,,,7,76,83,7,76,83,23,0.111235,0.151861,0.000145,0.210403,3,0.007058
9905295,,,21,29,50,21,29,50,26,0.094735,0.121128,0.000018,0.314694,3,0.036576
9909392,,,6,18,24,6,18,24,24,0.105189,0.132827,0.000017,0.382246,3,0.006653
9811501,,,57,10,67,57,10,67,33,0.064802,0.085144,0.000037,0.230665,3,0.171583
9903538,,,28,12,40,28,12,40,25,0.099183,0.119115,0.000042,0.377564,3,0.071054
9903475,,,40,25,65,40,25,65,25,0.099528,0.121709,0.000232,0.26274,3,0.086386
9902263,,,56,8,64,56,8,64,25,0.098758,0.117102,0.000255,0.246528,3,0.152422
9911231,,,3,52,55,3,52,55,24,0.107272,0.143122,0.00008,0.257912,3,0.002471
9910466,,,4,35,39,4,35,39,24,0.101582,0.132865,0.00001,0.294197,3,0.003521
9910346,,,2,35,37,2,35,37,24,0.101252,0.132337,0,0.369369,3,0.001651
9905227,,,19,17,36,19,17,36,26,0.094374,0.11852,0.000166,0.335714,3,0.032778
9904220,,,41,8,49,41,8,49,26,0.091558,0.110127,0.000014,0.270833,3,0.099638
9906400,,,15,29,44,15,29,44,25,0.102789,0.131311,0.000031,0.335624,3,0.022076
9909218,,,11,49,60,11,49,60,23,0.110494,0.146203,0.000362,0.267514,3,0.013558
9904355,,,25,12,37,25,12,37,26,0.095955,0.119926,0.000102,0.328829,3,0.046107
9904232,,,34,35,69,34,35,69,25,0.100312,0.125507,0.000148,0.245311,3,0.06818
9904234,,,23,18,41,23,18,41,26,0.092401,0.114034,0.000097,0.346951,3,0.061184
9908328,,,6,22,28,6,22,28,24,0.10377,0.127648,0.000913,0.199735,3,0.009241
9903294,,,57,18,75,57,18,75,25,0.099104,0.119347,0.000435,0.213694,3,0.144897
9905500,,,11,49,60,11,49,60,26,0.096728,0.1281,0.000025,0.227966,3,0.015702
9905423,,,20,32,52,20,32,52,26,0.095828,0.123905,0.000213,0.303922,3,0.038374
9909567,,,9,59,68,9,59,68,24,0.10746,0.143567,0.000072,0.228709,3,0.007955
9904380,,,34,37,71,34,37,71,25,0.101189,0.127887,0.000469,0.22236,3,0.060287
9904510,,,23,34,57,23,34,57,25,0.101405,0.128783,0.000593,0.260965,3,0.042229
3307,,,1,10,11,1,10,11,25,0.108106,0.140481,0.000202,0.154545,3,0.000568
9905377,,,5,5,10,5,5,10,34,0.059901,0.073236,0.000009,0.2,3,0.003479
9711337,,,4,4,8,4,4,8,32,0.066901,0.081222,0.000556,0.107143,5,0.003243
9706347,,,20,4,24,20,4,24,35,0.056044,0.064153,0.000159,0.07971,8,0.027655
9904457,,,8,3,11,8,3,11,34,0.059537,0.07107,0.000068,0.181818,3,0.005147
3309,,,2,22,24,2,22,24,23,0.122219,0.152485,0.000029,0.108696,6,0.001337
9604334,,,5,3,8,5,3,8,43,0.039228,0.042737,0.000171,0.089286,6,0.0072
3312,,,5,16,21,5,16,21,25,0.10107,0.132379,0.000019,0.17381,3,0.003821
4086,,,6,7,13,6,7,13,25,0.094745,0.118549,0.000007,0.333333,3,0.006092
3313,,,4,6,10,4,6,10,34,0.060236,0.073887,0.000079,0.211111,6,0.00271
9907248,,,1,1,2,1,1,2,41,0.042564,0.04685,0,0,8,0.000753
9903383,,,3,2,5,3,2,5,35,0.056598,0.065481,0.000005,0.35,6,0.002394
9604338,,,14,3,17,14,3,17,43,0.039235,0.042825,0,0.205882,4,0.052301
3315,,,2,6,8,2,6,8,26,0.089039,0.108815,0.000218,0.214286,11,0.006285
9803477,,,6,2,8,6,2,8,34,0.058802,0.066788,0,0.214286,11,0.005277
3316,,,1,8,9,1,8,9,23,0.119781,0.142378,0.000007,0.138889,9,0.000683
9909312,,,4,18,22,4,18,22,32,0.069596,0.097381,0.000194,0.127706,7,0.004033
3322,,,2,11,13,2,11,13,24,0.103686,0.133684,0.000033,0.134615,2,0.0013
9809376,,,12,5,17,12,5,17,38,0.048734,0.055769,0.000135,0.268382,2,0.010795
9806423,,,18,10,28,18,10,28,31,0.072472,0.096001,0.000096,0.088624,7,0.023002
3327,,,5,20,25,5,20,25,27,0.090473,0.108111,0,0.391667,13,0.003653
3328,,,9,17,26,9,17,26,24,0.101975,0.129295,0.000766,0.196667,3,0.009012
3089,,,8,33,41,8,33,41,24,0.105898,0.13678,0.003588,0.138327,3,0.007342
9812296,,,21,1,22,21,1,22,47,0.033929,0.036089,0.000157,0.136364,3,0.036857
9604359,,,3,1,4,3,1,4,40,0.044426,0.049154,0.000236,0.083333,8,0.00189
9510419,,,3,1,4,3,1,4,46,0.035087,0.037314,0.000002,0.166667,2,0.025881
9604367,,,3,1,4,3,1,4,41,0.042536,0.04661,0.000001,0.083333,0,0.004504
9604369,,,3,1,4,3,1,4,39,0.046488,0.052082,0.000335,0,8,0.001889
9604375,,,3,1,4,3,1,4,29,0.080974,0.096456,0.000693,0.083333,10,0.00391
9604378,,,4,2,6,4,2,6,42,0.040845,0.045037,0.000053,0.266667,7,0.005598
9604381,,,2,2,4,2,2,4,34,0.060114,0.072197,0.000026,0.083333,4,0.001651
9604382,,,8,1,9,8,1,9,40,0.044442,0.049444,0.000016,0.166667,8,0.007687
9512272,,,6,1,7,6,1,7,39,0.046507,0.052548,0.00086,0.047619,8,0.007859
9604391,,,4,3,7,4,3,7,40,0.044429,0.049349,0.000238,0.02381,8,0.006992
6023,,,1,2,3,1,2,3,31,0.070669,0.083331,0.000002,0.5,13,0.000638
9604400,,,2,1,3,2,1,3,46,0.035088,0.037315,0,0,2,0.001446
9604413,,,1,1,2,1,1,2,43,0.039235,0.042695,0,0,4,0.000623
9604414,,,3,1,4,3,1,4,42,0.040813,0.044523,0.000001,0,4,0.003642
9604418,,,2,1,3,2,1,3,43,0.039243,0.042751,0,0.333333,7,0.003062
9604420,,,4,1,5,4,1,5,41,0.042537,0.046588,0.000118,0.25,4,0.006409
6028,,,2,22,24,2,22,24,24,0.101447,0.126855,0.000082,0.088768,2,0.001255
9808314,,,1,1,2,1,1,2,43,0.038688,0.041612,0,0,2,0.000628
9905405,,,2,3,5,2,3,5,38,0.048216,0.054658,0.000038,0.3,2,0.001895
9604426,,,2,2,4,2,2,4,40,0.044452,0.049792,0.001509,0.166667,8,0.00407
9604430,,,4,1,5,4,1,5,41,0.042547,0.046858,0.000158,0.1,13,0.00349
9811276,,,4,5,9,4,5,9,33,0.062939,0.074047,0.000601,0.055556,12,0.003081
9712478,,,6,14,20,6,14,20,31,0.071384,0.08931,0.000466,0.244737,7,0.011866
9512319,,,16,1,17,16,1,17,29,0.079754,0.092931,0.000606,0.150735,10,0.016261
6031,,,2,5,7,2,5,7,24,0.112758,0.135045,0.000009,0.47619,9,0.001139
5236,,,7,21,28,7,21,28,23,0.116637,0.144333,0.000576,0.125661,3,0.006431
6035,,,1,4,5,1,4,5,22,0.124805,0.140445,0.000004,0.15,6,0.000886
9506206,,,1,1,2,1,1,2,42,0.04081,0.044451,0,0.5,4,0.002734
9711435,,,13,10,23,13,10,23,35,0.056144,0.066998,0.000041,0.175889,9,0.02051
9609472,,,8,2,10,8,2,10,42,0.040871,0.045172,0.000005,0.255556,6,0.014749
9706279,,,10,3,13,10,3,13,47,0.033912,0.03614,0.000002,0.141026,4,0.012147
9705375,,,1,2,3,1,2,3,40,0.044447,0.049516,0,0.166667,8,0.00061
9705205,,,4,2,6,4,2,6,39,0.046508,0.052507,0.000081,0.066667,8,0.002558
9410409,,,8,4,12,8,4,12,39,0.04649,0.052316,0.000061,0.151515,1,0.022089
9908443,,,36,40,76,36,40,76,24,0.116622,0.147707,0.000476,0.129123,6,0.083357
9909410,,,1,3,4,1,3,4,25,0.103448,0.124557,0.000001,0.25,6,0.005051
9710473,,,28,16,44,28,16,44,29,0.081146,0.099955,0.002232,0.080338,6,0.053373
9912460,,,18,9,27,18,9,27,32,0.068663,0.09116,0.000015,0.232194,6,0.060235
9712512,,,2,7,9,2,7,9,32,0.066141,0.078077,0.000581,0.138889,5,0.001896
9701377,,,1,5,6,1,5,6,31,0.071164,0.085321,0.000079,0.066667,7,0.001319
9706512,,,20,9,29,20,9,29,31,0.070926,0.086164,0.000056,0.166256,7,0.034816
9610266,,,5,10,15,5,10,15,32,0.066971,0.080418,0.000095,0.1,1,0.005696
9712540,,,1,7,8,1,7,8,31,0.071472,0.088319,0.000181,0.089286,7,0.001319
9712445,,,12,9,21,12,9,21,31,0.07127,0.088377,0.000028,0.188095,7,0.02773
9709407,,,5,13,18,5,13,18,33,0.063617,0.079111,0.00018,0.091503,7,0.016576
9711217,,,27,55,82,27,55,82,31,0.072072,0.096808,0.003895,0.048028,7,0.07765
9709301,,,24,127,151,24,127,151,31,0.072702,0.10565,0.01035,0.021104,7,0.06735
9612327,,,4,20,24,4,20,24,30,0.076693,0.097376,0.000261,0.077899,7,0.004345
9712253,,,7,6,13,7,6,13,32,0.066739,0.080445,0.000001,0.198718,7,0.010522
9705361,,,11,3,14,11,3,14,32,0.065146,0.073875,0.000457,0.241758,0,0.016242
9801213,,,1,8,9,1,8,9,31,0.070507,0.084334,0,0.194444,0,0.001066
9712451,,,12,1,13,12,1,13,41,0.042538,0.04661,0.000001,0.173077,8,0.014164
9801225,,,1,1,2,1,1,2,43,0.03921,0.042379,0,0.5,1,0.000647
9801226,,,4,3,7,4,3,7,35,0.056045,0.063999,0.000021,0.190476,7,0.003431
9704378,,,10,1,11,10,1,11,41,0.042538,0.04661,0.000081,0.163636,7,0.015151
9801228,,,1,10,11,1,10,11,30,0.07542,0.090339,0.000049,0.109091,8,0.002438
9611421,,,3,1,4,3,1,4,30,0.073911,0.084229,0,0.083333,8,0.002963
9801230,,,4,13,17,4,13,17,32,0.067147,0.083688,0.000493,0.154412,1,0.005212
9610543,,,12,2,14,12,2,14,32,0.066956,0.079829,0.000067,0.192308,1,0.012408
9709457,,,6,3,9,6,3,9,33,0.062932,0.074703,0.000001,0.375,1,0.004297
9704405,,,8,6,14,8,6,14,32,0.066582,0.079371,0.000082,0.192308,1,0.005753
9711386,,,4,35,39,4,35,39,31,0.071854,0.093522,0.000326,0.060054,1,0.004561
9706478,,,7,5,12,7,5,12,32,0.066839,0.081024,0.000064,0.219697,4,0.010434
9801235,,,12,46,58,12,46,58,33,0.064518,0.090544,0.000568,0.065033,4,0.018139
9703434,,,18,1,19,18,1,19,44,0.037738,0.040614,0.000003,0.175439,4,0.034341
9708304,,,8,12,20,8,12,20,33,0.063052,0.077521,0.000354,0.102632,4,0.013382
9707281,,,17,7,24,17,7,24,41,0.042569,0.04736,0.000404,0.143116,4,0.02173
9711208,,,7,7,14,7,7,14,32,0.067187,0.082362,0.000144,0.115385,2,0.017034
9710434,,,22,59,81,22,59,81,32,0.067818,0.092193,0.009588,0.062346,9,0.041228
6062,,,1,6,7,1,6,7,33,0.065035,0.086245,0.000082,0.285714,11,0.000626
9811436,,,2,10,12,2,10,12,34,0.061012,0.080296,0.000011,0.090909,11,0.001888
9711489,,,2,7,9,2,7,9,33,0.0633,0.077526,0.000003,0.194444,4,0.005854
9712283,,,14,1,15,14,1,15,34,0.058892,0.067628,0.00016,0.019048,6,0.023714
9707497,,,17,35,52,17,35,52,32,0.06766,0.088659,0.000572,0.060709,4,0.039222
9712376,,,10,2,12,10,2,12,32,0.066651,0.079067,0.000348,0.075758,6,0.022889
9801239,,,1,1,2,1,1,2,33,0.062763,0.072743,0,0,7,0.000568
9801240,,,1,7,8,1,7,8,32,0.06619,0.07843,0.000173,0.267857,1,0.00063
9703370,,,3,5,8,3,5,8,36,0.053723,0.062073,0.000112,0.214286,1,0.003856
9706541,,,2,8,10,2,8,10,32,0.0663,0.077944,0.000161,0.222222,1,0.0012
9801242,,,4,2,6,4,2,6,33,0.06352,0.079885,0.000064,0.133333,6,0.002809
9609413,,,6,1,7,6,1,7,47,0.0339,0.035892,0,0.071429,6,0.005786
9801243,,,4,1,5,4,1,5,44,0.037736,0.040551,0,0.2,6,0.003692
9801244,,,3,6,9,3,6,9,30,0.074349,0.086289,0.000092,0.194444,0,0.001816
9710208,,,7,3,10,7,3,10,30,0.073876,0.084228,0.000019,0.288889,0,0.004328
9706273,,,9,4,13,9,4,13,30,0.074587,0.086575,0.000131,0.115385,0,0.005566
9612205,,,5,2,7,5,2,7,36,0.053635,0.061366,0.000026,0.095238,0,0.003442
9611389,,,10,1,11,10,1,11,41,0.042555,0.046789,0,0.145455,2,0.022601
9801248,,,2,8,10,2,8,10,33,0.063968,0.081675,0.000082,0.088889,9,0.001165
9710276,,,4,13,17,4,13,17,33,0.062968,0.077003,0.000027,0.099265,9,0.004962
9708325,,,3,16,19,3,16,19,33,0.063984,0.082918,0.000051,0.073099,4,0.006729
9711414,,,21,6,27,21,6,27,32,0.067611,0.085954,0.000344,0.092593,9,0.021739
9712486,,,6,6,12,6,6,12,32,0.066688,0.07912,0.000107,0.143939,1,0.010145
9712474,,,2,3,5,2,3,5,34,0.05936,0.069156,0,0.2,6,0.001426
9801249,,,1,2,3,1,2,3,47,0.033917,0.0361,0.000069,0,0,0.00061
9606372,,,3,1,4,3,1,4,46,0.03509,0.03731,0.000079,0.166667,0,0.001841
9801251,,,18,29,47,18,29,47,32,0.067387,0.087361,0.000413,0.097595,9,0.029112
9703311,,,56,7,63,56,7,63,34,0.059615,0.07176,0.000178,0.174347,9,0.115891
9604244,,,19,5,24,19,5,24,41,0.04258,0.047476,0.000354,0.121377,9,0.038123
9712213,,,15,6,21,15,6,21,35,0.055909,0.065348,0,0.252381,9,0.025982
9707355,,,15,11,26,15,11,26,32,0.067186,0.083437,0.000064,0.273846,9,0.028506
9712292,,,4,3,7,4,3,7,38,0.047678,0.052382,0.000083,0,2,0.005074
9610540,,,91,15,106,91,15,106,35,0.055603,0.064127,0.000759,0.081132,9,0.21455
9609212,,,12,9,21,12,9,21,33,0.062349,0.072156,0.000331,0.140476,4,0.026587
9706326,,,9,4,13,9,4,13,34,0.060197,0.073046,0.000384,0.115385,8,0.019024
9703432,,,11,3,14,11,3,14,30,0.074348,0.085879,0.000899,0.126374,8,0.016644
9609301,,,6,1,7,6,1,7,41,0.042552,0.046862,0.000005,0.142857,8,0.011977
9704406,,,23,8,31,23,8,31,36,0.053881,0.063444,0.00022,0.119355,8,0.052039
9707367,,,10,6,16,10,6,16,35,0.056924,0.068752,0.000029,0.154167,8,0.019044
9712236,,,12,33,45,12,33,45,33,0.063427,0.079473,0.000761,0.133838,12,0.016929
9703356,,,11,5,16,11,5,16,40,0.04447,0.050253,0.000015,0.145833,12,0.018489
9801253,,,1,1,2,1,1,2,44,0.037753,0.040684,0.000001,0,1,0.000591
9707380,,,3,1,4,3,1,4,43,0.03923,0.042615,0.000079,0,1,0.00277
9801254,,,5,11,16,5,11,16,35,0.056602,0.067269,0.000009,0.066667,6,0.005282
9801255,,,3,3,6,3,3,6,34,0.059287,0.068503,0.000274,0.166667,5,0.002422
9706444,,,5,3,8,5,3,8,33,0.062823,0.073041,0.000508,0.214286,5,0.003612
9708367,,,4,4,8,4,4,8,34,0.059782,0.070985,0.000035,0.178571,5,0.002853
9801257,,,8,2,10,8,2,10,40,0.044486,0.050086,0.000019,0.2,5,0.008852
9603315,,,3,4,7,3,4,7,39,0.046532,0.053102,0.000381,0.047619,1,0.003319
9708283,,,8,5,13,8,5,13,40,0.044485,0.050244,0.000164,0.108974,1,0.011905
9801261,,,3,1,4,3,1,4,38,0.048756,0.055688,0.000003,0.083333,11,0.004519
9710242,,,3,2,5,3,2,5,37,0.051251,0.059926,0.000095,0.05,11,0.003378
9506353,,,2,2,4,2,2,4,41,0.042545,0.046851,0,0.166667,4,0.003714
9708353,,,6,7,13,6,7,13,35,0.056272,0.066424,0.000001,0.403846,5,0.01257
9708439,,,13,13,26,13,13,26,35,0.056282,0.066787,0.000055,0.316923,5,0.018355
9606275,,,15,6,21,15,6,21,39,0.046506,0.052689,0.000018,0.304762,5,0.04047
9708404,,,1,5,6,1,5,6,32,0.06714,0.082246,0.001209,0.033333,11,0.003586
9608343,,,21,10,31,21,10,31,36,0.053226,0.061681,0.000049,0.25977,5,0.039111
9709327,,,6,5,11,6,5,11,33,0.062839,0.073869,0.000059,0.2,7,0.009038
9706524,,,4,10,14,4,10,14,30,0.075573,0.091884,0.001087,0.087912,1,0.011247
9711272,,,4,5,9,4,5,9,32,0.067013,0.081548,0.00006,0.263889,7,0.005811
9702300,,,10,7,17,10,7,17,34,0.060075,0.072287,0.000054,0.117647,7,0.018913
9703213,,,19,3,22,19,3,22,36,0.053729,0.06217,0.000005,0.125541,7,0.024116
9705390,,,7,5,12,7,5,12,33,0.06338,0.076303,0.000105,0.159091,1,0.011566
9708211,,,13,7,20,13,7,20,32,0.067516,0.084595,0.00016,0.173684,7,0.034414
9707318,,,5,6,11,5,6,11,32,0.067039,0.080893,0.000081,0.163636,1,0.011317
9610425,,,18,11,29,18,11,29,34,0.059265,0.069134,0.000082,0.131773,1,0.044287
9712497,,,16,12,28,16,12,28,31,0.072019,0.093267,0.000176,0.167989,7,0.030694
9708265,,,7,5,12,7,5,12,31,0.070343,0.083274,0.000594,0.106061,1,0.007595
9506358,,,6,1,7,6,1,7,40,0.044424,0.049146,0.015703,0.071429,12,0.007245
9410308,,,1,1,2,1,1,2,39,0.046487,0.052068,0.015703,0,1,0.001004
9801273,,,5,7,12,5,7,12,31,0.070897,0.084872,0.000082,0.174242,1,0.013023
9801279,,,3,2,5,3,2,5,41,0.042558,0.046943,0,0.45,7,0.00222
9705327,,,5,2,7,5,2,7,40,0.044441,0.049475,0.000081,0.190476,7,0.00354
9611326,,,5,7,12,5,7,12,34,0.059401,0.070176,0.000278,0.068182,8,0.007541
9801283,,,3,3,6,3,3,6,33,0.063223,0.076534,0.000004,0.133333,8,0.001758
9707408,,,3,4,7,3,4,7,32,0.066614,0.079106,0.000259,0.071429,8,0.002409
9707387,,,20,8,28,20,8,28,33,0.06335,0.078771,0.000439,0.12037,9,0.020459
9706252,,,18,2,20,18,2,20,33,0.062605,0.074216,0.000013,0.152632,9,0.021913
9801285,,,1,2,3,1,2,3,34,0.059285,0.068755,0.000065,0.333333,8,0.014854
9610434,,,2,3,5,2,3,5,34,0.059333,0.069131,0.000003,0.15,5,0.002382
9801288,,,1,1,2,1,1,2,41,0.042562,0.047011,0,0,8,0.000981
6071,,,1,2,3,1,2,3,31,0.069256,0.085437,0.000163,0,0,0.000568
5219,,,1,2,3,1,2,3,30,0.070903,0.088377,0.000028,0,0,0.000568
9911380,,,1,4,5,1,4,5,31,0.072027,0.090815,0.000056,0.1,0,0.000568
9801294,,,8,3,11,8,3,11,34,0.058824,0.067219,0.000003,0.172727,5,0.009997
9611304,,,5,1,6,5,1,6,41,0.042551,0.046865,0.000156,0.033333,5,0.007532
9801295,,,2,6,8,2,6,8,29,0.079888,0.093831,0.000021,0.142857,10,0.001389
9606440,,,4,1,5,4,1,5,30,0.073866,0.084046,0.00002,0.15,10,0.003204
9703373,,,8,1,9,8,1,9,39,0.046501,0.052303,0.00001,0.097222,8,0.007161
9801297,,,10,10,20,10,10,20,28,0.086828,0.105901,0.0004,0.144737,10,0.008959
9705216,,,17,4,21,17,4,21,29,0.079765,0.09315,0.000116,0.114286,10,0.018371
9707504,,,3,2,5,3,2,5,29,0.079759,0.093036,0.000036,0.15,10,0.002361
9712496,,,11,13,24,11,13,24,28,0.086817,0.105965,0.000488,0.096014,10,0.009354
9711484,,,1,6,7,1,6,7,28,0.086702,0.104768,0,0.238095,10,0.001212
9702394,,,7,3,10,7,3,10,28,0.086662,0.104319,0.000107,0.277778,10,0.008737
9605337,,,7,1,8,7,1,8,41,0.042559,0.047006,0.00008,0.125,7,0.019711
9710268,,,27,2,29,27,2,29,35,0.056357,0.064881,0.000063,0.081281,7,0.053699
9711226,,,4,6,10,4,6,10,30,0.075388,0.089975,0.000992,0.1,8,0.003639
9711228,,,2,4,6,2,4,6,32,0.065962,0.075774,0.000213,0.166667,8,0.002368
9801301,,,5,2,7,5,2,7,36,0.053569,0.060888,0.00013,0.119048,12,0.014183
9712360,,,5,1,6,5,1,6,36,0.053565,0.060814,0.000039,0.266667,12,0.003975
9801303,,,2,8,10,2,8,10,36,0.052736,0.059861,0.000001,0.2,2,0.006948
9507371,,,46,3,49,46,3,49,45,0.036364,0.038966,0.000026,0.091412,2,0.157436
9709443,,,11,7,18,11,7,18,36,0.05377,0.062418,0.000035,0.333333,0,0.015198
9703422,,,14,9,23,14,9,23,30,0.073941,0.084915,0.002436,0.071146,0,0.015848
9506397,,,2,1,3,2,1,3,40,0.044423,0.049144,0.000001,0.166667,8,0.001803
9506402,,,1,5,6,1,5,6,38,0.048765,0.055856,0.00004,0.133333,12,0.000652
9801315,,,1,3,4,1,3,4,32,0.066624,0.078761,0.000005,0.083333,7,0.000578
9712324,,,3,5,8,3,5,8,31,0.071252,0.086072,0.000311,0.089286,7,0.004174
9801317,,,3,1,4,3,1,4,37,0.050748,0.057293,0,0.083333,6,0.003627
9801320,,,1,3,4,1,3,4,37,0.050903,0.057514,0.000001,0.083333,2,0.003253
9710406,,,1,1,2,1,1,2,31,0.068802,0.076934,0.000078,0,13,0.000571
9801323,,,2,2,4,2,2,4,42,0.040871,0.045172,0,0.333333,6,0.006727
9711211,,,3,4,7,3,4,7,29,0.08131,0.099194,0.000177,0.119048,7,0.005188
9711503,,,5,4,9,5,4,9,29,0.079811,0.093459,0.000439,0.111111,10,0.00849
9711416,,,5,2,7,5,2,7,39,0.046312,0.051771,0.000005,0.190476,2,0.054189
9711444,,,16,9,25,16,9,25,33,0.062949,0.074625,0.000139,0.153333,2,0.125457
9801328,,,1,2,3,1,2,3,32,0.066144,0.078019,0,0.166667,1,0.00092
9712353,,,5,7,12,5,7,12,34,0.059577,0.071459,0.000324,0.227273,4,0.021935
9608243,,,7,1,8,7,1,8,46,0.035088,0.037308,0,0.160714,4,0.023808
9707474,,,14,8,22,14,8,22,34,0.060376,0.075274,0.000088,0.103896,12,0.017513
9707543,,,11,2,13,11,2,13,38,0.048776,0.055932,0.000029,0.108974,12,0.011923
9506322,,,6,1,7,6,1,7,40,0.044422,0.04914,0,0.238095,12,0.010118
9710279,,,4,3,7,4,3,7,35,0.05659,0.06723,0.000063,0.047619,4,0.004877
9712307,,,17,7,24,17,7,24,34,0.059502,0.070696,0.000438,0.086957,2,0.038571
9801332,,,1,8,9,1,8,9,30,0.075128,0.089669,0.000027,0.111111,8,0.000707
9606264,,,8,2,10,8,2,10,40,0.044447,0.049619,0.000004,0.088889,8,0.006143
9712351,,,5,7,12,5,7,12,29,0.080683,0.096915,0.000554,0.128788,8,0.003335
102005,,,1,10,11,1,10,11,23,0.122111,0.145917,0.000383,0.127273,11,0.000631
9907393,,,1,2,3,1,2,3,27,0.084447,0.10072,0.000003,0,6,0.000571
7259,,,10,33,43,10,33,43,23,0.122426,0.15198,0.00053,0.173865,7,0.014322
9029,,,4,9,13,4,9,13,27,0.096326,0.119191,0.000089,0.147436,11,0.002716
5255,,,5,1,6,5,1,6,39,0.046348,0.051689,0,0.133333,2,0.003528
9804274,,,20,23,43,20,23,43,32,0.068482,0.093445,0.001602,0.11794,7,0.048193
102006,,,1,21,22,1,21,22,21,0.13804,0.168062,0.000004,0.119048,2,0.000744
12275,,,2,12,14,2,12,14,24,0.126043,0.160465,0.000193,0.087912,4,0.003054
6099,,,2,24,26,2,24,26,23,0.112187,0.14788,0.000006,0.136923,2,0.001575
9605386,,,3,1,4,3,1,4,42,0.040812,0.044522,0.000001,0.083333,2,0.00576
102009,,,3,16,19,3,16,19,26,0.094661,0.118324,0.000006,0.333333,8,0.001819
102010,,,9,6,15,9,6,15,24,0.115599,0.139792,0.000176,0.17619,3,0.007988
9801340,,,1,4,5,1,4,5,41,0.04194,0.046083,0.000001,0.25,2,0.003977
9801341,,,7,8,15,7,8,15,30,0.074978,0.089047,0.000257,0.061905,8,0.005582
9710300,,,10,8,18,10,8,18,31,0.069666,0.080326,0.000243,0.169935,8,0.009697
9712395,,,6,3,9,6,3,9,41,0.042586,0.047415,0.000047,0.208333,8,0.004961
9703324,,,6,1,7,6,1,7,34,0.059334,0.068965,0.000017,0.119048,8,0.005492
9801342,,,4,3,7,4,3,7,32,0.066997,0.080278,0.000109,0.190476,2,0.006014
9706211,,,5,4,9,5,4,9,39,0.046522,0.052899,0.000086,0.027778,2,0.00629
9608447,,,6,1,7,6,1,7,33,0.063801,0.077734,0.000038,0.166667,2,0.007499
102016,,,3,7,10,3,7,10,22,0.129397,0.153981,0.000391,0.211111,2,0.001901
9803323,,,10,3,13,10,3,13,33,0.063122,0.076125,0.00002,0.128205,2,0.024168
9905226,,,11,88,99,11,88,99,30,0.078193,0.10946,0.002184,0.040404,8,0.008398
9710541,,,11,4,15,11,4,15,35,0.056832,0.067551,0.000078,0.038095,8,0.010879
9903439,,,6,17,23,6,17,23,33,0.063125,0.076753,0.00028,0.075099,8,0.003563
10015,,,4,9,13,4,9,13,33,0.064576,0.082408,0.000166,0.153846,8,0.002523
7083,,,2,13,15,2,13,15,32,0.068761,0.089595,0.000121,0.114286,8,0.001216
10029,,,1,27,28,1,27,28,32,0.069353,0.093519,0.000318,0.165344,8,0.000648
9801348,,,11,1,12,11,1,12,34,0.059401,0.069463,0.000199,0.090909,9,0.016672
102021,,,6,15,21,6,15,21,23,0.127073,0.160265,0.000025,0.147619,2,0.004791
9294,,,11,20,31,11,20,31,22,0.133378,0.162562,0.000463,0.144828,2,0.011223
9708467,,,11,3,14,11,3,14,39,0.046545,0.053249,0.000003,0.197802,12,0.020623
102023,,,1,6,7,1,6,7,22,0.136734,0.167285,0.000024,0.119048,6,0.000568
11271,,,3,16,19,3,16,19,24,0.114963,0.140313,0.000019,0.119883,6,0.001752
9801352,,,12,3,15,12,3,15,40,0.044442,0.049408,0.000303,0.095238,8,0.009248
9603218,,,7,1,8,7,1,8,40,0.044425,0.049152,0.000001,0.142857,8,0.005797
9801353,,,21,2,23,21,2,23,32,0.067419,0.083567,0.000002,0.146245,6,0.035256
9611204,,,25,8,33,25,8,33,31,0.071283,0.086694,0.004726,0.104167,4,0.082818
102027,,,2,9,11,2,9,11,25,0.111987,0.13585,0.000101,0.236364,5,0.001439
7327,,,8,25,33,8,25,33,23,0.124999,0.156735,0.000452,0.094697,4,0.014737
9801359,,,4,6,10,4,6,10,36,0.053478,0.063446,0.000039,0.077778,6,0.003692
9705374,,,2,2,4,2,2,4,38,0.04854,0.054309,0.000081,0.083333,11,0.001744
9610350,,,5,3,8,5,3,8,40,0.044429,0.04935,0.000009,0.053571,6,0.010709
9801361,,,9,9,18,9,9,18,34,0.06014,0.072909,0.000028,0.120915,6,0.017909
9607319,,,29,2,31,29,2,31,34,0.059982,0.071031,0.000457,0.119355,6,0.071634
9709382,,,16,1,17,16,1,17,33,0.062882,0.073402,0.000002,0.099265,7,0.015109
9702297,,,6,1,7,6,1,7,32,0.066971,0.07939,0,0.214286,7,0.009312
9710298,,,3,1,4,3,1,4,33,0.062772,0.07251,0.000001,0.25,7,0.004515
9609357,,,22,3,25,22,3,25,30,0.075726,0.090361,0.001285,0.098333,7,0.065218
9801364,,,3,5,8,3,5,8,30,0.074302,0.085925,0.000054,0.339286,0,0.001709
9706494,,,4,4,8,4,4,8,33,0.063515,0.077493,0.000022,0.142857,6,0.005898
9702431,,,12,16,28,12,16,28,32,0.067317,0.084166,0.000653,0.080688,4,0.023923
9801366,,,3,7,10,3,7,10,29,0.079987,0.094336,0.000113,0.244444,10,0.002899
9707406,,,3,5,8,3,5,8,29,0.079913,0.093687,0.000084,0.196429,10,0.002604
9703247,,,3,2,5,3,2,5,28,0.086662,0.10424,0.000223,0.25,10,0.003027
102042,,,1,1,2,1,1,2,41,0.042539,0.046592,0,0.5,3,0.000788
102044,,,1,17,18,1,17,18,28,0.095882,0.127321,0.000055,0.150327,13,0.000577
9705474,,,18,10,28,18,10,28,30,0.076476,0.093734,0.002936,0.116402,13,0.030058
11076,,,3,4,7,3,4,7,30,0.076774,0.093869,0.000006,0.309524,13,0.002137
105335,,,3,8,11,3,8,11,27,0.095837,0.123893,0.003531,0.254545,13,0.002958
9908514,,,6,3,9,6,3,9,30,0.074971,0.087507,0.000002,0.291667,13,0.004348
5122,,,3,41,44,3,41,44,30,0.078399,0.104175,0.009286,0.081395,13,0.002183
9610354,,,13,4,17,13,4,17,30,0.075594,0.089431,0.001886,0.147059,13,0.011373
9606483,,,16,3,19,16,3,19,29,0.081709,0.099577,0.004618,0.175439,13,0.020593
8150,,,7,15,22,7,15,22,30,0.07748,0.097998,0.009948,0.181818,13,0.004821
12311,,,5,13,18,5,13,18,29,0.083481,0.101752,0.000306,0.251634,13,0.003291
103102,,,4,39,43,4,39,43,27,0.104442,0.145276,0.125555,0.060395,13,0.003741
102046,,,15,20,35,15,20,35,22,0.127375,0.152015,0.000274,0.213904,2,0.01461
12017,,,25,56,81,25,56,81,21,0.1416,0.172385,0.002245,0.089715,2,0.024588
4114,,,26,12,38,26,12,38,24,0.100873,0.124587,0.000023,0.178521,2,0.025703
9606474,,,13,11,24,13,11,24,38,0.048781,0.056668,0.000003,0.280797,5,0.027907
9704206,,,19,11,30,19,11,30,32,0.066725,0.080705,0.000129,0.104598,4,0.050648
9801377,,,7,4,11,7,4,11,40,0.044504,0.050032,0.000281,0.154545,8,0.006795
9610454,,,1,1,2,1,1,2,40,0.044425,0.049152,0,0.5,8,0.001025
102051,,,1,42,43,1,42,43,25,0.114855,0.151735,0.001222,0.042636,8,0.000686
6310,,,1,5,6,1,5,6,26,0.094736,0.114631,0.000079,0.1,8,0.000573
9907214,,,11,6,17,11,6,17,32,0.066687,0.079765,0.000003,0.091912,8,0.007388
9806541,,,2,4,6,2,4,6,42,0.040819,0.044628,0.000019,0.2,8,0.001276
9904376,,,1,5,6,1,5,6,30,0.075374,0.090748,0,0.1,8,0.000573
9903268,,,12,5,17,12,5,17,31,0.072119,0.091534,0.000016,0.194853,8,0.009171
10343,,,1,4,5,1,4,5,31,0.072498,0.092298,0.000003,0.05,8,0.000573
9006,,,7,25,32,7,25,32,29,0.082334,0.10611,0.001745,0.091734,8,0.004451
6321,,,18,12,30,18,12,30,30,0.07736,0.099472,0.000061,0.254926,8,0.01657
9906423,,,9,2,11,9,2,11,33,0.064133,0.079361,0.000362,0.1,8,0.005496
10040,,,2,11,13,2,11,13,27,0.092354,0.117224,0.000002,0.160256,8,0.001144
9901244,,,2,13,15,2,13,15,31,0.07215,0.092571,0.00001,0.066667,8,0.001214
9807229,,,23,13,36,23,13,36,30,0.076209,0.094235,0.000789,0.080952,8,0.027833
9605348,,,10,2,12,10,2,12,39,0.046496,0.052346,0.000085,0.075758,11,0.011816
102053,,,1,18,19,1,18,19,28,0.090015,0.115339,0.000095,0.125731,10,0.00057
9705409,,,8,3,11,8,3,11,30,0.073882,0.08429,0.000025,0.309091,10,0.006238
9610402,,,9,1,10,9,1,10,30,0.073867,0.084048,0,0.311111,10,0.007088
4268,,,3,3,6,3,3,6,31,0.071996,0.091046,0.000008,0.133333,8,0.002042
9709302,,,5,3,8,5,3,8,29,0.079797,0.09327,0,0.107143,10,0.003316
9801383,,,7,1,8,7,1,8,37,0.050839,0.057887,0.000007,0.125,11,0.006486
9801384,,,2,1,3,2,1,3,33,0.062055,0.070102,0,0.333333,1,0.001535
9801385,,,5,2,7,5,2,7,33,0.063276,0.075794,0.000011,0.047619,5,0.004047
9801387,,,4,2,6,4,2,6,43,0.038663,0.041337,0,0.466667,0,0.00278
9712363,,,6,1,7,6,1,7,42,0.040212,0.043221,0.000041,0.404762,0,0.004825
9712463,,,11,2,13,11,2,13,42,0.040215,0.043295,0.000228,0.185897,0,0.010297
9801388,,,8,17,25,8,17,25,31,0.070918,0.086249,0.000028,0.215,8,0.007258
9801390,,,2,2,4,2,2,4,35,0.056644,0.067951,0,0.416667,5,0.001851
9705337,,,74,35,109,74,35,109,34,0.060035,0.075885,0.001103,0.030496,6,0.09
102063,,,2,18,20,2,18,20,24,0.105324,0.13321,0.000083,0.118421,2,0.001533
9707457,,,9,1,10,9,1,10,43,0.039204,0.042278,0.000083,0.077778,2,0.03958
9910402,,,1,6,7,1,6,7,24,0.094645,0.111948,0,0.238095,2,0.000641
9707328,,,6,8,14,6,8,14,33,0.063319,0.078394,0.00072,0.126374,9,0.013997
11138,,,1,6,7,1,6,7,24,0.111972,0.136787,0.000026,0.142857,2,0.001252
5030,,,2,15,17,2,15,17,24,0.114051,0.14181,0.000017,0.202206,3,0.002252
7178,,,2,18,20,2,18,20,24,0.106203,0.137533,0.000588,0.239474,3,0.002502
10066,,,2,4,6,2,4,6,23,0.116545,0.148452,0.000126,0.166667,3,0.002605
9801395,,,2,6,8,2,6,8,35,0.05639,0.065394,0.000001,0.107143,6,0.001535
9801396,,,1,2,3,1,2,3,36,0.053298,0.060136,0,0,6,0.000587
102070,,,3,6,9,3,6,9,27,0.091912,0.10911,0.00001,0.152778,7,0.001902
9801399,,,2,6,8,2,6,8,30,0.074746,0.087652,0.000158,0.142857,0,0.001621
9610210,,,7,3,10,7,3,10,29,0.079785,0.093148,0.000815,0.122222,13,0.006649
9711477,,,3,2,5,3,2,5,31,0.070469,0.083545,0.000097,0.2,0,0.001787
9704262,,,14,1,15,14,1,15,30,0.073892,0.084166,0.000465,0.090476,0,0.009401
9708363,,,8,1,9,8,1,9,31,0.068811,0.07694,0.000013,0.194444,0,0.005562
9711213,,,2,4,6,2,4,6,29,0.07979,0.093242,0.000105,0.133333,13,0.001568
9801400,,,1,4,5,1,4,5,35,0.056713,0.06766,0.000025,0,11,0.000862
9709454,,,3,9,12,3,9,12,35,0.056979,0.069156,0.000029,0.106061,11,0.003324
102074,,,6,7,13,6,7,13,33,0.064696,0.082433,0.000005,0.173077,8,0.004209
9707300,,,2,1,3,2,1,3,35,0.055972,0.063472,0.000001,0,8,0.009857
7268,,,7,12,19,7,12,19,32,0.068953,0.090782,0.00009,0.266082,5,0.004637
102078,,,1,6,7,1,6,7,24,0.110794,0.13626,0.000002,0.02381,2,0.000573
8016,,,9,12,21,9,12,21,24,0.102933,0.131895,0.000022,0.221429,2,0.013655
9708213,,,18,3,21,18,3,21,37,0.050954,0.057827,0.000176,0.142857,2,0.096959
102079,,,1,35,36,1,35,36,23,0.118778,0.161317,0.00016,0.053968,2,0.000568
9709367,,,7,4,11,7,4,11,40,0.044466,0.049885,0.000006,0.227273,2,0.011366
8269,,,8,34,42,8,34,42,22,0.111685,0.144646,0.000088,0.0964,2,0.007242
9609486,,,7,9,16,7,9,16,32,0.067144,0.081696,0.000222,0.108333,2,0.01292
9608404,,,9,1,10,9,1,10,42,0.040802,0.044318,0.000129,0.255556,2,0.014105
9909303,,,1,15,16,1,15,16,27,0.084843,0.108302,0,0.154167,2,0.000568
9181,,,2,7,9,2,7,9,24,0.102319,0.1305,0,0.083333,2,0.001199
9912291,,,1,29,30,1,29,30,25,0.115581,0.155371,0.000022,0.041379,2,0.000568
9610222,,,9,33,42,9,33,42,31,0.071987,0.09236,0.005411,0.044135,4,0.018772
9705263,,,11,1,12,11,1,12,43,0.039204,0.042283,0.000113,0.219697,2,0.022053
9906429,,,3,18,21,3,18,21,25,0.105177,0.135119,0.0002,0.054762,2,0.002858
9711454,,,4,8,12,4,8,12,31,0.071615,0.089911,0.000128,0.159091,2,0.007925
9809207,,,7,7,14,7,7,14,34,0.060071,0.073108,0.000002,0.181319,2,0.006666
9903484,,,2,3,5,2,3,5,32,0.067722,0.082826,0.000002,0.1,2,0.003528
9807549,,,7,12,19,7,12,19,33,0.063704,0.078813,0.000206,0.102339,2,0.010755
102081,,,4,26,30,4,26,30,23,0.120807,0.146521,0.000082,0.178161,6,0.002401
9912263,,,1,10,11,1,10,11,24,0.097356,0.11676,0,0.454545,6,0.000738
9705265,,,3,8,11,3,8,11,32,0.065854,0.076038,0.000238,0.163636,4,0.006685
9707523,,,29,2,31,29,2,31,38,0.04876,0.055705,0.000026,0.106452,12,0.067796
9703455,,,14,5,19,14,5,19,28,0.087623,0.10793,0.164985,0.219298,12,0.028693
9708300,,,22,2,24,22,2,24,38,0.04876,0.055666,0.000003,0.144928,12,0.053641
9609467,,,20,3,23,20,3,23,38,0.048766,0.055807,0.000037,0.08498,12,0.044135
102085,,,4,5,9,4,5,9,25,0.111788,0.141213,0.00007,0.138889,11,0.005192
10153,,,5,2,7,5,2,7,26,0.086533,0.106173,0.000027,0.166667,11,0.003399
9801415,,,11,2,13,11,2,13,30,0.074012,0.084716,0.000551,0.115385,10,0.01006
9612448,,,4,4,8,4,4,8,29,0.079786,0.093201,0.000668,0.214286,13,0.003808
102089,,,2,13,15,2,13,15,24,0.114966,0.138008,0.001428,0.242857,1,0.002325
9801418,,,3,4,7,3,4,7,30,0.075633,0.089713,0.000021,0.261905,10,0.003676
9708232,,,4,2,6,4,2,6,30,0.075611,0.089415,0.000087,0.266667,10,0.002708
9607462,,,6,3,9,6,3,9,33,0.063875,0.078352,0.000317,0.111111,10,0.012402
102091,,,1,16,17,1,16,17,22,0.131493,0.157656,0.000001,0.216912,6,0.000626
9801420,,,4,8,12,4,8,12,31,0.071966,0.09256,0.000001,0.295455,7,0.015945
102093,,,2,38,40,2,38,40,25,0.108469,0.136546,0.000188,0.124359,8,0.001194
10198,,,4,37,41,4,37,41,24,0.116272,0.144608,0.000697,0.131707,8,0.002329
9903265,,,6,10,16,6,10,16,32,0.066333,0.078821,0.000091,0.120833,8,0.006873
9801422,,,5,8,13,5,8,13,33,0.063956,0.081926,0.000066,0.121795,11,0.009166
9703428,,,19,4,23,19,4,23,32,0.066074,0.076784,0.000995,0.029644,9,0.033608
9709229,,,13,2,15,13,2,15,39,0.046491,0.052207,0.000005,0.090476,11,0.018974
102096,,,1,20,21,1,20,21,23,0.121512,0.146504,0.000171,0.111905,4,0.000702
9812513,,,11,6,17,11,6,17,34,0.060731,0.075827,0.000004,0.209559,4,0.00819
9609218,,,12,5,17,12,5,17,34,0.059634,0.069979,0.000379,0.132353,4,0.015581
9511419,,,12,1,13,12,1,13,43,0.039217,0.042486,0,0.160256,4,0.016537
9604239,,,3,1,4,3,1,4,43,0.039204,0.042276,0,0.25,4,0.004164
9705417,,,27,4,31,27,4,31,34,0.060188,0.073045,0.000498,0.119355,4,0.066825
102097,,,4,15,19,4,15,19,23,0.126169,0.153292,0.000051,0.24269,11,0.002787
9902428,,,5,10,15,5,10,15,22,0.12722,0.148618,0.000513,0.07619,6,0.004674
12377,,,6,12,18,6,12,18,24,0.124351,0.156256,0.000058,0.216912,6,0.010658
9909497,,,10,23,33,10,23,33,27,0.086492,0.114179,0.000179,0.106061,6,0.024739
12254,,,1,11,12,1,11,12,27,0.094908,0.116099,0.00006,0.272727,12,0.002425
101217,,,2,12,14,2,12,14,24,0.123895,0.155639,0.000106,0.175824,6,0.007726
9703293,,,10,6,16,10,6,16,33,0.062629,0.073471,0.000266,0.045833,2,0.023307
11370,,,3,16,19,3,16,19,23,0.124537,0.151244,0.000003,0.204678,6,0.003703
9212,,,13,35,48,13,35,48,23,0.128911,0.163687,0.000362,0.120567,6,0.016238
102101,,,1,4,5,1,4,5,24,0.121081,0.149093,0.000006,0.2,6,0.000568
102102,,,2,1,3,2,1,3,24,0.096051,0.115741,0.000002,0,6,0.003204
102103,,,6,11,17,6,11,17,20,0.147732,0.180147,0.000578,0.113971,2,0.006437
9911224,,,9,72,81,9,72,81,24,0.108201,0.149112,0.000689,0.035648,2,0.010932
8232,,,9,36,45,9,36,45,20,0.147142,0.181604,0.001194,0.080303,2,0.008033
9801432,,,6,5,11,6,5,11,39,0.046554,0.053484,0.000003,0.309091,1,0.008689
9704436,,,11,6,17,11,6,17,39,0.046538,0.053294,0.000015,0.161765,1,0.015452
102105,,,1,5,6,1,5,6,22,0.134541,0.162132,0.000093,0.1,6,0.008089
9708485,,,3,2,5,3,2,5,35,0.05664,0.067863,0.000001,0.25,6,0.003181
9508334,,,7,1,8,7,1,8,40,0.044426,0.049282,0,0.178571,6,0.013414
9708282,,,3,4,7,3,4,7,34,0.059515,0.070803,0.000159,0.166667,1,0.002117
9606284,,,2,1,3,2,1,3,40,0.044426,0.049158,0.000079,0,8,0.001254
9801436,,,4,3,7,4,3,7,32,0.065765,0.074917,0.000081,0.190476,1,0.00604
102111,,,10,11,21,10,11,21,24,0.11342,0.13571,0.000006,0.233333,2,0.008845
9141,,,12,18,30,12,18,30,24,0.109139,0.138094,0.00003,0.245977,2,0.012921
9911258,,,16,16,32,16,16,32,25,0.096061,0.120729,0.000494,0.24496,2,0.035302
11247,,,21,19,40,21,19,40,23,0.121758,0.148092,0.000334,0.182051,2,0.019886
9801440,,,2,18,20,2,18,20,30,0.076239,0.096531,0.000107,0.073684,6,0.002428
9610460,,,3,7,10,3,7,10,29,0.080152,0.09548,0.001658,0.111111,6,0.0082
9705305,,,4,7,11,4,7,11,33,0.062054,0.071299,0.000476,0.1,11,0.007138
9703244,,,5,2,7,5,2,7,36,0.053626,0.061306,0.000177,0.119048,8,0.011116
102117,,,2,12,14,2,12,14,22,0.131207,0.155034,0,0.214286,6,0.001141
9707242,,,10,27,37,10,27,37,32,0.067167,0.085662,0.000113,0.138138,4,0.017921
9707225,,,36,9,45,36,9,45,29,0.081729,0.102033,0.006617,0.071212,7,0.07147
9801447,,,3,4,7,3,4,7,32,0.066951,0.081336,0,0.428571,7,0.002786
9801448,,,6,11,17,6,11,17,33,0.063395,0.079953,0.000229,0.117647,4,0.015538
102121,,,1,17,18,1,17,18,27,0.090411,0.115292,0,0.29085,8,0.000573
10150,,,6,24,30,6,24,30,27,0.096192,0.122977,0.000147,0.216749,8,0.004874
12136,,,3,30,33,3,30,33,27,0.091912,0.119398,0.000009,0.182765,8,0.001823
9908337,,,9,20,29,9,20,29,31,0.072088,0.09222,0.000019,0.178571,8,0.007637
11314,,,6,22,28,6,22,28,27,0.095225,0.12183,0.000177,0.242165,8,0.003895
7315,,,16,10,26,16,10,26,31,0.072787,0.093439,0.000002,0.267692,8,0.013271
7031,,,20,20,40,20,20,40,31,0.073022,0.096182,0.000137,0.149798,8,0.017983
10296,,,12,21,33,12,21,33,27,0.091473,0.116508,0.000284,0.20928,8,0.00855
105056,,,29,16,45,29,16,45,22,0.137241,0.163555,0.000431,0.137421,6,0.035163
12087,,,11,7,18,11,7,18,24,0.110972,0.131315,0.000048,0.150327,6,0.019357
9801451,,,1,9,10,1,9,10,34,0.058857,0.067885,0.000028,0.177778,0,0.006691
9705386,,,13,5,18,13,5,18,35,0.056052,0.064734,0.000282,0.104575,0,0.02048
9707317,,,4,4,8,4,4,8,44,0.0378,0.041443,0.000001,0.285714,0,0.005236
102124,,,2,8,10,2,8,10,29,0.088208,0.110817,0.000184,0.267857,12,0.001476
104048,,,7,19,26,7,19,26,28,0.094003,0.123625,0.000559,0.093333,12,0.00416
10257,,,3,3,6,3,3,6,29,0.083719,0.099885,0.000011,0.433333,12,0.001907
102254,,,5,21,26,5,21,26,28,0.094671,0.121504,0.000377,0.183077,12,0.003272
106305,,,1,6,7,1,6,7,30,0.082683,0.102203,0,0.4,12,0.000639
102203,,,3,8,11,3,8,11,29,0.08714,0.108329,0.000102,0.2,12,0.002115
9912351,,,6,2,8,6,2,8,29,0.08371,0.099811,0.000063,0.25,12,0.003729
9701360,,,10,5,15,10,5,15,30,0.073935,0.084633,0.000278,0.095238,0,0.008412
9706207,,,17,2,19,17,2,19,37,0.049926,0.054454,0.000187,0.128655,0,0.023521
9801454,,,1,5,6,1,5,6,30,0.075559,0.091294,0.000001,0.133333,6,0.001881
9705253,,,54,17,71,54,17,71,32,0.067307,0.083718,0.000272,0.126157,7,0.150616
9611406,,,5,6,11,5,6,11,34,0.060133,0.072749,0.000006,0.236364,1,0.01495
9705219,,,10,5,15,10,5,15,32,0.066593,0.078887,0,0.266667,7,0.019304
102130,,,2,7,9,2,7,9,26,0.102293,0.126005,0.000408,0.152778,1,0.001143
12244,,,3,7,10,3,7,10,25,0.104318,0.123691,0.001303,0.166667,1,0.00383
9111,,,1,5,6,1,5,6,30,0.079246,0.094175,0.000158,0.133333,1,0.000623
102131,,,25,2,27,25,2,27,25,0.112505,0.137082,0.000002,0.260684,6,0.054365
102133,,,1,16,17,1,16,17,26,0.104591,0.132889,0.008705,0.069853,8,0.000838
11298,,,1,21,22,1,21,22,31,0.073113,0.097859,0.000518,0.103896,8,0.00058
9908230,,,5,24,29,5,24,29,30,0.077552,0.10464,0.000428,0.051724,8,0.003289
102087,,,1,47,48,1,47,48,25,0.11147,0.144691,0.00753,0.073582,8,0.00058
9812322,,,10,10,20,10,10,20,35,0.057004,0.070059,0.00032,0.118421,8,0.007348
9709455,,,3,1,4,3,1,4,41,0.042558,0.046796,0,0.25,8,0.001956
5043,,,4,6,10,4,6,10,28,0.087941,0.109578,0.000378,0.155556,8,0.002511
9508311,,,10,1,11,10,1,11,39,0.046488,0.052075,0.000412,0.036364,8,0.010748
9903508,,,1,6,7,1,6,7,34,0.060339,0.075543,0.000001,0.190476,8,0.00058
102134,,,2,1,3,2,1,3,35,0.056254,0.065269,0,0.333333,8,0.001147
102135,,,1,9,10,1,9,10,27,0.094119,0.118108,0.000956,0.188889,7,0.00264
7132,,,1,10,11,1,10,11,26,0.100757,0.127244,0.000211,0.181818,7,0.000651
102137,,,1,15,16,1,15,16,27,0.088356,0.110151,0.000079,0.225,11,0.000568
8078,,,11,10,21,11,10,21,31,0.071727,0.089194,0.000029,0.154762,6,0.012495
102143,,,4,4,8,4,4,8,26,0.088427,0.111025,0.000261,0.053571,6,0.004838
10113,,,2,12,14,2,12,14,23,0.129295,0.163377,0.000781,0.054945,4,0.003036
6174,,,4,22,26,4,22,26,22,0.141861,0.183866,0.001425,0.027692,4,0.003574
10312,,,8,29,37,8,29,37,22,0.143171,0.181895,0.001701,0.060811,6,0.017875
8183,,,4,14,18,4,14,18,23,0.130382,0.165129,0.000931,0.132353,7,0.012282
102149,,,1,7,8,1,7,8,25,0.100061,0.115743,0.000004,0.214286,12,0.00058
9912338,,,4,23,27,4,23,27,24,0.110724,0.132136,0.001339,0.111111,12,0.003096
9710380,,,9,4,13,9,4,13,41,0.042591,0.047596,0.000003,0.24359,12,0.011055
9805390,,,5,6,11,5,6,11,35,0.056864,0.067974,0.00014,0.072727,11,0.007429
102150,,,1,7,8,1,7,8,25,0.104333,0.125477,0.000081,0.142857,1,0.000568
5056,,,1,13,14,1,13,14,32,0.068657,0.090772,0.000001,0.049451,1,0.000568
9605397,,,4,2,6,4,2,6,32,0.066967,0.079845,0.000195,0.1,1,0.002519
9909446,,,3,9,12,3,9,12,32,0.067473,0.08514,0.000466,0.083333,8,0.001886
9904471,,,2,6,8,2,6,8,33,0.064069,0.079849,0,0.232143,1,0.001135
9712325,,,8,4,12,8,4,12,34,0.059382,0.070076,0.000044,0.204545,1,0.005503
102152,,,3,3,6,3,3,6,30,0.073505,0.085948,0.000197,0.1,0,0.001827
9912448,,,2,3,5,2,3,5,32,0.066403,0.077713,0.000011,0.25,0,0.001256
11227,,,1,5,6,1,5,6,29,0.077486,0.090515,0.000091,0.2,0,0.000683
102156,,,5,46,51,5,46,51,23,0.132737,0.175002,0.000395,0.102745,6,0.008353
10025,,,1,16,17,1,16,17,23,0.123996,0.154031,0.000093,0.084559,6,0.001031
5027,,,11,51,62,11,51,62,23,0.131516,0.175765,0.000403,0.076943,6,0.012336
9709250,,,14,1,15,14,1,15,36,0.052714,0.058987,0.000001,0.047619,4,0.018393
8156,,,5,24,29,5,24,29,26,0.106101,0.134567,0.000338,0.181034,1,0.003726
8061,,,4,39,43,4,39,43,24,0.119427,0.155126,0.000006,0.121816,4,0.005278
102159,,,4,64,68,4,64,68,24,0.133791,0.185893,0.007879,0.060799,7,0.005229
7085,,,16,20,36,16,20,36,24,0.114865,0.144689,0.000028,0.155556,7,0.01883
8285,,,2,9,11,2,9,11,26,0.09841,0.123256,0.000158,0.281818,7,0.001433
102160,,,2,10,12,2,10,12,23,0.125576,0.153014,0.000117,0.068182,4,0.001603
9911288,,,1,7,8,1,7,8,26,0.091074,0.11426,0.000003,0.214286,5,0.000644
102161,,,1,11,12,1,11,12,27,0.102174,0.128178,0.000284,0.128788,10,0.000568
9703424,,,7,7,14,7,7,14,36,0.053981,0.064837,0.001703,0.096154,12,0.014577
9807384,,,5,7,12,5,7,12,28,0.087204,0.106992,0.000313,0.166667,10,0.003683
9703423,,,1,2,3,1,2,3,38,0.048758,0.055593,0,0.166667,12,0.000568
102163,,,12,17,29,12,17,29,23,0.128303,0.157242,0.000456,0.140394,7,0.00921
7078,,,7,10,17,7,10,17,23,0.118026,0.139046,0.00005,0.209559,7,0.01612
102164,,,3,2,5,3,2,5,33,0.064983,0.0823,0,0.3,0,0.002495
9227,,,4,5,9,4,5,9,32,0.069244,0.091505,0.000503,0.152778,0,0.003209
4065,,,6,11,17,6,11,17,24,0.117246,0.147043,0.000711,0.104762,5,0.004501
105049,,,2,4,6,2,4,6,25,0.115502,0.143249,0.000043,0.3,7,0.001251
102166,,,1,16,17,1,16,17,24,0.109875,0.140672,0.000002,0.198529,2,0.000649
9706242,,,45,10,55,45,10,55,37,0.049997,0.055395,0.000287,0.111448,2,0.101234
6319,,,28,74,102,28,74,102,23,0.107805,0.146464,0.002264,0.077364,2,0.050932
9904415,,,2,8,10,2,8,10,26,0.093685,0.113525,0.002327,0.111111,2,0.001197
102167,,,2,46,48,2,46,48,24,0.108852,0.147607,0.000134,0.093528,2,0.00156
8193,,,1,21,22,1,21,22,24,0.107255,0.140521,0.000034,0.12987,2,0.000642
4100,,,6,20,26,6,20,26,24,0.097711,0.121859,0.000018,0.129231,2,0.008112
9904257,,,9,7,16,9,7,16,29,0.078975,0.0942,0.000051,0.183333,2,0.016954
9712278,,,10,1,11,10,1,11,38,0.048486,0.054117,0,0.172727,2,0.066165
9805343,,,30,4,34,30,4,34,37,0.051005,0.058337,0.000087,0.121212,2,0.133004
9706546,,,12,2,14,12,2,14,47,0.033906,0.036021,0.000002,0.131868,2,0.06565
9805386,,,22,2,24,22,2,24,37,0.050953,0.057788,0.000028,0.043478,2,0.061531
9710403,,,15,5,20,15,5,20,37,0.050961,0.058025,0.000084,0.223684,2,0.111675
9269,,,11,24,35,11,24,35,24,0.109685,0.141108,0.00008,0.105882,2,0.010124
9709438,,,22,4,26,22,4,26,37,0.050954,0.057928,0.000212,0.173846,2,0.156927
102172,,,3,8,11,3,8,11,27,0.085925,0.101502,0.000009,0.172727,3,0.001851
102173,,,3,16,19,3,16,19,23,0.130528,0.163943,0.000846,0.154971,9,0.001819
7009,,,4,11,15,4,11,15,23,0.124748,0.153029,0.000732,0.119048,6,0.002499
9910483,,,8,18,26,8,18,26,23,0.117766,0.141693,0.000071,0.113846,5,0.005447
12184,,,2,12,14,2,12,14,22,0.141581,0.178412,0.000839,0.120879,9,0.001251
102174,,,2,17,19,2,17,19,24,0.101351,0.127246,0.000001,0.280702,3,0.001498
102176,,,16,2,18,16,2,18,23,0.124122,0.1474,0.000004,0.297386,6,0.03879
9703201,,,14,2,16,14,2,16,30,0.074955,0.087451,0.001301,0.0625,13,0.009708
9703203,,,2,2,4,2,2,4,37,0.051075,0.058714,0.000155,0,6,0.001498
9610237,,,10,1,11,10,1,11,42,0.040813,0.044524,0.000002,0.045455,4,0.009776
9703204,,,10,2,12,10,2,12,44,0.037766,0.041022,0.001035,0.022727,4,0.01767
5021,,,2,9,11,2,9,11,27,0.091468,0.116138,0.000001,0.154545,6,0.002763
9703206,,,1,2,3,1,2,3,35,0.056817,0.067174,0,0.333333,5,0.001606
208177,,,1,29,30,1,29,30,22,0.144363,0.171826,0.006125,0.146552,6,0.000722
104267,,,7,9,16,7,9,16,22,0.1335,0.155666,0.000117,0.175,6,0.008794
207310,,,1,12,13,1,12,13,22,0.143247,0.168534,0.006041,0.185897,10,0.000573
9707362,,,10,1,11,10,1,11,44,0.037749,0.040615,0.000001,0.2,8,0.007544
209187,,,2,19,21,2,19,21,22,0.143572,0.168771,0.009695,0.205263,6,0.003508
106025,,,23,16,39,23,16,39,22,0.144271,0.171114,0.003165,0.114509,6,0.017629
107154,,,6,29,35,6,29,35,21,0.160807,0.195037,0.004906,0.113191,6,0.004014
205102,,,2,29,31,2,29,31,21,0.161868,0.197132,0.000233,0.173118,6,0.001295
112255,,,16,10,26,16,10,26,22,0.138842,0.161022,0.000051,0.23,6,0.011797
102187,,,8,16,24,8,16,24,24,0.106125,0.138741,0.001718,0.106884,2,0.005403
11104,,,2,17,19,2,17,19,27,0.093862,0.119476,0.000018,0.169591,2,0.001684
8041,,,9,10,19,9,10,19,26,0.096088,0.121286,0.000107,0.149123,2,0.006268
4243,,,5,4,9,5,4,9,33,0.064162,0.083477,0.000002,0.125,2,0.003607
9906366,,,12,11,23,12,11,23,27,0.093272,0.117229,0.000135,0.160079,2,0.012003
9611462,,,7,9,16,7,9,16,31,0.070428,0.082496,0.001142,0.208333,0,0.018372
9610335,,,7,4,11,7,4,11,35,0.055381,0.06161,0.000025,0.2,0,0.021856
9703215,,,10,2,12,10,2,12,38,0.04855,0.05444,0.000166,0.090909,2,0.014142
9703216,,,2,1,3,2,1,3,43,0.039209,0.042377,0.000075,0.166667,11,0.004617
102180,,,29,18,47,29,18,47,23,0.13231,0.162226,0.000017,0.238205,6,0.0606
9802216,,,5,5,10,5,5,10,33,0.063677,0.077854,0.000091,0.188889,5,0.008974
9353,,,1,11,12,1,11,12,27,0.080326,0.10318,0.000223,0.106061,2,0.004254
9901344,,,3,11,14,3,11,14,26,0.085892,0.108631,0.00012,0.093407,2,0.007273
104024,,,7,6,13,7,6,13,26,0.089249,0.109315,0.000091,0.064103,11,0.008216
9703219,,,2,6,8,2,6,8,28,0.086677,0.104536,0.0001,0.339286,13,0.001369
9607412,,,4,4,8,4,4,8,28,0.086665,0.10437,0,0.428571,13,0.002635
9510268,,,6,2,8,6,2,8,28,0.086659,0.10424,0.000296,0.339286,13,0.004391
102199,,,37,18,55,37,18,55,23,0.133905,0.166494,0.000105,0.203367,6,0.064084
9907438,,,4,8,12,4,8,12,24,0.105332,0.130493,0.000335,0.045455,7,0.009327
9703225,,,5,1,6,5,1,6,44,0.03775,0.040616,0.000028,0.166667,8,0.0038
9611396,,,2,1,3,2,1,3,43,0.039228,0.042498,0.000157,0.166667,8,0.001637
9703226,,,14,11,25,14,11,25,39,0.046545,0.053653,0.00004,0.085,12,0.02187
9412305,,,10,1,11,10,1,11,41,0.042536,0.046582,0.000002,0.109091,12,0.019575
9703228,,,7,4,11,7,4,11,40,0.044461,0.049803,0.000101,0.063636,8,0.005656
9606470,,,5,1,6,5,1,6,40,0.044424,0.049151,0,0.166667,8,0.00395
9703230,,,1,5,6,1,5,6,36,0.053487,0.061627,0.000001,0.233333,6,0.002155
9703231,,,2,9,11,2,9,11,36,0.053551,0.06262,0.000004,0.1,6,0.001422
9602341,,,7,1,8,7,1,8,41,0.042536,0.046583,0.000001,0.107143,6,0.010407
102209,,,4,9,13,4,9,13,27,0.092322,0.11137,0.000227,0.288462,8,0.002503
10161,,,1,18,19,1,18,19,26,0.100709,0.125242,0.000128,0.181287,8,0.000744
9904375,,,1,4,5,1,4,5,32,0.066604,0.078864,0,0.2,8,0.000744
9703234,,,2,5,7,2,5,7,28,0.086707,0.104721,0.000001,0.333333,13,0.001369
9509398,,,11,3,14,11,3,14,27,0.094879,0.119447,0.013674,0.10989,13,0.007946
102211,,,10,4,14,10,4,14,23,0.125946,0.150598,0.000079,0.335165,6,0.024906
9709258,,,1,1,2,1,1,2,42,0.040827,0.044588,0,0,6,0.001859
102213,,,4,14,18,4,14,18,28,0.089301,0.109591,0.000031,0.140523,10,0.002513
9703238,,,9,1,10,9,1,10,43,0.039227,0.042497,0,0.166667,8,0.007785
102216,,,2,4,6,2,4,6,27,0.085129,0.097585,0.000009,0.266667,3,0.001567
102217,,,1,3,4,1,3,4,32,0.067975,0.085937,0,0.25,7,0.000851
9812434,,,2,13,15,2,13,15,31,0.072523,0.095906,0.000079,0.161905,7,0.002511
102218,,,3,31,34,3,31,34,24,0.125756,0.159905,0.000024,0.170232,6,0.003728
12145,,,6,21,27,6,21,27,25,0.115388,0.149198,0.000138,0.179487,6,0.005058
12337,,,4,19,23,4,19,23,23,0.131572,0.164116,0.000104,0.193676,6,0.004897
8052,,,3,14,17,3,14,17,24,0.115036,0.144101,0.000061,0.264706,6,0.002404
9702207,,,8,3,11,8,3,11,36,0.05364,0.061525,0.000134,0.054545,8,0.00868
9703245,,,6,5,11,6,5,11,41,0.042556,0.047014,0.000229,0.045455,8,0.004928
9606294,,,7,1,8,7,1,8,41,0.042542,0.046648,0.000119,0.035714,8,0.004953
102222,,,20,9,29,20,9,29,23,0.132704,0.162522,0.000006,0.323892,6,0.036115
102223,,,2,29,31,2,29,31,25,0.109267,0.138678,0.000241,0.112903,12,0.003271
10208,,,7,72,79,7,72,79,27,0.097766,0.131781,0.002392,0.065888,12,0.005061
9803493,,,13,5,18,13,5,18,32,0.065948,0.077095,0.000266,0.081699,11,0.016207
9804263,,,4,4,8,4,4,8,32,0.066653,0.078977,0.000003,0.25,12,0.002777
7152,,,5,38,43,5,38,43,26,0.09813,0.125311,0.000862,0.079734,12,0.003258
9802218,,,13,29,42,13,29,42,31,0.071891,0.09205,0.000272,0.090012,12,0.013284
9809208,,,1,3,4,1,3,4,38,0.048224,0.054712,0.000002,0.166667,2,0.000631
9711316,,,12,6,18,12,6,18,42,0.040241,0.043867,0.000382,0.035948,2,0.013319
9612490,,,14,17,31,14,17,31,33,0.063238,0.078003,0.000791,0.087097,4,0.041769
102227,,,12,24,36,12,24,36,22,0.139131,0.17365,0.000664,0.11746,11,0.007942
12176,,,2,5,7,2,5,7,33,0.06542,0.087013,0,0.309524,11,0.002261
7289,,,8,11,19,8,11,19,33,0.0659,0.090922,0.000254,0.143275,11,0.006643
102228,,,6,45,51,6,45,51,21,0.140189,0.171833,0.000179,0.119608,2,0.004984
9903509,,,17,1,18,17,1,18,26,0.086073,0.100054,0.000094,0.114379,2,0.01562
6040,,,12,31,43,12,31,43,23,0.114413,0.148508,0.000208,0.151163,2,0.010969
11172,,,7,21,28,7,21,28,23,0.12522,0.156433,0.001749,0.116402,4,0.005638
11307,,,21,15,36,21,15,36,20,0.143276,0.163379,0.029484,0.103175,2,0.03757
9905340,,,7,8,15,7,8,15,22,0.110622,0.14011,0.000139,0.061905,2,0.012459
9812403,,,10,20,30,10,20,30,23,0.109951,0.139251,0.00406,0.049425,2,0.02244
9906383,,,15,12,27,15,12,27,24,0.102807,0.129774,0.000736,0.121083,2,0.013871
7010,,,8,11,19,8,11,19,26,0.091347,0.111114,0.000458,0.096491,4,0.007018
10087,,,11,48,59,11,48,59,22,0.134034,0.171554,0.000128,0.111046,2,0.00877
9810282,,,9,14,23,9,14,23,33,0.063317,0.078404,0.000302,0.071146,4,0.008608
102229,,,1,15,16,1,15,16,29,0.08591,0.112681,0.000303,0.216667,8,0.000632
10305,,,2,8,10,2,8,10,30,0.074873,0.094858,0.000164,0.322222,8,0.001259
8260,,,4,30,34,4,30,34,28,0.092743,0.127175,0.002287,0.095365,8,0.002441
9912297,,,2,5,7,2,5,7,34,0.061333,0.077753,0.000014,0.142857,11,0.001138
9910379,,,5,8,13,5,8,13,32,0.066953,0.081149,0.000134,0.25,8,0.003777
10030,,,3,11,14,3,11,14,30,0.075147,0.096156,0.00002,0.252747,8,0.001831
9806353,,,6,1,7,6,1,7,38,0.048079,0.053048,0,0.238095,8,0.004623
9712339,,,7,3,10,7,3,10,37,0.050504,0.056551,0.00008,0.177778,8,0.006559
6153,,,4,4,8,4,4,8,32,0.066351,0.078329,0.000102,0.285714,8,0.00245
7257,,,4,3,7,4,3,7,32,0.068136,0.08653,0.000006,0.380952,8,0.002514
9908473,,,4,7,11,4,7,11,32,0.066506,0.079527,0.000001,0.209091,8,0.002827
9703254,,,7,12,19,7,12,19,29,0.080886,0.098696,0.001321,0.046784,8,0.006666
9611208,,,6,8,14,6,8,14,34,0.058857,0.067702,0.000079,0.049451,8,0.006045
9607340,,,2,1,3,2,1,3,42,0.040825,0.044651,0.000004,0,8,0.001706
9602331,,,2,7,9,2,7,9,34,0.060124,0.072552,0.00012,0.027778,4,0.005102
5185,,,2,7,9,2,7,9,34,0.060837,0.076795,0.000002,0.277778,4,0.001722
9703258,,,5,6,11,5,6,11,30,0.073922,0.084615,0.000674,0.2,0,0.004743
9602343,,,14,1,15,14,1,15,29,0.079749,0.092873,0.005483,0.119048,0,0.013263
102235,,,4,5,9,4,5,9,24,0.100727,0.125297,0.000021,0.180556,2,0.003719
9703261,,,5,1,6,5,1,6,45,0.036422,0.039387,0.000001,0.166667,4,0.004512
9703262,,,1,3,4,1,3,4,39,0.046508,0.052413,0.000001,0.333333,10,0.001139
9610440,,,6,1,7,6,1,7,39,0.046502,0.052264,0.000083,0.166667,10,0.005062
9612238,,,2,1,3,2,1,3,40,0.044438,0.049281,0,0.5,10,0.001732
9703263,,,2,1,3,2,1,3,36,0.053086,0.05982,0,0.333333,4,0.002375
9703264,,,3,9,12,3,9,12,33,0.063128,0.076317,0.000139,0.166667,11,0.004854
102241,,,9,15,24,9,15,24,22,0.13796,0.170086,0.000441,0.130435,11,0.005694
102242,,,20,19,39,20,19,39,23,0.136482,0.171428,0.000055,0.267206,6,0.038218
102243,,,17,17,34,17,17,34,21,0.148204,0.182497,0.000131,0.303427,6,0.033515
9703269,,,1,15,16,1,15,16,33,0.062873,0.074531,0.000105,0.175,1,0.008802
9607418,,,9,9,18,9,9,18,35,0.056738,0.066962,0.000004,0.130719,1,0.009094
102247,,,4,9,13,4,9,13,26,0.099464,0.123329,0.000026,0.160256,8,0.002583
12014,,,4,8,12,4,8,12,25,0.108645,0.141196,0.00093,0.25,12,0.003019
9907387,,,7,3,10,7,3,10,32,0.069258,0.091628,0.000098,0.244444,8,0.008719
102248,,,1,15,16,1,15,16,29,0.088359,0.11258,0.000207,0.320833,13,0.000792
12013,,,4,13,17,4,13,17,28,0.088653,0.109089,0.00019,0.294118,13,0.002914
9809212,,,1,4,5,1,4,5,32,0.066942,0.080539,0.000157,0.25,12,0.001508
9703275,,,10,1,11,10,1,11,41,0.042538,0.046605,0,0.209091,6,0.011174
5068,,,2,12,14,2,12,14,24,0.096147,0.119624,0.000015,0.126374,2,0.002941
9903252,,,20,29,49,20,29,49,23,0.104465,0.130393,0.000917,0.124575,2,0.048579
9606360,,,37,2,39,37,2,39,46,0.03509,0.03739,0.000055,0.08502,2,0.136234
9809501,,,11,6,17,11,6,17,33,0.063558,0.076937,0.000025,0.158088,2,0.032703
3030,,,5,20,25,5,20,25,31,0.073054,0.097965,0.000088,0.17,12,0.00341
9906406,,,6,3,9,6,3,9,31,0.071619,0.088637,0.000043,0.152778,12,0.005508
9812521,,,11,11,22,11,11,22,30,0.076437,0.095321,0.000533,0.0671,12,0.0125
3031,,,3,9,12,3,9,12,31,0.07231,0.091805,0.000005,0.189394,12,0.002161
9106,,,3,6,9,3,6,9,31,0.072439,0.091161,0,0.291667,12,0.00212
9711251,,,20,7,27,20,7,27,35,0.055946,0.064587,0.000013,0.18661,12,0.020997
10070,,,3,10,13,3,10,13,30,0.077762,0.100728,0.000005,0.275641,12,0.00212
5175,,,1,7,8,1,7,8,27,0.096963,0.118044,0.000186,0.125,1,0.000808
12283,,,4,22,26,4,22,26,27,0.093055,0.117349,0.000353,0.22,12,0.002536
9906495,,,5,9,14,5,9,14,31,0.071532,0.088444,0.000041,0.247253,12,0.004713
1246,,,2,7,9,2,7,9,23,0.109775,0.138413,0.000024,0.125,2,0.004275
9703280,,,9,6,15,9,6,15,29,0.080279,0.095432,0.003504,0.085714,1,0.008785
9701361,,,5,1,6,5,1,6,42,0.040807,0.044356,0.000001,0.133333,1,0.005826
102257,,,5,25,30,5,25,30,26,0.103709,0.12666,0.000013,0.240148,1,0.003554
6096,,,5,26,31,5,26,31,25,0.108632,0.132607,0.000606,0.211828,1,0.003557
7197,,,3,21,24,3,21,24,26,0.103606,0.128656,0.000763,0.221014,1,0.002668
4018,,,5,9,14,5,9,14,28,0.090788,0.108809,0.000005,0.252747,1,0.004329
11254,,,6,20,26,6,20,26,26,0.104327,0.129017,0.001554,0.23,1,0.003729
9612485,,,2,3,5,2,3,5,32,0.066501,0.078131,0.000009,0.2,7,0.003291
9703233,,,10,2,12,10,2,12,43,0.039241,0.042755,0.000015,0.143939,5,0.017524
9802259,,,1,4,5,1,4,5,33,0.063325,0.076449,0.000001,0.1,5,0.00264
12264,,,2,16,18,2,16,18,24,0.099271,0.125161,0.000537,0.062092,4,0.003377
12217,,,1,7,8,1,7,8,33,0.064489,0.081425,0.000558,0.071429,7,0.00264
9809214,,,1,5,6,1,5,6,30,0.074829,0.088017,0.000036,0.266667,0,0.000573
9804239,,,4,4,8,4,4,8,31,0.069687,0.080421,0.000237,0.232143,0,0.00258
9610470,,,9,12,21,9,12,21,34,0.058836,0.068082,0.000069,0.25,4,0.021721
9610458,,,15,6,21,15,6,21,35,0.055454,0.062201,0.000002,0.219048,4,0.022766
9903228,,,6,13,19,6,13,19,31,0.070452,0.085532,0.001287,0.035088,8,0.004455
102264,,,1,6,7,1,6,7,27,0.088346,0.112875,0.00001,0.261905,0,0.000691
10308,,,7,13,20,7,13,20,24,0.10845,0.144446,0.000038,0.142105,2,0.007387
9805293,,,31,4,35,31,4,35,38,0.04853,0.054631,0.000007,0.078151,2,0.161243
102266,,,1,30,31,1,30,31,27,0.102345,0.132949,0.000253,0.098925,1,0.000755
9910496,,,1,39,40,1,39,40,26,0.099372,0.12418,0.000006,0.072436,11,0.000576
9901330,,,2,24,26,2,24,26,31,0.072587,0.095723,0.000083,0.152308,1,0.001386
5139,,,6,13,19,6,13,19,35,0.056983,0.069293,0.000007,0.152047,1,0.00628
12002,,,5,10,15,5,10,15,26,0.104896,0.135092,0.000239,0.161905,1,0.003514
9707496,,,4,14,18,4,14,18,39,0.046552,0.053914,0.000003,0.235294,1,0.005036
9806258,,,5,17,22,5,17,22,32,0.067313,0.085109,0.000267,0.136364,1,0.005392
9708257,,,12,2,14,12,2,14,34,0.059581,0.070645,0.000262,0.159341,0,0.012586
9702403,,,6,1,7,6,1,7,31,0.068785,0.076836,0.001378,0.071429,0,0.006973
102269,,,1,19,20,1,19,20,25,0.105274,0.142621,0.000304,0.068421,10,0.000628
9812388,,,2,2,4,2,2,4,31,0.069999,0.08226,0.000001,0.083333,10,0.001138
9703406,,,6,5,11,6,5,11,29,0.07977,0.093224,0.000071,0.245455,10,0.005154
102270,,,4,30,34,4,30,34,24,0.133092,0.177177,0.000176,0.120321,6,0.004384
101250,,,5,24,29,5,24,29,23,0.13384,0.177535,0.000141,0.119458,2,0.004411
5260,,,11,54,65,11,54,65,24,0.121584,0.1637,0.000435,0.067548,6,0.010432
9709329,,,4,11,15,4,11,15,31,0.069789,0.081811,0.000079,0.161905,6,0.004558
7206,,,2,17,19,2,17,19,24,0.117606,0.153006,0.000002,0.184211,6,0.001726
4214,,,7,11,18,7,11,18,24,0.114307,0.140202,0.00011,0.228758,3,0.006404
9804236,,,2,6,8,2,6,8,35,0.056634,0.067242,0.000099,0.160714,4,0.009329
9703295,,,1,11,12,1,11,12,31,0.071323,0.087169,0.00009,0.068182,7,0.000575
9610243,,,12,1,13,12,1,13,32,0.066971,0.079388,0.000004,0.102564,7,0.032881
9609310,,,8,4,12,8,4,12,32,0.067087,0.080678,0.000009,0.143939,7,0.016592
9607415,,,1,11,12,1,11,12,33,0.062378,0.072803,0.000001,0.098485,4,0.000568
9609324,,,7,20,27,7,20,27,31,0.071944,0.090917,0.000469,0.095442,7,0.019367
9611422,,,12,5,17,12,5,17,40,0.04445,0.04976,0.000262,0.102941,4,0.011764
102273,,,3,8,11,3,8,11,28,0.084869,0.106544,0.000004,0.272727,8,0.00187
9311,,,4,3,7,4,3,7,31,0.071862,0.088598,0,0.433333,8,0.002825
9611313,,,7,1,8,7,1,8,32,0.066154,0.076255,0.000065,0.178571,1,0.012862
6123,,,5,7,12,5,7,12,24,0.112051,0.136634,0.000546,0.155556,3,0.005437
5104,,,14,45,59,14,45,59,24,0.118446,0.1516,0.004376,0.06734,2,0.014617
9805221,,,7,1,8,7,1,8,35,0.056661,0.067228,0,0.196429,3,0.010936
5310,,,9,12,21,9,12,21,23,0.118589,0.144708,0.001566,0.119883,3,0.008418
102276,,,4,5,9,4,5,9,24,0.104839,0.134173,0.000002,0.166667,2,0.005466
9908427,,,8,11,19,8,11,19,22,0.131966,0.156259,0.000433,0.093567,6,0.00752
102279,,,13,26,39,13,26,39,23,0.118182,0.157061,0.00036,0.197031,3,0.014912
12227,,,2,16,18,2,16,18,24,0.113473,0.146991,0.000032,0.212418,3,0.002317
9408393,,,1,1,2,1,1,2,38,0.048751,0.05548,0,0.5,5,0.009599
9703308,,,3,1,4,3,1,4,42,0.040816,0.044499,0,0.166667,8,0.006703
9809218,,,3,4,7,3,4,7,31,0.069759,0.079637,0.000197,0.119048,13,0.001819
9709339,,,1,2,3,1,2,3,31,0.069741,0.079486,0,0.5,13,0.000683
9709340,,,1,1,2,1,1,2,31,0.069738,0.079417,0,0.5,13,0.000683
102287,,,3,16,19,3,16,19,25,0.113555,0.143138,0.00013,0.166667,7,0.002067
102289,,,3,5,8,3,5,8,25,0.110584,0.134657,0.000041,0.357143,7,0.002067
12023,,,2,14,16,2,14,16,27,0.094234,0.116466,0.000007,0.191667,10,0.001262
102028,,,2,6,8,2,6,8,25,0.110307,0.134372,0.000004,0.142857,7,0.00139
6045,,,7,22,29,7,22,29,28,0.092898,0.11957,0.000407,0.080688,10,0.004948
12313,,,12,19,31,12,19,31,24,0.105294,0.132416,0.00118,0.119355,2,0.026282
102292,,,1,33,34,1,33,34,27,0.100873,0.132544,0.000006,0.175579,1,0.000625
8007,,,3,26,29,3,26,29,27,0.098725,0.124514,0.000191,0.151478,1,0.001706
9909356,,,6,26,32,6,26,32,26,0.104203,0.130811,0.002114,0.200605,1,0.005938
9607207,,,10,4,14,10,4,14,33,0.063421,0.07653,0.000186,0.148352,4,0.016283
9703318,,,7,6,13,7,6,13,34,0.059745,0.070978,0.000001,0.25,4,0.00632
102295,,,2,26,28,2,26,28,20,0.171752,0.21848,0.00014,0.132275,7,0.001375
101336,,,13,322,335,13,322,335,19,0.187383,0.257085,0.02362,0.028063,7,0.009176
11396,,,2,32,34,2,32,34,20,0.158696,0.205513,0.00219,0.062389,7,0.001944
11388,,,2,22,24,2,22,24,23,0.123748,0.16619,0.000118,0.144928,2,0.001296
9612493,,,7,7,14,7,7,14,32,0.067087,0.081239,0.00061,0.098901,4,0.010989
102300,,,1,3,4,1,3,4,31,0.069453,0.079115,0.000009,0.416667,10,0.000573
9703326,,,3,11,14,3,11,14,31,0.070953,0.08614,0.000001,0.247253,0,0.003043
102303,,,2,14,16,2,14,16,28,0.089474,0.114089,0.000164,0.233333,8,0.001548
7014,,,1,11,12,1,11,12,29,0.080372,0.106312,0.000007,0.174242,8,0.000642
7125,,,2,4,6,2,4,6,32,0.068046,0.084391,0.000001,0.233333,8,0.001323
4001,,,5,27,32,5,27,32,24,0.111466,0.137402,0.000039,0.216734,4,0.006455
9908482,,,7,7,14,7,7,14,33,0.064493,0.08434,0.000264,0.224359,4,0.008427
9806290,,,9,23,32,9,23,32,31,0.0727,0.098907,0.000142,0.220766,4,0.011915
102306,,,3,6,9,3,6,9,24,0.104901,0.12599,0.00008,0.097222,3,0.002303
4064,,,2,2,4,2,2,4,35,0.055627,0.062956,0.000006,0,4,0.001541
102307,,,2,7,9,2,7,9,25,0.10584,0.127842,0.000001,0.277778,3,0.001765
102308,,,1,8,9,1,8,9,21,0.136985,0.164443,0.000025,0.152778,6,0.000952
9703333,,,1,1,2,1,1,2,40,0.044426,0.049153,0,0,1,0.000571
12371,,,3,12,15,3,12,15,24,0.114216,0.143657,0.00002,0.171429,7,0.002963
11337,,,5,30,35,5,30,35,25,0.109268,0.142146,0.000096,0.132773,7,0.003274
4007,,,2,18,20,2,18,20,24,0.11201,0.137406,0.00018,0.089474,7,0.001401
9910530,,,2,34,36,2,34,36,26,0.099564,0.128395,0.000011,0.163492,7,0.001258
4008,,,1,23,24,1,23,24,29,0.086597,0.112149,0.000403,0.152174,8,0.000576
9911242,,,1,29,30,1,29,30,32,0.069283,0.0945,0.000035,0.127586,8,0.000568
9910223,,,5,26,31,5,26,31,28,0.091438,0.115097,0.00099,0.104598,11,0.004723
9910224,,,5,8,13,5,8,13,29,0.084013,0.101903,0.0003,0.204545,11,0.004712
9909269,,,1,4,5,1,4,5,33,0.065263,0.084765,0.000001,0.05,8,0.000568
9905249,,,6,26,32,6,26,32,32,0.067924,0.087482,0.000168,0.115927,11,0.005628
9812336,,,7,4,11,7,4,11,41,0.042654,0.047887,0.000273,0.109091,8,0.00575
9807221,,,3,2,5,3,2,5,42,0.040825,0.044651,0.000059,0.1,12,0.003242
9911228,,,2,23,25,2,23,25,32,0.069147,0.092886,0.000057,0.175,8,0.001139
102313,,,1,10,11,1,10,11,30,0.076191,0.094561,0.000006,0.3,8,0.000607
10128,,,2,11,13,2,11,13,30,0.076259,0.095224,0.00001,0.179487,8,0.001176
9510450,,,1,2,3,1,2,3,41,0.042545,0.04681,0,0.166667,1,0.000801
4061,,,2,7,9,2,7,9,32,0.068897,0.088331,0.000037,0.291667,4,0.004815
102316,,,3,11,14,3,11,14,20,0.159673,0.196755,0.000019,0.247253,7,0.001825
9710245,,,23,2,25,23,2,25,31,0.071309,0.08685,0.000027,0.165,7,0.066817
9711402,,,25,9,34,25,9,34,30,0.07647,0.096015,0.000123,0.090018,7,0.036056
102317,,,2,13,15,2,13,15,24,0.109468,0.130437,0.000082,0.247253,6,0.001208
102318,,,1,9,10,1,9,10,24,0.108752,0.127901,0,0.402778,6,0.000626
9908501,,,2,4,6,2,4,6,32,0.068623,0.09081,0.000159,0.1,11,0.002296
9806434,,,6,6,12,6,6,12,35,0.055702,0.063278,0.000001,0.234848,8,0.010113
9908528,,,1,12,13,1,12,13,31,0.071627,0.089362,0.000001,0.185897,8,0.001714
4016,,,1,2,3,1,2,3,32,0.066026,0.076708,0,0.5,0,0.000799
9908323,,,8,6,14,8,6,14,32,0.066568,0.079264,0.000014,0.307692,0,0.005798
102321,,,1,25,26,1,25,26,24,0.109937,0.136875,0.000033,0.190769,8,0.000568
8280,,,3,21,24,3,21,24,24,0.113019,0.135454,0.00013,0.186594,8,0.001871
9711292,,,21,6,27,21,6,27,30,0.074903,0.087777,0.000172,0.191667,1,0.038914
9154,,,7,2,9,7,2,9,24,0.115838,0.147035,0.000133,0.180556,3,0.007423
9901346,,,2,6,8,2,6,8,26,0.091507,0.112089,0.000059,0.089286,5,0.003235
4266,,,5,8,13,5,8,13,24,0.102321,0.125496,0.00001,0.076923,4,0.005854
9906283,,,1,13,14,1,13,14,27,0.091073,0.121129,0.000063,0.071429,11,0.002577
9708269,,,1,4,5,1,4,5,35,0.057036,0.069562,0.000005,0.15,9,0.002577
12092,,,3,25,28,3,25,28,23,0.122978,0.157377,0.000153,0.146825,3,0.003857
9709375,,,1,4,5,1,4,5,41,0.042559,0.047137,0.000001,0.1,4,0.002577
4021,,,2,6,8,2,6,8,30,0.082086,0.103076,0.000005,0.267857,12,0.00119
9901430,,,12,4,16,12,4,16,32,0.067962,0.084736,0.000107,0.114286,12,0.009615
9703350,,,13,2,15,13,2,15,35,0.0563,0.064657,0.000002,0.138095,4,0.012611
9608359,,,15,1,16,15,1,16,44,0.037765,0.040901,0.000003,0.1375,0,0.02179
4023,,,2,26,28,2,26,28,23,0.123112,0.168128,0.00039,0.064815,2,0.001342
9708429,,,1,8,9,1,8,9,32,0.066407,0.077955,0,0.069444,2,0.000632
9812238,,,2,8,10,2,8,10,33,0.064785,0.08774,0.000251,0.077778,11,0.0012
9911314,,,2,14,16,2,14,16,23,0.101929,0.131879,0.000002,0.141667,2,0.001205
9706352,,,6,5,11,6,5,11,38,0.047893,0.053469,0.000002,0.118182,2,0.004903
9708469,,,12,3,15,12,3,15,41,0.042566,0.047083,0.000002,0.147619,2,0.020676
9811386,,,19,50,69,19,50,69,30,0.080074,0.121884,0.001239,0.047528,6,0.03026
4024,,,2,9,11,2,9,11,27,0.0872,0.107597,0.000277,0.163636,0,0.001221
3025,,,5,13,18,5,13,18,27,0.089474,0.109715,0.000111,0.160131,0,0.003252
9903324,,,1,4,5,1,4,5,32,0.0667,0.079573,0,0.35,0,0.000626
9610455,,,18,24,42,18,24,42,31,0.071888,0.09072,0.000525,0.054007,1,0.041651
4029,,,2,12,14,2,12,14,32,0.068142,0.087331,0.000004,0.21978,8,0.001197
9705470,,,8,2,10,8,2,10,33,0.062789,0.072955,0.000132,0.133333,8,0.005495
9905567,,,3,15,18,3,15,18,33,0.063786,0.079827,0.000001,0.179739,8,0.001772
102334,,,1,14,15,1,14,15,28,0.085264,0.106986,0.00049,0.071429,10,0.000628
4031,,,3,10,13,3,10,13,23,0.106926,0.137985,0.000101,0.166667,2,0.002579
9902409,,,9,8,17,9,8,17,24,0.100539,0.123931,0.000174,0.069853,2,0.017469
4032,,,2,26,28,2,26,28,25,0.095212,0.117393,0.000078,0.181217,2,0.001275
9608270,,,24,1,25,24,1,25,45,0.036364,0.038889,0,0.271667,2,0.05507
9707282,,,30,19,49,30,19,49,31,0.070866,0.085946,0.001367,0.070578,2,0.0744
9901399,,,6,3,9,6,3,9,36,0.05332,0.060984,0.000009,0.180556,2,0.007809
9806441,,,18,9,27,18,9,27,32,0.066333,0.07843,0.000147,0.185185,2,0.030481
4033,,,1,9,10,1,9,10,31,0.071913,0.090119,0,0.388889,8,0.000748
9806350,,,9,8,17,9,8,17,38,0.048817,0.056799,0.00016,0.25,8,0.010223
9908265,,,3,22,25,3,22,25,31,0.072006,0.091558,0.000124,0.23913,8,0.001961
4034,,,1,8,9,1,8,9,25,0.104268,0.127628,0,0.319444,6,0.000684
4035,,,1,13,14,1,13,14,27,0.091663,0.118976,0.000463,0.21978,0,0.002082
9909467,,,2,8,10,2,8,10,26,0.090063,0.115421,0.000144,0.211111,0,0.002716
9703365,,,1,1,2,1,1,2,41,0.042535,0.046582,0,0,8,0.00412
102342,,,2,1,3,2,1,3,36,0.053369,0.061889,0,0,6,0.001454
102343,,,3,30,33,3,30,33,26,0.100153,0.126063,0.000101,0.166667,12,0.002052
9711392,,,9,2,11,9,2,11,41,0.04254,0.046665,0.000091,0.090909,11,0.005876
9911353,,,1,23,24,1,23,24,32,0.070787,0.100872,0.000003,0.175725,12,0.000694
9609213,,,9,3,12,9,3,12,33,0.062892,0.073743,0.000324,0.181818,11,0.015921
9703369,,,16,10,26,16,10,26,34,0.059247,0.070404,0.000113,0.212308,9,0.037599
9703332,,,26,7,33,26,7,33,34,0.059238,0.070149,0.000018,0.243371,9,0.061393
9609504,,,10,3,13,10,3,13,41,0.042571,0.047141,0.00016,0.134615,1,0.009059
9610398,,,2,2,4,2,2,4,35,0.056642,0.065837,0.000173,0.083333,1,0.001398
9907281,,,4,12,16,4,12,16,31,0.071938,0.090928,0.000226,0.208333,8,0.003744
9703374,,,4,5,9,4,5,9,33,0.063492,0.077378,0.000086,0.125,4,0.004441
9610271,,,12,7,19,12,7,19,34,0.059718,0.071142,0.00034,0.05848,4,0.011999
4047,,,1,1,2,1,1,2,35,0.056427,0.065861,0,0.5,11,0.000634
9706309,,,20,5,25,20,5,25,37,0.050892,0.057486,0.000578,0.076667,2,0.055696
9712520,,,14,7,21,14,7,21,31,0.071419,0.088452,0.000634,0.078571,9,0.021139
9811341,,,3,13,16,3,13,16,31,0.073451,0.102446,0.000152,0.070833,4,0.0048
9909518,,,2,2,4,2,2,4,33,0.064005,0.079356,0,0.083333,2,0.005551
9806223,,,13,16,29,13,16,29,33,0.064325,0.084438,0.000057,0.144089,2,0.030537
9507344,,,15,4,19,15,4,19,45,0.03637,0.03915,0.001742,0.102339,2,0.036159
9909390,,,17,22,39,17,22,39,26,0.089438,0.115372,0.00185,0.116059,2,0.018845
9909465,,,4,43,47,4,43,47,24,0.101492,0.134661,0.000469,0.161887,2,0.005072
9903517,,,6,8,14,6,8,14,26,0.081569,0.098177,0.000059,0.186813,2,0.008717
9909355,,,4,14,18,4,14,18,24,0.09854,0.124751,0.000113,0.078431,2,0.003351
9911470,,,3,18,21,3,18,21,25,0.092204,0.116427,0.000028,0.097619,2,0.003034
9808498,,,9,7,16,9,7,16,33,0.065075,0.087793,0.000079,0.125,2,0.025136
9809524,,,19,23,42,19,23,42,32,0.068585,0.091698,0.000282,0.086527,2,0.019527
9805311,,,13,9,22,13,9,22,32,0.067563,0.085742,0.000324,0.080087,2,0.070246
9806210,,,11,2,13,11,2,13,39,0.0463,0.051186,0.000002,0.153846,2,0.016613
9809297,,,3,7,10,3,7,10,31,0.072194,0.092416,0.00028,0.111111,7,0.010193
9802257,,,2,2,4,2,2,4,33,0.063154,0.075514,0.000004,0.25,6,0.004001
9709474,,,15,1,16,15,1,16,38,0.04843,0.053822,0.000153,0.120833,2,0.021926
9711279,,,3,9,12,3,9,12,32,0.06734,0.083092,0.000114,0.166667,6,0.004748
4050,,,7,12,19,7,12,19,30,0.072716,0.094054,0.000003,0.292398,0,0.004453
9912478,,,3,14,17,3,14,17,30,0.073136,0.098516,0.000164,0.183824,0,0.002303
9703379,,,31,4,35,31,4,35,34,0.059237,0.069999,0.000002,0.22437,9,0.04862
4053,,,4,34,38,4,34,38,24,0.102894,0.135746,0.000493,0.25889,3,0.003439
9904324,,,1,5,6,1,5,6,31,0.072177,0.093912,0.000416,0.133333,7,0.000786
9905395,,,20,44,64,20,44,64,25,0.103612,0.134825,0.000921,0.253968,3,0.037582
4055,,,3,6,9,3,6,9,32,0.068425,0.091892,0.000079,0.041667,7,0.001998
9905263,,,3,18,21,3,18,21,31,0.072271,0.093,0.00016,0.22619,8,0.002942
4060,,,1,8,9,1,8,9,31,0.072458,0.090265,0.000165,0.097222,0,0.000573
9904305,,,1,2,3,1,2,3,30,0.074949,0.087963,0.000144,0,0,0.000568
9906312,,,4,3,7,4,3,7,33,0.063528,0.077024,0,0.357143,4,0.002899
4063,,,1,3,4,1,3,4,32,0.067046,0.080539,0,0.5,1,0.000568
9707337,,,21,4,25,21,4,25,32,0.066661,0.078566,0.000144,0.085,1,0.027185
9703393,,,1,4,5,1,4,5,31,0.071179,0.085989,0,0.1,7,0.003969
4066,,,1,4,5,1,4,5,34,0.060314,0.073763,0.000324,0,8,0.000623
9902320,,,2,1,3,2,1,3,36,0.053609,0.062277,0.000001,0.166667,8,0.001149
9908218,,,4,4,8,4,4,8,33,0.062889,0.075079,0.000069,0.089286,8,0.003596
4067,,,5,22,27,5,22,27,23,0.122032,0.153032,0.000348,0.123077,7,0.003283
5013,,,4,21,25,4,21,25,24,0.114871,0.149552,0.000058,0.094203,7,0.00299
9711266,,,20,7,27,20,7,27,32,0.066664,0.079649,0.000582,0.081197,7,0.043779
9905278,,,1,7,8,1,7,8,32,0.068808,0.089269,0.000089,0.035714,6,0.000808
9805443,,,3,1,4,3,1,4,38,0.048301,0.053668,0.000002,0.166667,11,0.003392
9912406,,,1,19,20,1,19,20,23,0.112129,0.146909,0.000608,0.068421,6,0.000684
9907574,,,1,5,6,1,5,6,32,0.067859,0.085344,0.000027,0.233333,6,0.000684
4072,,,3,9,12,3,9,12,24,0.101038,0.125638,0.000024,0.265152,3,0.00263
4075,,,5,14,19,5,14,19,25,0.093299,0.111826,0.000078,0.245098,2,0.006742
9903302,,,12,15,27,12,15,27,26,0.081773,0.099311,0.000096,0.183761,2,0.018641
9907435,,,10,12,22,10,12,22,26,0.081262,0.096876,0.000037,0.238095,2,0.009961
9909439,,,4,12,16,4,12,16,24,0.096486,0.118046,0.000029,0.2125,2,0.003534
4077,,,4,14,18,4,14,18,27,0.090212,0.109487,0.000002,0.114379,2,0.002644
9710565,,,52,5,57,52,5,57,38,0.048596,0.055216,0.000134,0.080514,2,0.215601
9806218,,,28,2,30,28,2,30,38,0.048562,0.054732,0,0.113793,2,0.12248
9703410,,,15,6,21,15,6,21,31,0.070884,0.085798,0.000331,0.090476,7,0.019964
9609430,,,8,12,20,8,12,20,30,0.07586,0.091966,0.001541,0.102632,7,0.023667
9605418,,,4,1,5,4,1,5,31,0.070242,0.080798,0.000079,0.2,7,0.004723
9607311,,,3,1,4,3,1,4,32,0.065635,0.074024,0.000008,0.25,7,0.007724
4083,,,5,8,13,5,8,13,24,0.110954,0.130326,0.000756,0.166667,2,0.005343
9912417,,,4,2,6,4,2,6,25,0.102158,0.115744,0.000002,0.3,2,0.003929
9806408,,,5,17,22,5,17,22,23,0.122725,0.147742,0.080005,0.071053,2,0.008191
9703414,,,4,1,5,4,1,5,31,0.069348,0.078425,0.000491,0.05,0,0.002814
9703416,,,1,1,2,1,1,2,42,0.040806,0.044366,0,0.5,5,0.000572
9612297,,,4,4,8,4,4,8,34,0.059344,0.069411,0.000185,0.142857,8,0.004691
4091,,,7,21,28,7,21,28,23,0.122544,0.150211,0.000298,0.142857,3,0.006067
4096,,,1,10,11,1,10,11,24,0.101396,0.12887,0.000053,0.2,2,0.001295
4098,,,5,57,62,5,57,62,23,0.129978,0.171605,0.000187,0.124802,6,0.003664
9809417,,,4,4,8,4,4,8,30,0.076786,0.098096,0.000098,0.035714,7,0.007092
9906221,,,11,29,40,11,29,40,22,0.130841,0.159803,0.001791,0.161538,7,0.014908
9910477,,,6,18,24,6,18,24,24,0.115925,0.146638,0.000093,0.217391,6,0.006247
9809338,,,7,5,12,7,5,12,30,0.075863,0.091168,0.000166,0.174242,12,0.008321
9907368,,,5,10,15,5,10,15,34,0.060957,0.079062,0.000188,0.138095,6,0.010646
9811263,,,11,6,17,11,6,17,31,0.070825,0.084491,0.000027,0.158088,12,0.024024
9703338,,,25,6,31,25,6,31,34,0.05924,0.070132,0.000117,0.278495,9,0.051201
9605377,,,25,5,30,25,5,30,42,0.040841,0.045099,0.000008,0.129885,9,0.080492
9909318,,,11,23,34,11,23,34,24,0.098149,0.126094,0.000068,0.121212,9,0.017549
9808232,,,37,33,70,37,33,70,24,0.099345,0.12947,0.002021,0.08951,9,0.103931
9807327,,,70,13,83,70,13,83,32,0.067868,0.089141,0.000391,0.104173,9,0.173124
9901254,,,42,24,66,42,24,66,23,0.102533,0.132479,0.001442,0.083581,9,0.068912
9908451,,,7,38,45,7,38,45,23,0.108347,0.142239,0.000425,0.088795,9,0.007362
9811500,,,34,16,50,34,16,50,27,0.083498,0.112804,0.000184,0.132653,9,0.052996
9909238,,,2,34,36,2,34,36,23,0.104098,0.137411,0.00021,0.088095,9,0.003611
9703431,,,1,4,5,1,4,5,34,0.059842,0.071958,0.000001,0.2,6,0.000838
9903552,,,2,6,8,2,6,8,24,0.09464,0.111923,0,0.214286,2,0.002551
9902462,,,5,14,19,5,14,19,26,0.094345,0.120579,0.000024,0.096491,2,0.004674
9906232,,,8,28,36,8,28,36,23,0.105731,0.134642,0.000019,0.149206,2,0.011105
4106,,,3,9,12,3,9,12,30,0.07581,0.093193,0.000033,0.19697,8,0.002353
9910544,,,2,6,8,2,6,8,29,0.079899,0.093975,0.000414,0.142857,8,0.001351
9906321,,,7,4,11,7,4,11,32,0.065969,0.077477,0.000023,0.063636,8,0.005331
9806381,,,7,1,8,7,1,8,30,0.073863,0.084036,0.00096,0.142857,8,0.005565
4108,,,1,22,23,1,22,23,23,0.10444,0.137294,0.000004,0.132411,9,0.000938
9711311,,,13,10,23,13,10,23,37,0.050978,0.058492,0.000102,0.110672,2,0.057673
6103,,,7,8,15,7,8,15,27,0.082289,0.096464,0.000004,0.195238,2,0.004944
9907485,,,3,30,33,3,30,33,24,0.09975,0.129897,0.000009,0.226326,2,0.0056
4109,,,4,9,13,4,9,13,24,0.10584,0.12427,0.000295,0.064103,8,0.005023
9703438,,,6,1,7,6,1,7,42,0.040807,0.044357,0.000159,0.047619,11,0.00369
9609281,,,6,1,7,6,1,7,41,0.04254,0.046642,0.000324,0.095238,1,0.007251
9905332,,,1,5,6,1,5,6,30,0.075216,0.088834,0.00001,0.166667,8,0.000629
9710545,,,11,9,20,11,9,20,36,0.053175,0.061415,0.000081,0.207895,9,0.014381
4116,,,3,12,15,3,12,15,31,0.072047,0.08937,0.000001,0.233333,8,0.002193
9909388,,,7,3,10,7,3,10,33,0.062116,0.071566,0.000002,0.177778,8,0.005419
9706329,,,12,4,16,12,4,16,32,0.065283,0.0736,0.001166,0.270833,8,0.01679
9611224,,,6,4,10,6,4,10,35,0.056386,0.065499,0.000018,0.133333,5,0.007051
9703448,,,20,12,32,20,12,32,39,0.046535,0.053231,0.000357,0.118952,10,0.031382
9612417,,,2,2,4,2,2,4,39,0.046493,0.052215,0,0.416667,10,0.005318
9612486,,,1,1,2,1,1,2,40,0.044428,0.049195,0,0,10,0.002507
9612473,,,1,2,3,1,2,3,39,0.046493,0.052215,0,0.333333,10,0.002507
9605436,,,6,2,8,6,2,8,39,0.046493,0.052215,0,0.321429,10,0.011445
9912456,,,1,13,14,1,13,14,32,0.067178,0.08041,0.000236,0.351648,4,0.00073
4123,,,4,6,10,4,6,10,24,0.103026,0.129125,0.000343,0.111111,2,0.002537
9805391,,,1,1,2,1,1,2,42,0.040213,0.043221,0,0,2,0.000744
9703452,,,4,8,12,4,8,12,34,0.059042,0.069487,0.000295,0.174242,4,0.009843
9607220,,,16,5,21,16,5,21,34,0.058672,0.066445,0.000006,0.211905,4,0.042757
4128,,,5,5,10,5,5,10,26,0.091771,0.114972,0,0.4,3,0.005774
9908505,,,10,25,35,10,25,35,24,0.103665,0.134453,0.000042,0.230252,3,0.013204
9905577,,,6,43,49,6,43,49,25,0.104038,0.135102,0.000472,0.194728,3,0.013998
9906228,,,2,20,22,2,20,22,26,0.097387,0.123606,0.000174,0.049784,2,0.003086
9904446,,,1,10,11,1,10,11,26,0.094642,0.117769,0.000312,0.127273,3,0.00086
3051,,,1,10,11,1,10,11,26,0.09544,0.119696,0,0.309091,3,0.00086
2223,,,7,10,17,7,10,17,23,0.114672,0.138902,0.000457,0.117647,2,0.006999
9809243,,,6,5,11,6,5,11,32,0.067531,0.083611,0.000264,0.227273,8,0.00481
9807369,,,2,27,29,2,27,29,31,0.071521,0.090316,0.000274,0.067734,8,0.001476
9609498,,,11,1,12,11,1,12,34,0.059273,0.068545,0.000002,0.189394,8,0.011939
9703462,,,2,12,14,2,12,14,39,0.046581,0.054007,0.000027,0.027473,1,0.001423
9510394,,,2,2,4,2,2,4,40,0.044432,0.049294,0.000056,0,1,0.001207
9607350,,,2,2,4,2,2,4,39,0.045643,0.050269,0.001703,0.166667,9,0.015451
4139,,,7,7,14,7,7,14,22,0.128031,0.147677,0.000161,0.17033,7,0.005466
9810307,,,5,6,11,5,6,11,32,0.066771,0.080884,0.000041,0.245455,7,0.004596
4140,,,1,11,12,1,11,12,28,0.088654,0.105958,0.000033,0.219697,12,0.000571
9812498,,,8,10,18,8,10,18,32,0.0672,0.082671,0.000025,0.228758,12,0.005596
9806324,,,14,9,23,14,9,23,31,0.071362,0.088132,0.000473,0.183794,12,0.012485
9910551,,,4,14,18,4,14,18,27,0.09588,0.117595,0.002669,0.160131,12,0.009461
9710302,,,22,18,40,22,18,40,34,0.060339,0.076935,0.00018,0.122436,12,0.021309
9908522,,,1,3,4,1,3,4,31,0.071638,0.088842,0,0.416667,8,0.000855
9911486,,,1,9,10,1,9,10,31,0.073498,0.100297,0.000535,0.111111,8,0.000855
4148,,,6,14,20,6,14,20,23,0.117034,0.149371,0.000226,0.207602,6,0.004117
9911435,,,5,15,20,5,15,20,24,0.114227,0.143534,0.000564,0.165789,6,0.003707
9901204,,,4,5,9,4,5,9,27,0.078379,0.090979,0.000147,0.083333,9,0.003192
5288,,,2,5,7,2,5,7,23,0.107089,0.13115,0.000079,0.133333,2,0.001461
4151,,,4,9,13,4,9,13,25,0.09242,0.110017,0.000009,0.174242,2,0.014091
4152,,,2,8,10,2,8,10,24,0.112266,0.136208,0.000034,0.1,7,0.00155
9904456,,,2,17,19,2,17,19,32,0.069389,0.098035,0.000004,0.084795,7,0.001304
4153,,,1,1,2,1,1,2,25,0.095999,0.117694,0.000149,0,2,0.000592
4155,,,2,4,6,2,4,6,33,0.062979,0.073342,0.000038,0.133333,4,0.002006
4157,,,1,8,9,1,8,9,29,0.081337,0.09926,0.000079,0.111111,10,0.000641
9611297,,,8,3,11,8,3,11,29,0.081108,0.097407,0.000196,0.090909,10,0.006589
4039,,,2,5,7,2,5,7,32,0.068419,0.084373,0.000027,0.309524,13,0.001434
9709449,,,7,11,18,7,11,18,31,0.069937,0.081002,0.000078,0.202614,0,0.009393
9705452,,,20,3,23,20,3,23,35,0.055381,0.061532,0.000159,0.148221,0,0.018503
9909372,,,4,10,14,4,10,14,31,0.071037,0.085374,0.000107,0.093407,0,0.002687
9804351,,,9,8,17,9,8,17,32,0.065395,0.074508,0.000138,0.136029,0,0.006299
4160,,,1,11,12,1,11,12,24,0.100181,0.124723,0.000002,0.265152,2,0.000737
9907552,,,2,14,16,2,14,16,24,0.102789,0.128956,0.000416,0.15,0,0.001532
9811298,,,2,3,5,2,3,5,35,0.05612,0.06452,0,0.2,0,0.001212
9903459,,,17,7,24,17,7,24,30,0.075409,0.102046,0.00032,0.137681,0,0.015948
9805352,,,2,1,3,2,1,3,35,0.055931,0.064047,0,0.5,0,0.001398
9709289,,,15,1,16,15,1,16,34,0.058595,0.065634,0.000083,0.191667,0,0.018559
9803438,,,6,3,9,6,3,9,33,0.062799,0.07451,0.000243,0.180556,0,0.015194
9710415,,,15,2,17,15,2,17,35,0.055697,0.062768,0.000135,0.154412,0,0.026588
9610352,,,4,1,5,4,1,5,40,0.044453,0.049726,0.000099,0.15,0,0.00322
9805361,,,4,9,13,4,9,13,34,0.059244,0.069871,0.000138,0.106061,0,0.002813
9811321,,,1,6,7,1,6,7,31,0.070156,0.082427,0.000042,0.166667,0,0.000641
9904411,,,14,7,21,14,7,21,30,0.072498,0.09279,0.000014,0.190476,0,0.012487
9907358,,,2,7,9,2,7,9,33,0.063713,0.079242,0.000029,0.180556,0,0.001537
4166,,,2,2,4,2,2,4,32,0.068286,0.087014,0.000002,0,2,0.001331
9907553,,,4,5,9,4,5,9,34,0.059319,0.068895,0.000001,0.208333,4,0.003496
9808256,,,7,4,11,7,4,11,34,0.05934,0.069017,0.000242,0.081818,4,0.005251
9805407,,,5,2,7,5,2,7,34,0.059232,0.068205,0.000038,0.142857,4,0.003845
9612461,,,11,2,13,11,2,13,33,0.062935,0.074164,0.000397,0.070513,4,0.00931
9811284,,,5,8,13,5,8,13,31,0.073228,0.096423,0.000011,0.198718,6,0.011616
9705479,,,7,13,20,7,13,20,33,0.063229,0.077383,0.000095,0.055263,4,0.00702
9703435,,,10,2,12,10,2,12,32,0.066711,0.079978,0.000005,0.05303,6,0.015226
9704275,,,44,15,59,44,15,59,34,0.059285,0.070999,0.000101,0.180304,9,0.099956
9808261,,,20,12,32,20,12,32,25,0.092251,0.114962,0.000101,0.173387,2,0.050533
9903497,,,3,7,10,3,7,10,26,0.093013,0.113473,0,0.255556,2,0.004772
9808277,,,19,2,21,19,2,21,47,0.033921,0.036199,0.000002,0.145238,2,0.045682
9808419,,,12,25,37,12,25,37,25,0.087639,0.110014,0.0005,0.064565,2,0.025152
9905416,,,2,2,4,2,2,4,28,0.083835,0.09887,0.000061,0.083333,2,0.001993
9810491,,,31,21,52,31,21,52,25,0.091233,0.113174,0.000167,0.168571,2,0.09441
9808331,,,4,10,14,4,10,14,32,0.068144,0.088542,0.000019,0.076923,2,0.008759
9812508,,,5,4,9,5,4,9,32,0.066985,0.079682,0.000001,0.333333,7,0.014164
9812444,,,4,12,16,4,12,16,31,0.073249,0.100019,0.000177,0.083333,7,0.010294
9706441,,,13,5,18,13,5,18,32,0.06698,0.0797,0.000046,0.150327,7,0.032977
9802204,,,16,1,17,16,1,17,34,0.060135,0.072223,0.000255,0.113971,8,0.021909
9902205,,,8,6,14,8,6,14,32,0.067011,0.08001,0.000155,0.21978,7,0.020141
4175,,,4,17,21,4,17,21,23,0.124223,0.154062,0.000106,0.185714,4,0.002535
9709465,,,9,3,12,9,3,12,35,0.056787,0.066977,0.000001,0.204545,4,0.010083
9605203,,,2,2,4,2,2,4,32,0.066265,0.076506,0,0.166667,4,0.00134
4181,,,4,11,15,4,11,15,24,0.105133,0.119541,0.000014,0.266667,6,0.002713
9605207,,,2,1,3,2,1,3,37,0.049862,0.054088,0,0.333333,8,0.001295
9512410,,,4,1,5,4,1,5,36,0.052475,0.057498,0.000241,0.2,8,0.003608
4184,,,1,4,5,1,4,5,32,0.067694,0.083912,0,0.2,5,0.00057
9706304,,,21,1,22,21,1,22,42,0.040812,0.044429,0.000401,0.036797,5,0.015492
9902304,,,5,18,23,5,18,23,31,0.072287,0.093152,0.000306,0.12253,1,0.008755
4185,,,4,2,6,4,2,6,25,0.104929,0.122992,0.000142,0.233333,7,0.004447
9704324,,,16,1,17,16,1,17,34,0.059272,0.068545,0.000012,0.091912,11,0.015839
9804401,,,7,5,12,7,5,12,34,0.059278,0.068863,0.000011,0.159091,12,0.01558
9901352,,,4,19,23,4,19,23,32,0.067701,0.087359,0.000244,0.071146,5,0.003412
9907310,,,6,14,20,6,14,20,31,0.07364,0.098412,0.00021,0.176316,12,0.006018
9605212,,,2,6,8,2,6,8,38,0.048781,0.05648,0.000001,0.339286,5,0.00134
4189,,,4,13,17,4,13,17,26,0.101574,0.123498,0.000032,0.147059,12,0.003236
9803491,,,6,4,10,6,4,10,31,0.070846,0.084996,0.00001,0.177778,12,0.004572
9910332,,,5,20,25,5,20,25,25,0.102379,0.123445,0.000566,0.09,12,0.003341
4190,,,3,22,25,3,22,25,23,0.127426,0.162067,0.000923,0.088933,5,0.002515
9905347,,,6,11,17,6,11,17,32,0.06828,0.088266,0.000032,0.154412,5,0.004579
6159,,,4,7,11,4,7,11,24,0.113849,0.138109,0.001008,0.111111,5,0.003444
9906461,,,4,11,15,4,11,15,31,0.072797,0.095075,0.000012,0.252747,5,0.003371
9810367,,,13,12,25,13,12,25,32,0.068331,0.090749,0.000132,0.126667,5,0.011197
4191,,,4,6,10,4,6,10,24,0.108067,0.126317,0.000181,0.166667,2,0.003864
9902222,,,1,2,3,1,2,3,39,0.046483,0.05238,0,0,2,0.0008
4194,,,1,2,3,1,2,3,24,0.101861,0.112277,0.00011,0.166667,11,0.001101
9903357,,,5,1,6,5,1,6,39,0.046296,0.051122,0.000061,0.066667,11,0.006221
9607379,,,19,1,20,19,1,20,41,0.042539,0.046635,0.000109,0.160526,6,0.029611
9807349,,,20,41,61,20,41,61,30,0.078347,0.111464,0.001103,0.070219,6,0.027662
9802294,,,18,14,32,18,14,32,30,0.076735,0.09827,0.000607,0.113911,6,0.028709
9605225,,,4,1,5,4,1,5,39,0.046488,0.052076,0.000001,0.2,6,0.003594
4203,,,1,7,8,1,7,8,31,0.070193,0.08293,0.000001,0.285714,1,0.00092
9902338,,,2,6,8,2,6,8,31,0.070169,0.082708,0.000001,0.285714,1,0.001505
4204,,,2,2,4,2,2,4,26,0.08889,0.104858,0,0.416667,2,0.006493
4206,,,2,27,29,2,27,29,29,0.083392,0.112276,0.000725,0.044335,8,0.00133
9809539,,,4,4,8,4,4,8,40,0.044511,0.050143,0.000024,0.107143,8,0.0027
7238,,,2,5,7,2,5,7,33,0.064683,0.084197,0.000061,0.071429,5,0.00126
9903431,,,2,5,7,2,5,7,33,0.06239,0.072451,0.000083,0.214286,12,0.001673
9807567,,,6,3,9,6,3,9,34,0.060048,0.07165,0.000073,0.027778,12,0.004428
9904402,,,1,10,11,1,10,11,35,0.056212,0.065639,0.000001,0.172727,8,0.000632
9901267,,,5,1,6,5,1,6,41,0.042567,0.046881,0.000018,0.133333,8,0.003338
9905562,,,1,3,4,1,3,4,33,0.062679,0.073584,0,0.083333,8,0.000632
9812446,,,5,2,7,5,2,7,36,0.053623,0.062487,0.000012,0.142857,8,0.004271
9710547,,,10,5,15,10,5,15,41,0.042582,0.047292,0.00014,0.066667,8,0.007723
6184,,,2,7,9,2,7,9,32,0.067398,0.084645,0.000005,0.097222,8,0.001372
9812212,,,5,6,11,5,6,11,34,0.059507,0.070297,0.00007,0.118182,8,0.004071
9704358,,,3,8,11,3,8,11,28,0.087048,0.106142,0.000457,0.254545,13,0.002264
9804273,,,15,6,21,15,6,21,29,0.080205,0.095267,0.000525,0.109524,10,0.011807
9910335,,,11,1,12,11,1,12,43,0.039255,0.042806,0.000005,0.090909,2,0.030386
9605233,,,9,5,14,9,5,14,34,0.060034,0.071581,0.000535,0.10989,7,0.018417
9905343,,,5,18,23,5,18,23,31,0.073539,0.101951,0.000456,0.073123,7,0.012551
9707393,,,10,1,11,10,1,11,41,0.042537,0.04659,0.000079,0.2,11,0.007133
9804419,,,2,3,5,2,3,5,41,0.042544,0.046741,0,0.35,11,0.001245
9808481,,,3,1,4,3,1,4,37,0.05127,0.059402,0.00008,0.25,11,0.001883
9904455,,,3,3,6,3,3,6,37,0.051292,0.059757,0.000098,0.166667,11,0.001895
9805228,,,6,2,8,6,2,8,36,0.054035,0.064336,0.000317,0.196429,11,0.003878
9910226,,,3,6,9,3,6,9,32,0.067103,0.080686,0.000122,0.285714,11,0.001876
9905367,,,1,1,2,1,1,2,41,0.042538,0.046591,0,0.5,11,0.000623
9806493,,,2,3,5,2,3,5,37,0.051277,0.05958,0,0.4,11,0.001308
9709246,,,2,1,3,2,1,3,42,0.040805,0.044321,0,0.5,11,0.00119
4217,,,1,16,17,1,16,17,24,0.10504,0.14238,0.010742,0.079167,8,0.000745
9704335,,,13,3,16,13,3,16,29,0.080007,0.094267,0.003408,0.041667,8,0.010462
9906503,,,3,4,7,3,4,7,31,0.070405,0.082765,0.000067,0.071429,8,0.001837
9702281,,,11,1,12,11,1,12,40,0.044424,0.049151,0.000553,0.136364,8,0.011086
9908490,,,2,18,20,2,18,20,31,0.071312,0.088888,0.000065,0.055263,8,0.001157
9902255,,,8,12,20,8,12,20,30,0.075554,0.091723,0.000428,0.136842,8,0.004911
9907504,,,3,8,11,3,8,11,32,0.065957,0.076876,0.000157,0.1,8,0.001995
9906223,,,2,2,4,2,2,4,32,0.066725,0.079355,0.000071,0.25,8,0.001146
9902250,,,4,4,8,4,4,8,31,0.069769,0.080683,0.000032,0.196429,8,0.002468
4222,,,2,12,14,2,12,14,24,0.101471,0.126127,0.000095,0.126374,2,0.001424
9808207,,,11,3,14,11,3,14,33,0.063122,0.076125,0.000098,0.142857,2,0.032868
9910308,,,5,5,10,5,5,10,25,0.099811,0.126405,0.000038,0.144444,2,0.003203
4223,,,1,12,13,1,12,13,26,0.101202,0.122846,0.000164,0.166667,5,0.000617
9901438,,,3,4,7,3,4,7,35,0.056614,0.067522,0.000206,0.071429,11,0.002057
9706201,,,12,3,15,12,3,15,34,0.059786,0.072092,0.000093,0.104762,11,0.010398
9712357,,,6,1,7,6,1,7,33,0.061621,0.069336,0.00003,0.190476,5,0.005035
4226,,,3,23,26,3,23,26,27,0.094773,0.11939,0.000321,0.210769,10,0.002063
9904452,,,7,14,21,7,14,21,28,0.082753,0.10066,0.000119,0.155263,10,0.007217
9910537,,,14,17,31,14,17,31,28,0.083898,0.105722,0.000396,0.143678,10,0.011778
9612328,,,13,5,18,13,5,18,29,0.081037,0.097202,0.000169,0.120915,10,0.017368
9703345,,,16,3,19,16,3,19,30,0.074916,0.087115,0.000389,0.122807,10,0.020991
9807474,,,2,8,10,2,8,10,30,0.075398,0.089816,0,0.333333,10,0.001273
9906498,,,9,16,25,9,16,25,25,0.097342,0.125202,0.000039,0.173333,2,0.010544
107014,,,15,35,50,15,35,50,20,0.160817,0.196357,0.001329,0.133469,2,0.011424
202058,,,12,195,207,12,195,207,19,0.194685,0.24271,0.038569,0.039093,2,0.009043
9901337,,,8,7,15,8,7,15,26,0.081253,0.095317,0.000171,0.17619,2,0.01114
202030,,,10,48,58,10,48,58,17,0.17876,0.214959,0.008167,0.062987,2,0.007132
9809265,,,1,4,5,1,4,5,33,0.063062,0.074936,0,0.45,2,0.001333
12345,,,4,1,5,4,1,5,32,0.067766,0.084359,0.000006,0.25,2,0.00402
101307,,,15,13,28,15,13,28,21,0.141164,0.169883,0.001586,0.123932,2,0.012893
9605256,,,3,8,11,3,8,11,32,0.066962,0.080165,0.00006,0.2,1,0.006559
4235,,,6,5,11,6,5,11,33,0.065338,0.08454,0.000004,0.209091,8,0.007345
4237,,,1,3,4,1,3,4,31,0.07157,0.088257,0,0.083333,8,0.000752
9704203,,,3,1,4,3,1,4,35,0.055979,0.063526,0.000101,0,8,0.001874
9903397,,,2,6,8,2,6,8,30,0.076975,0.09927,0.00019,0.071429,8,0.002412
4240,,,1,25,26,1,25,26,24,0.115995,0.147851,0.000003,0.226154,3,0.000569
4241,,,4,7,11,4,7,11,29,0.087262,0.108819,0.000126,0.090909,12,0.002386
9712504,,,7,3,10,7,3,10,35,0.056761,0.066601,0.000103,0.077778,12,0.005064
9901405,,,9,8,17,9,8,17,31,0.071676,0.088781,0.000052,0.261029,7,0.007747
9605268,,,2,2,4,2,2,4,41,0.042554,0.046979,0,0.416667,11,0.001305
9712386,,,2,7,9,2,7,9,33,0.063824,0.07833,0.000001,0.138889,12,0.002963
9811208,,,6,2,8,6,2,8,34,0.060013,0.071206,0,0.107143,12,0.005994
9710281,,,12,5,17,12,5,17,34,0.060081,0.072086,0.000114,0.158088,12,0.014128
9909366,,,1,4,5,1,4,5,30,0.076679,0.095018,0.000003,0.3,7,0.002183
9605272,,,1,2,3,1,2,3,42,0.040843,0.045022,0.000056,0.166667,5,0.003035
4251,,,3,7,10,3,7,10,32,0.067522,0.085075,0,0.255556,8,0.0031
9904422,,,4,5,9,4,5,9,34,0.05958,0.070956,0.000001,0.166667,4,0.002403
9712532,,,5,8,13,5,8,13,34,0.059699,0.072244,0.000083,0.217949,4,0.006364
9708446,,,17,5,22,17,5,22,33,0.062399,0.071954,0.000084,0.158009,4,0.020623
9605285,,,5,1,6,5,1,6,41,0.042542,0.046649,0.000012,0.033333,8,0.003905
4263,,,6,5,11,6,5,11,28,0.09197,0.115406,0.000489,0.127273,1,0.003886
9906540,,,1,18,19,1,18,19,31,0.072588,0.096438,0.00002,0.032164,8,0.000865
9803449,,,2,1,3,2,1,3,42,0.040811,0.044411,0,0.5,1,0.001813
9711354,,,3,2,5,3,2,5,41,0.042544,0.046751,0.000473,0.2,1,0.002468
4270,,,3,5,8,3,5,8,35,0.057684,0.072867,0.000174,0.178571,11,0.00206
9911216,,,1,6,7,1,6,7,35,0.057262,0.070438,0.000023,0.119048,11,0.000694
9909572,,,5,13,18,5,13,18,34,0.060966,0.079899,0.000594,0.186275,11,0.004549
4271,,,3,4,7,3,4,7,29,0.081756,0.099204,0.000206,0.095238,6,0.001909
9802364,,,7,2,9,7,2,9,33,0.064775,0.082989,0.000023,0.069444,6,0.004522
9809268,,,1,2,3,1,2,3,32,0.064882,0.072331,0.000081,0,13,0.000568
9611305,,,4,1,5,4,1,5,44,0.037734,0.04051,0.000079,0,13,0.002517
9808298,,,1,3,4,1,3,4,31,0.069354,0.078543,0.000081,0,13,0.000568
9605311,,,2,4,6,2,4,6,39,0.046492,0.052379,0.000004,0.133333,1,0.002934
9605314,,,4,1,5,4,1,5,39,0.046492,0.052164,0.000237,0.15,11,0.002963
9605315,,,4,1,5,4,1,5,34,0.059977,0.070864,0.000238,0.15,13,0.002513
9605316,,,8,1,9,8,1,9,29,0.079808,0.093197,0.014232,0.194444,5,0.015215
9811413,,,3,6,9,3,6,9,31,0.072494,0.094572,0.000066,0.097222,6,0.00207
9605318,,,8,1,9,8,1,9,41,0.042545,0.046694,0.000094,0.111111,5,0.006485
9602288,,,3,1,4,3,1,4,39,0.046489,0.052157,0.000276,0.166667,11,0.011758
9605325,,,16,4,20,16,4,20,32,0.066393,0.077525,0.002527,0.05,4,0.032742
9508304,,,3,2,5,3,2,5,39,0.046491,0.052198,0.000201,0.05,7,0.003037
9605353,,,7,2,9,7,2,9,40,0.04444,0.049407,0.000035,0.027778,0,0.014291
9605355,,,1,1,2,1,1,2,43,0.039219,0.042469,0,0.5,2,0.00309
9605356,,,11,1,12,11,1,12,41,0.042542,0.046648,0.000002,0.075758,8,0.009192
9605359,,,12,18,30,12,18,30,32,0.067151,0.082259,0.00133,0.088506,4,0.015566
9605361,,,4,1,5,4,1,5,41,0.042545,0.046694,0.00004,0.3,5,0.004066
9605365,,,5,1,6,5,1,6,41,0.042534,0.046602,0.000001,0.2,1,0.006334
9501289,,,9,2,11,9,2,11,39,0.046489,0.052165,0.000002,0.054545,12,0.009866
9605375,,,4,17,21,4,17,21,38,0.048786,0.057197,0.000013,0.214286,12,0.006252
9412335,,,3,1,4,3,1,4,38,0.048751,0.05548,0,0.5,12,0.021818
9508320,,,7,1,8,7,1,8,42,0.040811,0.044452,0,0.285714,9,0.030244
9511317,,,13,4,17,13,4,17,42,0.040828,0.044817,0.000206,0.136029,4,0.082905
9605392,,,19,4,23,19,4,23,39,0.046504,0.052567,0.000094,0.160079,11,0.020101
9603215,,,1,1,2,1,1,2,40,0.044426,0.049153,0,0,1,0.000744
6192,,,2,4,6,2,4,6,27,0.094126,0.113006,0.000012,0.2,1,0.00119
201001,,,2,93,95,2,93,95,19,0.188604,0.238264,0.00557,0.080739,6,0.001135
110341,,,3,62,65,3,62,65,20,0.183025,0.229722,0.005407,0.120673,6,0.001785
106050,,,3,92,95,3,92,95,20,0.172843,0.221399,0.008914,0.075364,7,0.001929
106311,,,7,19,26,7,19,26,20,0.162928,0.197385,0.000098,0.244615,6,0.004942
107097,,,10,13,23,10,13,23,20,0.162273,0.192117,0.001936,0.233918,6,0.007534
108122,,,6,25,31,6,25,31,20,0.161172,0.200301,0.000025,0.280645,6,0.003634
107069,,,9,83,92,9,83,92,20,0.177832,0.227251,0.013078,0.121118,6,0.007676
106352,,,9,26,35,9,26,35,19,0.167219,0.203558,0.000094,0.145276,6,0.006609
110203,,,4,11,15,4,11,15,21,0.146813,0.174907,0.000011,0.228571,6,0.002466
111229,,,1,15,16,1,15,16,20,0.141051,0.17205,0.000079,0.191667,6,0.000622
107151,,,2,25,27,2,25,27,20,0.157914,0.194525,0.000073,0.235043,6,0.001251
109058,,,2,23,25,2,23,25,21,0.142038,0.172531,0.000499,0.168333,7,0.001303
108192,,,7,25,32,7,25,32,22,0.141973,0.166943,0.00227,0.186492,6,0.006144
105267,,,28,13,41,28,13,41,22,0.131399,0.155511,0.000313,0.134756,6,0.024018
106189,,,5,25,30,5,25,30,20,0.156502,0.195382,0.000085,0.186207,6,0.003527
110032,,,7,20,27,7,20,27,20,0.161853,0.195938,0.000665,0.200855,6,0.004169
108249,,,5,3,8,5,3,8,21,0.141886,0.162829,0.000002,0.380952,6,0.003616
111066,,,2,5,7,2,5,7,29,0.080845,0.097574,0.000148,0.095238,10,0.001193
110332,,,2,26,28,2,26,28,20,0.162385,0.201994,0.002926,0.060847,6,0.00119
9810534,,,4,4,8,4,4,8,47,0.033915,0.036217,0,0.196429,4,0.003271
9611362,,,19,1,20,19,1,20,47,0.033907,0.035988,0.000145,0.092105,6,0.034005
110300,,,9,8,17,9,8,17,22,0.139114,0.164625,0.00004,0.238971,2,0.006925
9605425,,,2,2,4,2,2,4,42,0.04081,0.044451,0.000171,0,8,0.002442
201018,,,1,9,10,1,9,10,20,0.142553,0.163955,0.000158,0.244444,4,0.000625
201056,,,1,9,10,1,9,10,19,0.153915,0.174666,0.000113,0.177778,4,0.00057
105220,,,4,14,18,4,14,18,23,0.123591,0.152288,0.000111,0.114379,4,0.003112
107094,,,6,23,29,6,23,29,23,0.131905,0.163134,0.000362,0.163793,4,0.006708
108104,,,10,17,27,10,17,27,23,0.13599,0.171726,0.000946,0.075499,4,0.006711
201019,,,1,29,30,1,29,30,25,0.114516,0.146855,0.000043,0.2,12,0.000607
106308,,,3,16,19,3,16,19,26,0.103085,0.127375,0.000243,0.21345,12,0.001799
104277,,,3,11,14,3,11,14,27,0.093216,0.114046,0.000004,0.263736,12,0.001713
103217,,,7,37,44,7,37,44,25,0.114015,0.148147,0.000278,0.163319,12,0.004195
108222,,,2,30,32,2,30,32,24,0.119054,0.14971,0.000262,0.224798,12,0.001176
201022,,,2,32,34,2,32,34,21,0.164426,0.20192,0.000097,0.079323,2,0.001254
109125,,,7,55,62,7,55,62,21,0.165646,0.209551,0.001008,0.083289,4,0.0052
107150,,,16,36,52,16,36,52,20,0.155661,0.194086,0.006186,0.112745,2,0.015854
107153,,,2,20,22,2,20,22,20,0.143717,0.168327,0.00002,0.090909,2,0.001329
110031,,,1,3,4,1,3,4,24,0.126387,0.156578,0.000001,0.083333,0,0.000628
109030,,,5,18,23,5,18,23,24,0.109777,0.138954,0.000141,0.092885,2,0.00309
108073,,,22,49,71,22,49,71,23,0.133258,0.168924,0.000151,0.126761,2,0.019387
111030,,,6,23,29,6,23,29,22,0.155062,0.186016,0.000985,0.142857,2,0.004625
9509273,,,1,7,8,1,7,8,41,0.04257,0.047453,0.000081,0.232143,4,0.002534
201026,,,1,4,5,1,4,5,24,0.110305,0.132537,0.000005,0.45,3,0.001001
9709290,,,5,1,6,5,1,6,43,0.038663,0.041305,0.000002,0.066667,3,0.005541
108204,,,2,5,7,2,5,7,24,0.113938,0.136226,0.000017,0.3,3,0.001585
9605444,,,12,1,13,12,1,13,40,0.044426,0.049157,0.000012,0.166667,6,0.01322
9509206,,,3,1,4,3,1,4,39,0.046488,0.052082,0.000081,0,6,0.002764
6198,,,3,14,17,3,14,17,24,0.116001,0.143883,0.000523,0.113971,0,0.002696
9605451,,,5,6,11,5,6,11,41,0.042562,0.047261,0.000003,0.236364,1,0.004384
9507228,,,6,1,7,6,1,7,41,0.042542,0.046736,0.000028,0.095238,1,0.004671
201036,,,1,45,46,1,45,46,23,0.137912,0.179822,0.001733,0.077778,11,0.001032
9712385,,,16,15,31,16,15,31,34,0.060584,0.077034,0.000138,0.186022,11,0.015566
9610498,,,24,1,25,24,1,25,41,0.042535,0.046585,0,0.165,11,0.041492
109062,,,3,22,25,3,22,25,24,0.130371,0.172535,0.000485,0.108333,11,0.002247
9905424,,,3,5,8,3,5,8,40,0.044455,0.049858,0.000026,0.178571,11,0.00228
9904416,,,3,5,8,3,5,8,32,0.066237,0.078472,0.000153,0.196429,1,0.002245
107081,,,4,16,20,4,16,20,22,0.142427,0.17905,0.002082,0.084211,6,0.002468
6304,,,2,10,12,2,10,12,25,0.107989,0.139713,0.000028,0.265152,11,0.001622
106315,,,17,56,73,17,56,73,23,0.132839,0.172874,0.003479,0.026636,6,0.010204
5196,,,1,22,23,1,22,23,23,0.127042,0.161895,0.000038,0.094862,4,0.00059
9706334,,,10,7,17,10,7,17,34,0.059354,0.06958,0.000136,0.110294,8,0.007924
102207,,,4,8,12,4,8,12,24,0.118015,0.141484,0.000485,0.281818,11,0.002932
9805414,,,7,1,8,7,1,8,35,0.056302,0.065276,0.000017,0.053571,11,0.005598
110315,,,1,12,13,1,12,13,27,0.092968,0.114842,0.000881,0.115385,11,0.00059
109246,,,1,7,8,1,7,8,24,0.117929,0.141336,0,0.321429,11,0.00059
104315,,,2,17,19,2,17,19,32,0.068215,0.08846,0.000014,0.149123,11,0.001622
9905276,,,7,25,32,7,25,32,32,0.069991,0.097463,0.001357,0.134409,11,0.005082
201042,,,1,7,8,1,7,8,22,0.128688,0.147798,0.00007,0.267857,2,0.001033
111254,,,10,34,44,10,34,44,22,0.137724,0.163929,0.000111,0.097252,2,0.007028
106088,,,5,8,13,5,8,13,24,0.102783,0.130776,0.00001,0.384615,2,0.003191
201044,,,1,33,34,1,33,34,22,0.153151,0.188433,0.00879,0.112689,7,0.000689
9312,,,2,5,7,2,5,7,29,0.091022,0.113338,0.002984,0.02381,10,0.001141
9905350,,,4,18,22,4,18,22,30,0.079584,0.110573,0.000681,0.171053,7,0.003731
111180,,,1,31,32,1,31,32,26,0.103913,0.138815,0.000883,0.078629,7,0.000573
9709203,,,7,3,10,7,3,10,41,0.04257,0.047233,0.000084,0.177778,7,0.015338
112150,,,1,6,7,1,6,7,27,0.095634,0.114868,0.000079,0.047619,10,0.000573
3096,,,1,18,19,1,18,19,29,0.085253,0.112795,0.000645,0.119883,7,0.000573
9907226,,,4,9,13,4,9,13,31,0.072832,0.095085,0.000014,0.166667,7,0.002382
107295,,,3,19,22,3,19,22,25,0.104489,0.127469,0.000689,0.106061,8,0.00173
9709408,,,42,3,45,42,3,45,35,0.056766,0.066572,0.000188,0.094949,7,0.070237
12049,,,2,10,12,2,10,12,30,0.079308,0.107536,0.000192,0.348485,7,0.001262
7101,,,5,17,22,5,17,22,29,0.084921,0.11651,0.000699,0.0671,7,0.003319
12212,,,2,24,26,2,24,26,24,0.112692,0.155882,0.000254,0.113846,7,0.001141
112117,,,21,13,34,21,13,34,22,0.14365,0.170891,0.000423,0.167614,6,0.020118
9909368,,,4,8,12,4,8,12,30,0.077234,0.098389,0.000247,0.090909,8,0.003371
108220,,,1,26,27,1,26,27,25,0.120116,0.158421,0.002047,0.089744,8,0.000573
111278,,,3,13,16,3,13,16,23,0.135791,0.162554,0.010395,0.157143,7,0.001943
9605466,,,3,4,7,3,4,7,40,0.044472,0.050268,0.000119,0.142857,8,0.002664
201052,,,3,33,36,3,33,36,18,0.174267,0.209406,0.000617,0.130252,2,0.002442
108172,,,7,27,34,7,27,34,20,0.151633,0.182752,0.000289,0.200535,2,0.004984
6358,,,1,3,4,1,3,4,36,0.053112,0.059879,0.000002,0.083333,5,0.000712
105175,,,12,33,45,12,33,45,19,0.163532,0.195867,0.000364,0.118182,2,0.010746
104228,,,6,34,40,6,34,40,19,0.162465,0.194903,0.000041,0.121795,2,0.004858
110001,,,5,28,33,5,28,33,19,0.16514,0.192751,0.000036,0.190341,2,0.003319
111176,,,5,16,21,5,16,21,20,0.155193,0.184671,0.000648,0.15,2,0.003855
110258,,,1,22,23,1,22,23,19,0.168762,0.1981,0.000019,0.179842,2,0.000712
108216,,,10,19,29,10,19,29,20,0.167842,0.199015,0.001478,0.07266,2,0.007138
6203,,,1,6,7,1,6,7,31,0.071547,0.088756,0.000004,0.238095,1,0.00057
9901348,,,5,8,13,5,8,13,31,0.071234,0.087265,0.000098,0.128205,1,0.003856
112060,,,14,42,56,14,42,56,22,0.143311,0.173351,0.003113,0.085522,2,0.012702
201071,,,1,296,297,1,296,297,20,0.190538,0.254376,0.005017,0.017074,7,0.000678
108037,,,6,27,33,6,27,33,19,0.178069,0.215654,0.002646,0.167339,6,0.004458
12296,,,1,16,17,1,16,17,25,0.109546,0.13546,0.00032,0.150735,1,0.000573
9911313,,,2,2,4,2,2,4,36,0.053038,0.059526,0.000077,0.333333,1,0.001141
9806360,,,12,7,19,12,7,19,32,0.067555,0.085205,0.000246,0.111111,7,0.012912
108074,,,1,32,33,1,32,33,20,0.155142,0.189966,0.000683,0.092803,7,0.000573
10289,,,11,6,17,11,6,17,32,0.068242,0.086079,0.000095,0.095588,8,0.007949
9802291,,,11,2,13,11,2,13,32,0.066487,0.077824,0.000186,0.064103,7,0.009405
9704445,,,8,11,19,8,11,19,31,0.071466,0.088844,0.000072,0.160819,1,0.007191
9906269,,,4,13,17,4,13,17,31,0.073179,0.099376,0.000007,0.095588,7,0.002992
103269,,,2,13,15,2,13,15,28,0.088841,0.108098,0.000088,0.417582,13,0.001143
9506405,,,5,1,6,5,1,6,40,0.044425,0.049152,0.00038,0.033333,10,0.00375
9912425,,,4,13,17,4,13,17,32,0.068166,0.086745,0,0.283088,1,0.002542
9905267,,,1,17,18,1,17,18,31,0.072887,0.097896,0,0.163399,7,0.000573
9607284,,,9,1,10,9,1,10,41,0.042537,0.04659,0.000079,0.2,7,0.011227
9903305,,,11,21,32,11,21,32,32,0.068577,0.091811,0.000275,0.18246,1,0.010237
9710216,,,5,1,6,5,1,6,40,0.044424,0.049151,0,0.1,7,0.005394
6295,,,2,15,17,2,15,17,25,0.105729,0.12795,0.000001,0.3375,1,0.001281
9711257,,,2,10,12,2,10,12,32,0.06733,0.083535,0.000004,0.227273,1,0.001444
9803428,,,10,25,35,10,25,35,32,0.067912,0.090063,0.000084,0.14874,7,0.011003
9804458,,,4,7,11,4,7,11,32,0.067603,0.085482,0.000054,0.190909,7,0.002556
9909406,,,3,7,10,3,7,10,32,0.068277,0.088119,0.00008,0.122222,1,0.001821
9904329,,,1,22,23,1,22,23,31,0.073498,0.101487,0,0.221344,7,0.000573
7352,,,1,2,3,1,2,3,37,0.050411,0.055927,0,0.333333,1,0.000573
9910457,,,1,22,23,1,22,23,24,0.113198,0.139372,0.000002,0.128458,6,0.000573
9708220,,,17,5,22,17,5,22,31,0.070809,0.084787,0.000066,0.12987,7,0.022638
9804407,,,5,4,9,5,4,9,34,0.059739,0.071621,0.000043,0.25,1,0.003549
7162,,,3,18,21,3,18,21,25,0.106214,0.129966,0.000128,0.128571,1,0.001763
9905397,,,13,16,29,13,16,29,32,0.068662,0.092869,0.000082,0.152709,7,0.017033
9901333,,,1,5,6,1,5,6,35,0.056014,0.064069,0,0.2,1,0.000573
9708356,,,14,6,20,14,6,20,31,0.070736,0.084395,0.000023,0.181579,7,0.03987
103194,,,2,7,9,2,7,9,26,0.099771,0.12114,0.000003,0.166667,1,0.001141
103036,,,1,14,15,1,14,15,25,0.106457,0.129047,0.000237,0.157143,1,0.000573
12073,,,2,12,14,2,12,14,24,0.11474,0.140253,0.000008,0.131868,5,0.001204
9705440,,,7,21,28,7,21,28,30,0.075486,0.091884,0.000116,0.083333,7,0.012607
9704260,,,18,20,38,18,20,38,30,0.076009,0.09376,0.001257,0.105263,1,0.014492
12001,,,9,10,19,9,10,19,23,0.121554,0.145178,0.000175,0.090643,4,0.005374
8017,,,1,4,5,1,4,5,28,0.090515,0.109558,0,0.1,1,0.000573
9905493,,,1,1,2,1,1,2,43,0.039217,0.042386,0,0.5,1,0.000573
9809555,,,3,5,8,3,5,8,32,0.068239,0.087707,0.000229,0.303571,1,0.001995
9705358,,,10,6,16,10,6,16,32,0.066666,0.079869,0.000008,0.195833,7,0.013375
9708398,,,12,4,16,12,4,16,31,0.071985,0.090907,0.000065,0.058333,7,0.012458
9809279,,,3,6,9,3,6,9,33,0.063416,0.076815,0.000001,0.236111,1,0.002561
8046,,,8,23,31,8,23,31,23,0.118886,0.144321,0.000041,0.129032,7,0.005948
107074,,,2,30,32,2,30,32,21,0.125511,0.152117,0.000562,0.154234,1,0.001199
9707410,,,3,4,7,3,4,7,34,0.060022,0.071308,0.000002,0.142857,7,0.002143
9101,,,6,7,13,6,7,13,32,0.068515,0.088206,0.000008,0.134615,8,0.003494
9906329,,,2,11,13,2,11,13,27,0.088925,0.113469,0.000086,0.121795,7,0.001702
8091,,,7,23,30,7,23,30,24,0.113922,0.138784,0.001345,0.068966,1,0.004492
9707427,,,1,4,5,1,4,5,31,0.070842,0.085349,0,0.35,7,0.000573
9612207,,,10,3,13,10,3,13,31,0.071875,0.089594,0.000833,0.115385,7,0.013913
9908296,,,10,9,19,10,9,19,32,0.068781,0.090784,0.000169,0.154971,7,0.011273
5110,,,3,16,19,3,16,19,25,0.102862,0.134253,0.001293,0.081871,1,0.002379
9911241,,,1,6,7,1,6,7,30,0.079424,0.095893,0,0.309524,1,0.000573
9704400,,,2,3,5,2,3,5,33,0.062888,0.075354,0,0.15,6,0.001222
9908203,,,2,4,6,2,4,6,34,0.059212,0.068184,0.000003,0.266667,7,0.00161
9510383,,,3,2,5,3,2,5,34,0.059975,0.070918,0.000002,0.25,7,0.013214
9703336,,,12,3,15,12,3,15,30,0.075547,0.091315,0.001302,0.128571,7,0.015575
9807350,,,6,10,16,6,10,16,31,0.071551,0.090449,0.000017,0.095833,4,0.005416
9807354,,,12,3,15,12,3,15,35,0.055987,0.063784,0.000001,0.295238,1,0.009625
103299,,,4,26,30,4,26,30,19,0.167243,0.209237,0.000075,0.12069,7,0.002574
201077,,,2,36,38,2,36,38,24,0.128667,0.163975,0.000821,0.22973,11,0.001193
111109,,,2,14,16,2,14,16,24,0.118731,0.142754,0.000046,0.320833,11,0.001193
110155,,,1,30,31,1,30,31,24,0.125121,0.15448,0,0.266667,11,0.000625
110114,,,2,29,31,2,29,31,24,0.131691,0.168059,0.000117,0.117241,11,0.001196
103315,,,4,3,7,4,3,7,26,0.091686,0.103279,0,0.433333,11,0.002714
103316,,,6,11,17,6,11,17,25,0.100935,0.117602,0.000096,0.266667,11,0.004452
112030,,,1,24,25,1,24,25,24,0.12429,0.156728,0.000002,0.22,11,0.000625
104232,,,8,33,41,8,33,41,23,0.13016,0.162041,0.000826,0.143902,11,0.004838
6009,,,5,6,11,5,6,11,35,0.057836,0.07328,0.000071,0.290909,11,0.003489
106298,,,7,23,30,7,23,30,25,0.111366,0.141771,0.000383,0.168966,11,0.00421
104127,,,7,12,19,7,12,19,25,0.105351,0.12498,0.000159,0.333333,11,0.00427
108221,,,2,23,25,2,23,25,24,0.12064,0.149006,0.000083,0.228333,11,0.001196
5301,,,5,10,15,5,10,15,31,0.072069,0.091211,0.000111,0.180952,11,0.003736
112189,,,3,10,13,3,10,13,21,0.145653,0.170046,0.000116,0.181818,2,0.002669
106002,,,6,40,46,6,40,46,21,0.153947,0.186486,0.008954,0.066162,2,0.004676
201081,,,1,26,27,1,26,27,20,0.173624,0.209579,0.000969,0.107692,6,0.00115
104284,,,4,29,33,4,29,33,19,0.16673,0.209009,0.000102,0.102273,7,0.002738
106334,,,7,33,40,7,33,40,20,0.161998,0.202018,0.000236,0.098077,6,0.005156
101351,,,3,30,33,3,30,33,22,0.13529,0.168126,0.000022,0.082386,6,0.001855
110121,,,1,21,22,1,21,22,20,0.169727,0.20272,0.000705,0.11039,7,0.000595
201087,,,1,21,22,1,21,22,22,0.130558,0.151753,0,0.166667,2,0.000711
9811205,,,8,4,12,8,4,12,39,0.046407,0.052193,0.000046,0.212121,2,0.015689
104166,,,13,12,25,13,12,25,21,0.129314,0.147043,0.006628,0.185,2,0.038449
11306,,,16,14,30,16,14,30,24,0.101565,0.127574,0.000096,0.128736,2,0.027751
108108,,,6,5,11,6,5,11,23,0.116229,0.133356,0.000004,0.227273,2,0.013672
9809587,,,6,4,10,6,4,10,38,0.048658,0.055691,0.000103,0.233333,2,0.010535
201089,,,2,16,18,2,16,18,22,0.135568,0.158798,0.000004,0.156863,2,0.001262
112104,,,4,12,16,4,12,16,22,0.13058,0.151449,0.000005,0.179167,2,0.002345
108145,,,9,15,24,9,15,24,22,0.12346,0.141531,0.000002,0.157609,2,0.00693
9507202,,,1,4,5,1,4,5,28,0.087385,0.106515,0.000081,0.1,13,0.000641
9507208,,,1,1,2,1,1,2,39,0.046488,0.052075,0.002226,0,8,0.002891
201099,,,1,24,25,1,24,25,21,0.151963,0.177529,0.004382,0.078333,2,0.002175
12354,,,5,7,12,5,7,12,25,0.096054,0.118757,0.000007,0.265152,2,0.004062
108100,,,9,15,24,9,15,24,21,0.136901,0.157873,0.00019,0.108696,2,0.008632
107017,,,1,22,23,1,22,23,26,0.093414,0.117655,0.000706,0.318182,13,0.000642
110105,,,4,14,18,4,14,18,22,0.135318,0.151091,0.000023,0.202614,2,0.002601
109027,,,4,9,13,4,9,13,22,0.127728,0.146718,0.000011,0.121795,2,0.004813
110187,,,2,3,5,2,3,5,22,0.122255,0.137734,0.000005,0.3,2,0.001389
105071,,,24,14,38,24,14,38,22,0.123656,0.146202,0.000101,0.142959,2,0.019382
105204,,,8,7,15,8,7,15,25,0.094827,0.116461,0.000004,0.238095,2,0.005606
112125,,,4,15,19,4,15,19,20,0.154182,0.173092,0.001781,0.119883,2,0.002673
6210,,,1,2,3,1,2,3,32,0.067136,0.079655,0,0.333333,4,0.000568
201103,,,3,22,25,3,22,25,22,0.13816,0.170091,0.001662,0.219203,7,0.002625
107206,,,3,17,20,3,17,20,22,0.133801,0.162709,0.00007,0.323684,7,0.002305
109260,,,8,31,39,8,31,39,21,0.149333,0.182198,0.002522,0.174925,7,0.005946
107165,,,6,39,45,6,39,45,21,0.144527,0.179288,0.000176,0.145626,7,0.004781
105003,,,10,21,31,10,21,31,22,0.137272,0.166212,0.000019,0.194581,7,0.007912
107320,,,4,17,21,4,17,21,22,0.132501,0.16147,0.000045,0.247619,7,0.002549
201105,,,3,47,50,3,47,50,18,0.163246,0.196957,0.002355,0.092653,2,0.002442
106252,,,1,6,7,1,6,7,24,0.118085,0.139924,0.000033,0.071429,2,0.000712
6157,,,9,16,25,9,16,25,23,0.114918,0.151832,0.001041,0.083333,2,0.007303
106139,,,8,71,79,8,71,79,21,0.149826,0.18174,0.000383,0.096884,2,0.005239
108085,,,12,34,46,12,34,46,22,0.129207,0.15643,0.000137,0.174396,2,0.008073
110393,,,10,15,25,10,15,25,22,0.143263,0.168353,0.001098,0.138333,2,0.007666
9183,,,1,7,8,1,7,8,24,0.118866,0.147313,0.000003,0.107143,6,0.000712
105029,,,7,23,30,7,23,30,22,0.127466,0.156029,0.000286,0.121839,2,0.005159
106232,,,2,7,9,2,7,9,23,0.118689,0.138034,0.000006,0.194444,2,0.001943
112338,,,8,51,59,8,51,59,18,0.172735,0.212042,0.00178,0.049971,2,0.00554
103258,,,26,25,51,26,25,51,23,0.121021,0.14728,0.000226,0.150588,2,0.022782
103017,,,2,7,9,2,7,9,22,0.123482,0.148055,0.000078,0.111111,2,0.001401
109172,,,16,29,45,16,29,45,21,0.149464,0.17534,0.000567,0.099495,2,0.018266
107007,,,5,37,42,5,37,42,23,0.124035,0.154196,0.000072,0.192799,2,0.003979
201107,,,1,7,8,1,7,8,24,0.096683,0.115794,0,0.285714,2,0.000701
8258,,,9,18,27,9,18,27,24,0.102833,0.126887,0.000254,0.205128,2,0.010893
9805467,,,8,1,9,8,1,9,46,0.035094,0.037377,0.000001,0.180556,2,0.007606
102125,,,5,21,26,5,21,26,23,0.100299,0.121355,0.000089,0.296923,2,0.003175
201127,,,2,34,36,2,34,36,23,0.129534,0.159675,0.001212,0.123016,8,0.001196
9905283,,,7,3,10,7,3,10,32,0.066607,0.080477,0.000004,0.222222,11,0.00791
110215,,,5,13,18,5,13,18,24,0.120418,0.143847,0.000093,0.160131,8,0.003438
9710364,,,11,4,15,11,4,15,40,0.044476,0.050221,0.000009,0.12381,8,0.014091
109028,,,1,13,14,1,13,14,27,0.091917,0.113166,0,0.192308,8,0.000624
111164,,,1,33,34,1,33,34,22,0.141149,0.17784,0.000917,0.102496,11,0.000624
201130,,,2,21,23,2,21,23,23,0.129181,0.167159,0.000091,0.146245,2,0.001193
103165,,,3,17,20,3,17,20,23,0.124757,0.165472,0.000176,0.136842,2,0.001874
110282,,,1,6,7,1,6,7,23,0.123378,0.152059,0,0.285714,4,0.000625
9808447,,,9,5,14,9,5,14,41,0.04259,0.047429,0.000003,0.153846,2,0.019455
201131,,,1,35,36,1,35,36,18,0.172299,0.20502,0.002335,0.08254,3,0.000606
108039,,,2,4,6,2,4,6,21,0.136774,0.154798,0.000011,0.3,3,0.001458
108168,,,15,61,76,15,61,76,21,0.146332,0.186088,0.000375,0.094035,2,0.012056
106140,,,7,12,19,7,12,19,21,0.141751,0.169765,0.000454,0.128655,3,0.00508
104221,,,26,4,30,26,4,30,24,0.100898,0.122855,0.000102,0.073563,2,0.032258
106336,,,4,31,35,4,31,35,19,0.163108,0.189734,0.000339,0.160504,3,0.002587
104293,,,11,19,30,11,19,30,22,0.141521,0.179155,0.000685,0.142529,3,0.007591
110161,,,3,32,35,3,32,35,19,0.151412,0.181613,0.001092,0.153782,3,0.001902
107056,,,4,10,14,4,10,14,20,0.150121,0.172329,0.000317,0.236264,3,0.002676
105084,,,5,10,15,5,10,15,21,0.133906,0.161882,0.000014,0.204762,3,0.003586
108094,,,6,26,32,6,26,32,21,0.152316,0.178336,0.000263,0.200605,4,0.004408
201134,,,8,39,47,8,39,47,17,0.183875,0.21266,0.004641,0.080481,2,0.006627
102226,,,1,2,3,1,2,3,36,0.053043,0.059447,0.000001,0.166667,8,0.001048
112302,,,2,41,43,2,41,43,16,0.208095,0.241526,0.004053,0.03194,6,0.001675
107261,,,4,9,13,4,9,13,24,0.10471,0.133296,0.000328,0.089744,2,0.003156
6216,,,1,7,8,1,7,8,32,0.067598,0.084436,0,0.178571,8,0.000637
201139,,,3,35,38,3,35,38,18,0.165486,0.193842,0.000471,0.179943,3,0.00187
111042,,,10,48,58,10,48,58,18,0.157411,0.189267,0.00104,0.142231,3,0.007823
111112,,,9,16,25,9,16,25,21,0.138584,0.165618,0.000223,0.161667,3,0.007917
110382,,,6,18,24,6,18,24,19,0.148106,0.172193,0.00007,0.222826,3,0.004706
111069,,,4,15,19,4,15,19,19,0.154985,0.177433,0.000341,0.28655,3,0.002867
112351,,,8,13,21,8,13,21,21,0.139303,0.16361,0.000535,0.192857,3,0.006857
112161,,,3,25,28,3,25,28,19,0.151616,0.178185,0.000112,0.199735,3,0.002293
111099,,,10,9,19,10,9,19,19,0.136885,0.156761,0.000192,0.371345,3,0.007779
105064,,,24,6,30,24,6,30,23,0.126313,0.149095,0.000205,0.133333,3,0.020566
11176,,,7,13,20,7,13,20,24,0.111593,0.138477,0.001323,0.092105,3,0.00682
112247,,,6,47,53,6,47,53,18,0.163675,0.191005,0.000917,0.137551,3,0.004316
105336,,,9,8,17,9,8,17,21,0.135791,0.159365,0.000226,0.209559,3,0.006708
112186,,,2,21,23,2,21,23,19,0.157767,0.18621,0.000011,0.25974,3,0.001568
109085,,,9,13,22,9,13,22,19,0.146173,0.165748,0.00074,0.30117,3,0.007524
112061,,,3,8,11,3,8,11,22,0.139486,0.170778,0.000126,0.245455,3,0.001902
111230,,,6,8,14,6,8,14,20,0.128228,0.146418,0,0.39011,3,0.004678
201147,,,1,15,16,1,15,16,22,0.155611,0.186218,0.000085,0.1875,6,0.000803
201152,,,7,18,25,7,18,25,22,0.146599,0.17543,0.000139,0.113333,2,0.004474
108262,,,4,5,9,4,5,9,27,0.085487,0.100881,0.000066,0.138889,2,0.002624
111432,,,6,12,18,6,12,18,21,0.140295,0.161426,0.00002,0.248366,2,0.005005
112340,,,1,5,6,1,5,6,21,0.132859,0.155235,0.000009,0.166667,2,0.000921
9412342,,,7,1,8,7,1,8,38,0.048752,0.055483,0.001323,0.053571,11,0.016702
6222,,,2,8,10,2,8,10,27,0.085921,0.103974,0,0.244444,6,0.001205
9707515,,,19,8,27,19,8,27,29,0.081261,0.098753,0.000962,0.089744,8,0.019177
9712203,,,10,1,11,10,1,11,41,0.042538,0.046611,0,0.163636,8,0.017944
9709436,,,4,9,13,4,9,13,29,0.080871,0.097984,0.000437,0.173077,8,0.005868
201176,,,9,49,58,9,49,58,20,0.162688,0.200049,0.000183,0.102541,2,0.005773
107264,,,7,40,47,7,40,47,20,0.147739,0.184823,0.000542,0.080481,2,0.005548
110272,,,6,26,32,6,26,32,21,0.152631,0.187978,0.001128,0.152218,2,0.006143
112034,,,4,39,43,4,39,43,22,0.140745,0.178882,0.000119,0.072536,2,0.002808
110243,,,9,27,36,9,27,36,20,0.147515,0.178529,0.00046,0.155556,2,0.00825
7334,,,4,33,37,4,33,37,22,0.117282,0.156165,0.000042,0.148649,2,0.003582
111290,,,4,27,31,4,27,31,21,0.152836,0.184001,0.000457,0.152688,2,0.002924
109120,,,4,48,52,4,48,52,21,0.165123,0.20263,0.001938,0.0773,2,0.002976
7243,,,12,28,40,12,28,40,24,0.108714,0.143217,0.000026,0.194872,2,0.010046
9807526,,,1,12,13,1,12,13,30,0.076961,0.099304,0.000002,0.108974,6,0.000644
9802205,,,1,5,6,1,5,6,32,0.067531,0.084821,0.000143,0.133333,7,0.008973
9802206,,,6,13,19,6,13,19,30,0.075211,0.090617,0.000944,0.116959,8,0.005492
9707270,,,4,4,8,4,4,8,31,0.068952,0.077788,0.000067,0.196429,8,0.002644
9711368,,,6,7,13,6,7,13,30,0.075155,0.088722,0.000111,0.051282,8,0.005437
9709353,,,8,4,12,8,4,12,31,0.068952,0.077795,0.00013,0.159091,8,0.005368
9709295,,,8,5,13,8,5,13,31,0.07006,0.081404,0.000234,0.121795,8,0.006287
9709468,,,5,7,12,5,7,12,30,0.074024,0.085256,0.000408,0.143939,8,0.003408
9612321,,,14,10,24,14,10,24,33,0.062618,0.074629,0.000007,0.257246,4,0.030656
9708205,,,1,1,2,1,1,2,35,0.055938,0.06443,0.000006,0,9,0.006774
9709210,,,1,3,4,1,3,4,29,0.079772,0.093134,0.000105,0.166667,13,0.000689
9704398,,,15,3,18,15,3,18,29,0.079782,0.093114,0.000254,0.071895,13,0.010594
9802212,,,1,4,5,1,4,5,34,0.059755,0.072322,0.000215,0.05,4,0.001104
9612384,,,5,1,6,5,1,6,43,0.03921,0.042321,0.000002,0.2,4,0.004504
9704291,,,4,19,23,4,19,23,34,0.059648,0.072572,0.000574,0.045455,4,0.00502
9710350,,,1,6,7,1,6,7,33,0.063369,0.078077,0.000154,0.214286,9,0.000587
9802213,,,1,13,14,1,13,14,32,0.067627,0.086502,0.000145,0.10989,1,0.000587
9801419,,,3,5,8,3,5,8,31,0.070593,0.084017,0.000058,0.142857,1,0.001896
9707335,,,7,1,8,7,1,8,41,0.042538,0.046611,0.000001,0.125,8,0.007801
9710257,,,14,14,28,14,14,28,34,0.060552,0.076819,0.000259,0.111111,12,0.022852
9507322,,,3,1,4,3,1,4,42,0.040801,0.044323,0.000001,0.083333,1,0.013048
9802217,,,1,12,13,1,12,13,32,0.067817,0.088515,0.000004,0.192308,1,0.000806
9603239,,,6,2,8,6,2,8,33,0.062177,0.070573,0.000008,0.053571,1,0.006246
9610515,,,11,11,22,11,11,22,33,0.063402,0.076829,0.000074,0.090909,1,0.01327
9705319,,,5,7,12,5,7,12,36,0.053861,0.063766,0.000009,0.113636,12,0.007947
9706249,,,11,5,16,11,5,16,35,0.056827,0.067602,0.00011,0.1625,12,0.017284
9711481,,,13,11,24,13,11,24,34,0.060526,0.076288,0.00009,0.202899,12,0.023934
9802219,,,2,3,5,2,3,5,33,0.063375,0.078579,0.000015,0.3,6,0.00223
9802221,,,3,16,19,3,16,19,32,0.067867,0.089155,0.000203,0.160819,4,0.003411
9609221,,,3,3,6,3,3,6,36,0.0536,0.061197,0.000009,0.1,4,0.004438
9512332,,,3,1,4,3,1,4,42,0.040812,0.044453,0,0.083333,4,0.0023
9802223,,,1,6,7,1,6,7,32,0.067002,0.080414,0.000003,0.261905,1,0.000568
9510212,,,18,2,20,18,2,20,41,0.042538,0.046663,0.000159,0.068421,7,0.013555
9706421,,,7,5,12,7,5,12,32,0.066524,0.078458,0.000182,0.166667,7,0.004822
9802228,,,2,2,4,2,2,4,33,0.06246,0.072655,0.000012,0,4,0.001542
9606384,,,7,9,16,7,9,16,32,0.066366,0.077843,0.00028,0.108333,4,0.007925
9802230,,,6,5,11,6,5,11,35,0.056622,0.066944,0.000026,0.063636,8,0.004867
9708302,,,7,1,8,7,1,8,42,0.040843,0.044678,0.000008,0.053571,8,0.021621
9802231,,,1,9,10,1,9,10,34,0.059557,0.071568,0.000002,0.166667,1,0.000836
9712482,,,6,6,12,6,6,12,34,0.059322,0.06926,0.000049,0.166667,1,0.003949
9705446,,,3,1,4,3,1,4,41,0.04256,0.047091,0.000003,0.083333,1,0.003795
9802232,,,1,6,7,1,6,7,32,0.067346,0.082839,0,0.119048,5,0.00057
9709297,,,13,6,19,13,6,19,33,0.063208,0.076501,0.000364,0.061404,5,0.029239
9802235,,,2,12,14,2,12,14,31,0.072549,0.096584,0.000238,0.06044,2,0.001219
9607363,,,8,3,11,8,3,11,42,0.040834,0.044859,0.000005,0.190909,2,0.027396
108175,,,1,34,35,1,34,35,27,0.095784,0.119498,0.000025,0.326203,13,0.000623
9058,,,6,64,70,6,64,70,27,0.093562,0.119316,0.000484,0.196273,13,0.004062
105009,,,2,29,31,2,29,31,26,0.096898,0.121403,0.000339,0.288172,13,0.00114
9707330,,,4,11,15,4,11,15,33,0.063276,0.07798,0.000037,0.119048,4,0.015397
9802239,,,2,3,5,2,3,5,29,0.080071,0.094041,0.000053,0.35,13,0.001384
103251,,,9,9,18,9,9,18,24,0.114821,0.141788,0.000089,0.147059,4,0.00876
108247,,,3,37,40,3,37,40,16,0.18967,0.217957,0.01157,0.117409,4,0.001824
108057,,,3,4,7,3,4,7,22,0.131719,0.153551,0.000005,0.333333,4,0.003216
9704238,,,7,3,10,7,3,10,35,0.055542,0.062558,0,0.122222,2,0.006608
9802242,,,11,7,18,11,7,18,34,0.059264,0.070053,0.00026,0.114379,0,0.009702
9802244,,,1,5,6,1,5,6,36,0.053782,0.062668,0.000113,0.2,11,0.00059
9704353,,,11,8,19,11,8,19,36,0.053834,0.063378,0.000092,0.172515,11,0.009285
9707492,,,7,3,10,7,3,10,37,0.051138,0.058976,0.000001,0.211111,11,0.005409
9606238,,,16,8,24,16,8,24,35,0.056726,0.066776,0.00046,0.081522,11,0.017009
6230,,,1,9,10,1,9,10,32,0.06926,0.090854,0.000001,0.166667,8,0.000741
9903250,,,1,32,33,1,32,33,24,0.103225,0.132868,0.000004,0.108902,2,0.001276
201225,,,9,10,19,9,10,19,19,0.162897,0.189077,0.000379,0.137427,2,0.007923
106291,,,3,6,9,3,6,9,21,0.14002,0.171114,0.000138,0.097222,2,0.002977
9507338,,,1,1,2,1,1,2,39,0.046488,0.052076,0,0.5,6,0.000782
9802251,,,10,11,21,10,11,21,32,0.067547,0.086351,0.000012,0.207143,9,0.01197
201228,,,1,20,21,1,20,21,19,0.156279,0.178674,0.000083,0.347619,3,0.000724
111052,,,4,7,11,4,7,11,20,0.131544,0.148209,0,0.355556,3,0.003219
109247,,,1,12,13,1,12,13,20,0.128004,0.149499,0,0.24359,3,0.000574
9710296,,,5,2,7,5,2,7,39,0.046517,0.052579,0.000004,0.214286,8,0.004639
9710301,,,7,1,8,7,1,8,35,0.055784,0.063284,0.000142,0.053571,0,0.008649
9802254,,,3,11,14,3,11,14,33,0.064148,0.082936,0.000129,0.142857,9,0.007283
9703346,,,27,6,33,27,6,33,34,0.059236,0.070079,0.000001,0.294508,9,0.052578
9704327,,,17,13,30,17,13,30,34,0.059282,0.070854,0.000087,0.297701,9,0.026582
9705236,,,24,17,41,24,17,41,34,0.059315,0.071476,0.000062,0.265244,9,0.034935
9703375,,,39,8,47,39,8,47,34,0.059246,0.070299,0.000004,0.225254,9,0.065044
103076,,,2,32,34,2,32,34,22,0.136817,0.168808,0.000158,0.087344,2,0.003683
9802256,,,1,4,5,1,4,5,30,0.073907,0.084457,0,0.3,13,0.000705
9704414,,,8,6,14,8,6,14,30,0.073943,0.084636,0.000001,0.225275,13,0.005748
9802262,,,8,7,15,8,7,15,34,0.060088,0.075192,0.000047,0.133333,11,0.006365
9711254,,,4,8,12,4,8,12,33,0.063135,0.077587,0.000163,0.113636,11,0.005157
9703289,,,2,3,5,2,3,5,35,0.056295,0.064712,0.000096,0.05,4,0.002911
9705449,,,2,9,11,2,9,11,34,0.060118,0.074163,0.000062,0.133333,4,0.004003
9710453,,,6,9,15,6,9,15,34,0.059439,0.071562,0.000005,0.166667,4,0.00715
9802268,,,2,1,3,2,1,3,34,0.060654,0.077849,0.000007,0.333333,5,0.001415
9802270,,,2,5,7,2,5,7,29,0.08004,0.094698,0.000177,0.142857,6,0.001757
9802272,,,2,4,6,2,4,6,31,0.068918,0.077434,0,0.166667,10,0.001279
9712229,,,3,2,5,3,2,5,30,0.074002,0.084547,0.000027,0.15,10,0.002211
9712230,,,6,2,8,6,2,8,30,0.074001,0.084546,0.000043,0.089286,10,0.00957
9712231,,,13,1,14,13,1,14,30,0.073997,0.084476,0.000294,0.087912,10,0.011274
9709419,,,9,1,10,9,1,10,33,0.062767,0.07284,0.000611,0.055556,1,0.006875
9609365,,,8,1,9,8,1,9,41,0.042542,0.046648,0.000082,0.111111,8,0.008516
9802274,,,2,1,3,2,1,3,34,0.059067,0.067092,0,0.5,1,0.001193
9802275,,,2,12,14,2,12,14,33,0.063625,0.08088,0.000036,0.181319,9,0.002396
9802278,,,1,5,6,1,5,6,41,0.042622,0.04769,0,0.2,8,0.001039
9611225,,,11,1,12,11,1,12,43,0.039227,0.042497,0.00008,0.227273,8,0.009481
9712371,,,11,4,15,11,4,15,41,0.042619,0.047761,0.000158,0.12381,8,0.011552
9802279,,,3,1,4,3,1,4,45,0.036368,0.038832,0.000045,0.166667,5,0.002315
9801370,,,3,1,4,3,1,4,44,0.037738,0.040512,0.000154,0.25,5,0.001912
9802280,,,1,1,2,1,1,2,36,0.053298,0.060083,0.000006,0,4,0.000954
9802282,,,7,8,15,7,8,15,35,0.057058,0.069523,0.000153,0.185714,12,0.007701
9707366,,,3,10,13,3,10,13,34,0.060369,0.075236,0.000127,0.115385,12,0.002721
9802285,,,2,2,4,2,2,4,38,0.047575,0.051622,0.000002,0.25,0,0.005185
201262,,,15,6,21,15,6,21,18,0.164838,0.188877,0.018278,0.209524,2,0.013608
9802288,,,1,2,3,1,2,3,28,0.08677,0.105036,0.000866,0.166667,10,0.000782
9710409,,,4,6,10,4,6,10,32,0.067275,0.082516,0.000074,0.166667,2,0.014488
9706466,,,1,1,2,1,1,2,31,0.070916,0.083408,0.000173,0,7,0.001258
9706548,,,4,6,10,4,6,10,33,0.063019,0.075282,0.000223,0.033333,7,0.0049
9802292,,,6,19,25,6,19,25,34,0.059537,0.07367,0.000146,0.098333,9,0.012782
9711249,,,10,1,11,10,1,11,42,0.040849,0.044936,0,0.145455,9,0.014539
9610507,,,20,7,27,20,7,27,41,0.042586,0.04765,0.000133,0.118234,9,0.033263
9802293,,,2,5,7,2,5,7,33,0.063029,0.076016,0.000061,0.119048,6,0.002349
9704442,,,2,2,4,2,2,4,33,0.062367,0.071721,0,0.083333,6,0.001597
9712489,,,3,10,13,3,10,13,33,0.064291,0.08429,0.000086,0.083333,6,0.005435
9801229,,,16,4,20,16,4,20,30,0.075237,0.089902,0.000609,0.128947,6,0.027628
9802296,,,2,19,21,2,19,21,32,0.068119,0.09104,0.000414,0.042857,5,0.001538
9712426,,,6,5,11,6,5,11,34,0.059669,0.070327,0.000075,0.145455,6,0.006189
9709355,,,6,10,16,6,10,16,31,0.071907,0.092041,0.000172,0.158333,5,0.006117
9712273,,,5,7,12,5,7,12,34,0.059539,0.070808,0.000097,0.121212,8,0.005926
9712275,,,1,45,46,1,45,46,32,0.067581,0.08809,0.00001,0.189855,9,0.000641
201273,,,2,12,14,2,12,14,18,0.155011,0.173975,0.004272,0.247253,3,0.001754
107297,,,4,19,23,4,19,23,23,0.128864,0.158138,0.00543,0.098814,0,0.003402
205050,,,1,24,25,1,24,25,17,0.176462,0.201036,0.004227,0.15,3,0.000651
5263,,,8,10,18,8,10,18,26,0.096487,0.118449,0.000017,0.19281,0,0.006621
9707208,,,20,2,22,20,2,22,32,0.066095,0.076789,0.000274,0.099567,8,0.025239
9704265,,,2,4,6,2,4,6,35,0.056076,0.064449,0.000109,0.2,8,0.005116
9706511,,,24,5,29,24,5,29,31,0.068854,0.077435,0.001093,0.096059,8,0.030848
9704354,,,6,3,9,6,3,9,32,0.067579,0.082886,0,0.388889,7,0.038666
9606279,,,6,3,9,6,3,9,29,0.080887,0.096353,0.001326,0.208333,7,0.027309
9802301,,,1,1,2,1,1,2,33,0.062011,0.070516,0,0,8,0.000576
9609347,,,5,3,8,5,3,8,33,0.062863,0.073501,0.000046,0.107143,4,0.007821
9612296,,,1,2,3,1,2,3,41,0.042541,0.046766,0,0.333333,11,0.001077
9709208,,,7,1,8,7,1,8,42,0.040806,0.044401,0.000003,0.107143,11,0.00773
9711515,,,3,1,4,3,1,4,44,0.037734,0.040473,0.000009,0,11,0.002587
9712227,,,1,5,6,1,5,6,35,0.056484,0.06616,0,0.366667,11,0.001077
9611448,,,3,1,4,3,1,4,40,0.044424,0.049146,0.000026,0.083333,11,0.006251
9711314,,,2,11,13,2,11,13,32,0.066553,0.078959,0.000176,0.134615,11,0.002058
9502307,,,8,1,9,8,1,9,40,0.044425,0.049227,0.000005,0.111111,11,0.011702
9607255,,,3,2,5,3,2,5,40,0.04445,0.049879,0.000011,0.05,11,0.005
9709277,,,1,3,4,1,3,4,34,0.059789,0.071984,0.000007,0.25,11,0.001077
9710308,,,12,5,17,12,5,17,33,0.063356,0.077546,0.000095,0.088235,11,0.017479
9610349,,,6,1,7,6,1,7,42,0.04082,0.044553,0.000004,0.071429,11,0.005202
9712368,,,44,15,59,44,15,59,32,0.067618,0.086839,0.00239,0.020748,11,0.064296
9709429,,,8,11,19,8,11,19,35,0.056191,0.066119,0.000298,0.102339,12,0.029114
9708321,,,1,11,12,1,11,12,34,0.059692,0.072417,0.000007,0.204545,11,0.001077
110005,,,1,8,9,1,8,9,30,0.075045,0.08801,0.001532,0.319444,13,0.001774
9806275,,,3,2,5,3,2,5,31,0.069765,0.079541,0,0.5,13,0.001809
7127,,,1,6,7,1,6,7,30,0.074515,0.086292,0,0.452381,13,0.000616
9910375,,,2,6,8,2,6,8,30,0.074545,0.086494,0.000467,0.339286,13,0.001185
9805306,,,4,4,8,4,4,8,30,0.074992,0.087514,0.000043,0.410714,13,0.002491
9707307,,,6,4,10,6,4,10,30,0.07499,0.087489,0.000197,0.288889,13,0.003978
9710445,,,4,4,8,4,4,8,30,0.074992,0.087515,0.000061,0.375,13,0.002551
9612302,,,6,4,10,6,4,10,29,0.080435,0.09514,0.000557,0.222222,13,0.004165
9802307,,,1,4,5,1,4,5,36,0.053787,0.064001,0.005675,0.25,12,0.002283
9710542,,,2,8,10,2,8,10,35,0.056713,0.068003,0.005685,0.155556,11,0.001616
9802308,,,19,7,26,19,7,26,32,0.068216,0.089523,0.000764,0.12,7,0.013769
9607293,,,11,2,13,11,2,13,32,0.066972,0.079449,0.000365,0.102564,7,0.013595
201287,,,5,16,21,5,16,21,20,0.149946,0.176526,0.000519,0.125731,0,0.003951
9809410,,,10,1,11,10,1,11,38,0.048688,0.055078,0.000082,0.236364,0,0.012225
203180,,,1,6,7,1,6,7,21,0.134263,0.153889,0,0.133333,2,0.000839
108182,,,6,44,50,6,44,50,21,0.144853,0.180849,0.000341,0.092653,2,0.004097
12056,,,3,17,20,3,17,20,22,0.131518,0.158205,0.000205,0.068421,0,0.002172
109035,,,4,2,6,4,2,6,21,0.130402,0.146614,0.000102,0.15,2,0.002688
9709401,,,6,3,9,6,3,9,32,0.065254,0.073388,0,0.333333,0,0.00432
9710371,,,37,4,41,37,4,41,32,0.066317,0.076929,0.000437,0.042073,2,0.120595
9708201,,,4,12,16,4,12,16,31,0.070953,0.084269,0.000187,0.083333,4,0.025972
9709500,,,4,9,13,4,9,13,31,0.071214,0.086148,0.000633,0.083333,7,0.004996
9802316,,,2,1,3,2,1,3,41,0.042537,0.04659,0,0.166667,8,0.001531
9802320,,,5,8,13,5,8,13,32,0.067795,0.086712,0.000134,0.134615,5,0.004452
9707508,,,3,11,14,3,11,14,31,0.071,0.086663,0.000224,0.054945,5,0.002218
9507410,,,1,4,5,1,4,5,40,0.044442,0.049783,0.000001,0.3,1,0.003654
9802323,,,4,3,7,4,3,7,34,0.059673,0.071484,0,0.190476,9,0.005336
9611285,,,11,1,12,11,1,12,46,0.035088,0.037308,0,0.121212,9,0.035591
9507413,,,9,2,11,9,2,11,40,0.044427,0.049319,0.000087,0.218182,11,0.013093
9802326,,,1,3,4,1,3,4,32,0.067513,0.084093,0.000001,0.166667,7,0.000577
9704253,,,24,3,27,24,3,27,33,0.061926,0.070003,0.000148,0.109687,2,0.044381
9706535,,,2,4,6,2,4,6,33,0.061852,0.069707,0.00004,0.233333,2,0.009709
9711472,,,9,12,21,9,12,21,32,0.067576,0.087605,0.000056,0.121429,6,0.014922
9802330,,,4,6,10,4,6,10,33,0.063389,0.075818,0.000058,0.155556,2,0.01086
9707445,,,12,3,15,12,3,15,32,0.067569,0.082669,0.00012,0.12381,2,0.017556
9709300,,,5,1,6,5,1,6,41,0.042536,0.046593,0,0.066667,2,0.005621
9802331,,,1,16,17,1,16,17,31,0.070975,0.0875,0.000065,0.161765,4,0.000839
9704234,,,9,4,13,9,4,13,30,0.074819,0.087614,0.000336,0.076923,4,0.010633
9705272,,,2,6,8,2,6,8,33,0.062478,0.072416,0.000001,0.339286,4,0.004802
201309,,,1,3,4,1,3,4,21,0.126889,0.143889,0,0.333333,2,0.001127
107164,,,7,10,17,7,10,17,20,0.143832,0.169498,0.000073,0.091912,2,0.005431
9711448,,,5,14,19,5,14,19,33,0.063248,0.078553,0.000251,0.116959,9,0.015672
9802335,,,2,8,10,2,8,10,31,0.071316,0.088975,0.000068,0.288889,0,0.001387
9802336,,,2,4,6,2,4,6,39,0.045573,0.049859,0.000026,0.166667,2,0.001155
9704346,,,8,1,9,8,1,9,41,0.041894,0.045453,0.000356,0.097222,0,0.006144
9607371,,,3,1,4,3,1,4,44,0.037729,0.040446,0.000001,0.25,2,0.001872
9705351,,,3,2,5,3,2,5,41,0.041901,0.045573,0.000027,0.25,2,0.001778
9802338,,,4,8,12,4,8,12,30,0.074154,0.085657,0,0.356061,10,0.003771
9705323,,,10,5,15,10,5,15,39,0.046503,0.0525,0.000008,0.257143,10,0.012418
9707305,,,5,7,12,5,7,12,39,0.046537,0.053004,0,0.340909,10,0.004572
9709406,,,4,6,10,4,6,10,39,0.046504,0.052541,0,0.3,10,0.004119
9802341,,,9,1,10,9,1,10,39,0.04649,0.052142,0.000001,0.155556,11,0.01359
9802344,,,3,7,10,3,7,10,29,0.079997,0.094414,0.000017,0.122222,6,0.002884
9608241,,,4,2,6,4,2,6,29,0.079791,0.093147,0.000189,0.266667,6,0.0079
9606261,,,7,1,8,7,1,8,30,0.073914,0.084259,0.000001,0.196429,6,0.012649
9704232,,,5,3,8,5,3,8,35,0.05554,0.062358,0.000012,0.142857,4,0.005422
9709262,,,4,9,13,4,9,13,31,0.069527,0.079914,0.000282,0.108974,4,0.003699
9802345,,,5,9,14,5,9,14,31,0.072229,0.094183,0.000007,0.21978,7,0.009358
9707243,,,14,5,19,14,5,19,31,0.071329,0.086801,0.000127,0.207602,7,0.040572
9707424,,,2,4,6,2,4,6,41,0.042589,0.047309,0.000207,0.2,13,0.003438
9609361,,,3,2,5,3,2,5,40,0.044428,0.049227,0,0.4,8,0.005475
9705250,,,13,1,14,13,1,14,34,0.059273,0.068546,0.000338,0.054945,8,0.01458
9512244,,,6,1,7,6,1,7,40,0.044425,0.049152,0.000158,0.285714,8,0.007873
9611221,,,2,1,3,2,1,3,41,0.042538,0.046593,0,0.5,8,0.004424
9607246,,,2,1,3,2,1,3,41,0.042538,0.046593,0,0.5,8,0.004424
103023,,,1,31,32,1,31,32,23,0.135127,0.168807,0.000164,0.113911,0,0.000895
5256,,,11,18,29,11,18,29,23,0.117862,0.143102,0.001447,0.111111,0,0.009509
9319,,,3,13,16,3,13,16,25,0.106874,0.133287,0.000035,0.166667,3,0.003095
9805288,,,12,5,17,12,5,17,31,0.071217,0.086083,0.000011,0.095588,4,0.010594
11310,,,7,20,27,7,20,27,22,0.127684,0.168356,0.004793,0.124615,3,0.005789
10152,,,1,4,5,1,4,5,31,0.07139,0.085709,0.000079,0.3,4,0.000582
7158,,,7,6,13,7,6,13,24,0.106756,0.124337,0.000091,0.166667,0,0.006939
6328,,,10,4,14,10,4,14,31,0.071709,0.087727,0.000005,0.153846,3,0.009305
9808446,,,3,1,4,3,1,4,49,0.031765,0.033558,0.000004,0.166667,4,0.006596
9802353,,,1,1,2,1,1,2,31,0.069836,0.079748,0,0.5,1,0.00057
9802354,,,1,7,8,1,7,8,29,0.079912,0.094143,0.000378,0.160714,8,0.001063
9709221,,,3,3,6,3,3,6,29,0.079872,0.093583,0.000234,0.133333,8,0.001918
103027,,,1,4,5,1,4,5,25,0.095767,0.115512,0,0.35,2,0.001808
103028,,,2,28,30,2,28,30,24,0.121806,0.158597,0.000425,0.109195,4,0.002883
5009,,,3,20,23,3,20,23,24,0.115583,0.145312,0.0001,0.094862,4,0.001993
5265,,,1,19,20,1,19,20,24,0.11341,0.139332,0.000001,0.215789,4,0.000702
6251,,,5,23,28,5,23,28,23,0.116488,0.148034,0.000055,0.07672,4,0.004408
8120,,,3,24,27,3,24,27,23,0.115829,0.14822,0.00017,0.18661,3,0.00257
9706342,,,1,6,7,1,6,7,31,0.069181,0.078627,0.000284,0.047619,13,0.004311
9706251,,,8,12,20,8,12,20,30,0.07543,0.091079,0.002351,0.097368,8,0.024836
9707478,,,9,1,10,9,1,10,34,0.059334,0.068964,0.000005,0.144444,8,0.010188
9706391,,,9,1,10,9,1,10,45,0.036422,0.039387,0,0.222222,0,0.016962
9707273,,,20,10,30,20,10,30,35,0.056006,0.0658,0.000039,0.118391,0,0.033108
9710347,,,6,9,15,6,9,15,34,0.059204,0.07004,0.000034,0.157143,0,0.014731
9802359,,,3,6,9,3,6,9,34,0.060253,0.073834,0,0.388889,11,0.002303
9703360,,,7,6,13,7,6,13,34,0.059758,0.070911,0.000019,0.19697,11,0.008651
103032,,,2,20,22,2,20,22,26,0.099042,0.121263,0.000577,0.307359,8,0.001196
9705396,,,2,1,3,2,1,3,45,0.036371,0.038924,0,0.166667,7,0.005946
103037,,,1,1,2,1,1,2,33,0.062055,0.070102,0,0.5,1,0.000735
9802367,,,2,10,12,2,10,12,36,0.053567,0.06281,0.000013,0.212121,11,0.001297
9711318,,,4,6,10,4,6,10,37,0.050816,0.058186,0.000043,0.311111,11,0.003415
9709211,,,4,7,11,4,7,11,36,0.053523,0.062218,0.000043,0.345455,11,0.003415
9609447,,,17,12,29,17,12,29,35,0.056499,0.066834,0.002196,0.114532,11,0.030701
9511414,,,9,4,13,9,4,13,40,0.044433,0.049562,0.000045,0.179487,11,0.013658
9611357,,,6,9,15,6,9,15,36,0.05352,0.062387,0.000062,0.242857,11,0.004657
9802368,,,10,2,12,10,2,12,33,0.063914,0.079599,0.000126,0.083333,5,0.007866
9802369,,,2,4,6,2,4,6,30,0.075258,0.089091,0.001289,0.2,1,0.008263
9710489,,,2,9,11,2,9,11,34,0.060281,0.074113,0.000008,0.136364,12,0.00155
9611418,,,1,2,3,1,2,3,29,0.080969,0.096731,0.0012,0.166667,10,0.000919
9802370,,,13,19,32,13,19,32,31,0.069593,0.080811,0.000499,0.103831,0,0.012942
9705312,,,4,9,13,4,9,13,31,0.069809,0.080234,0.000005,0.25641,0,0.003662
9707489,,,6,14,20,6,14,20,31,0.069932,0.081057,0.000024,0.210526,0,0.00518
9708229,,,1,3,4,1,3,4,36,0.052484,0.057706,0,0.333333,0,0.001473
9706234,,,2,8,10,2,8,10,31,0.069806,0.080163,0.000004,0.333333,0,0.002609
9802371,,,1,5,6,1,5,6,32,0.068045,0.086555,0.000087,0.2,2,0.000629
9707505,,,9,5,14,9,5,14,34,0.060019,0.071439,0.000115,0.120879,2,0.026934
9612322,,,12,2,14,12,2,14,33,0.063809,0.077841,0.0005,0.120879,2,0.014665
9706277,,,9,1,10,9,1,10,34,0.059986,0.070911,0.000001,0.177778,2,0.010372
9802372,,,6,5,11,6,5,11,34,0.059962,0.072438,0.00001,0.245455,12,0.007953
9802373,,,12,5,17,12,5,17,31,0.070592,0.084015,0.000285,0.154412,1,0.025474
103046,,,2,20,22,2,20,22,23,0.123111,0.150239,0.000188,0.119048,6,0.001194
5060,,,2,5,7,2,5,7,24,0.105405,0.121214,0.000001,0.190476,11,0.001193
103047,,,2,14,16,2,14,16,27,0.097749,0.121039,0.000003,0.145833,1,0.001138
9509430,,,4,2,6,4,2,6,43,0.039231,0.042709,0,0.133333,4,0.010279
7357,,,8,18,26,8,18,26,28,0.086544,0.1074,0.000097,0.156667,0,0.005679
9709369,,,17,7,24,17,7,24,31,0.070985,0.086386,0.000076,0.110507,7,0.020083
9806282,,,6,7,13,6,7,13,32,0.067377,0.083232,0.000273,0.121795,5,0.006055
9707453,,,3,4,7,3,4,7,33,0.063495,0.077302,0.000001,0.047619,4,0.002729
103052,,,10,19,29,10,19,29,22,0.128117,0.153748,0.00006,0.126847,2,0.008333
103053,,,1,30,31,1,30,31,24,0.108442,0.135364,0.000001,0.306452,3,0.000571
9902273,,,23,22,45,23,22,45,25,0.099768,0.12263,0.001302,0.214141,3,0.05279
9901368,,,6,7,13,6,7,13,33,0.064603,0.082894,0.000079,0.294872,3,0.015582
9909364,,,5,6,11,5,6,11,33,0.064404,0.081901,0.000001,0.263636,3,0.005437
9802383,,,2,1,3,2,1,3,42,0.040212,0.043221,0,0.166667,2,0.009077
103058,,,4,22,26,4,22,26,23,0.131296,0.165279,0.000244,0.149231,3,0.006378
4124,,,2,25,27,2,25,27,23,0.124783,0.157696,0.000059,0.195157,3,0.001725
9802388,,,3,4,7,3,4,7,43,0.039278,0.043329,0,0.261905,4,0.002234
103063,,,4,10,14,4,10,14,28,0.087799,0.107956,0.00001,0.28022,10,0.002695
9802393,,,5,4,9,5,4,9,38,0.047639,0.051954,0.000359,0.277778,0,0.004875
9702254,,,1,2,3,1,2,3,37,0.04988,0.05428,0.000314,0,0,0.000877
9901357,,,1,5,6,1,5,6,23,0.116194,0.138776,0.000122,0,0,0.004403
9712364,,,3,11,14,3,11,14,33,0.06275,0.074976,0.000099,0.104396,1,0.016084
103068,,,4,8,12,4,8,12,24,0.11427,0.144426,0.000044,0.121212,3,0.002412
11332,,,5,5,10,5,5,10,25,0.102235,0.126789,0.000001,0.344444,3,0.003151
9804297,,,8,2,10,8,2,10,48,0.032799,0.034738,0.000004,0.122222,3,0.013459
5082,,,2,14,16,2,14,16,23,0.114906,0.144061,0.00016,0.133333,9,0.001306
10354,,,11,14,25,11,14,25,24,0.113482,0.148766,0.00079,0.14,3,0.008163
103069,,,6,20,26,6,20,26,21,0.144135,0.17696,0.000074,0.306154,6,0.006227
9802400,,,1,1,2,1,1,2,33,0.063273,0.077964,0.000161,0,4,0.000962
9704278,,,10,4,14,10,4,14,32,0.066998,0.082419,0.000348,0.065934,7,0.012515
9705222,,,2,7,9,2,7,9,32,0.066612,0.079087,0.000087,0.152778,7,0.002768
9705209,,,4,8,12,4,8,12,32,0.06706,0.082742,0.000311,0.19697,7,0.006342
9705214,,,3,1,4,3,1,4,41,0.042541,0.046733,0,0.083333,7,0.004501
9802403,,,2,12,14,2,12,14,31,0.070916,0.08583,0.000025,0.181319,7,0.001332
9704385,,,6,5,11,6,5,11,30,0.075974,0.092178,0.000838,0.181818,7,0.006168
9705345,,,8,4,12,8,4,12,32,0.067149,0.081206,0.000018,0.189394,7,0.007271
9706253,,,5,9,14,5,9,14,32,0.067227,0.08219,0.000006,0.214286,7,0.004217
9809368,,,22,28,50,22,28,50,32,0.068826,0.093898,0.000104,0.133061,2,0.09383
10136,,,4,5,9,4,5,9,24,0.098686,0.123955,0.000003,0.166667,2,0.007288
9711298,,,2,1,3,2,1,3,34,0.059091,0.067415,0.000018,0,8,0.003151
103079,,,1,6,7,1,6,7,23,0.130914,0.161805,0.000002,0.261905,6,0.00063
9912394,,,2,2,4,2,2,4,31,0.072904,0.091701,0.000028,0,6,0.001299
9708443,,,3,2,5,3,2,5,43,0.039249,0.04287,0.000019,0.25,6,0.005358
103082,,,3,5,8,3,5,8,23,0.129525,0.158742,0.000599,0.160714,6,0.002806
9812306,,,2,1,3,2,1,3,45,0.036367,0.038856,0,0,4,0.001545
103084,,,3,20,23,3,20,23,20,0.15234,0.185634,0.000319,0.166008,6,0.002588
11144,,,2,16,18,2,16,18,26,0.092102,0.110141,0.000004,0.133987,5,0.001286
9607256,,,11,2,13,11,2,13,40,0.044426,0.049225,0,0.198718,5,0.011618
103088,,,5,30,35,5,30,35,26,0.104941,0.131855,0.002363,0.116807,10,0.004612
9607205,,,5,1,6,5,1,6,40,0.044428,0.049195,0,0.366667,10,0.008803
9710560,,,3,16,19,3,16,19,29,0.080681,0.097185,0.000046,0.192982,10,0.002559
9906437,,,4,5,9,4,5,9,30,0.074153,0.08561,0,0.375,10,0.003261
103089,,,1,12,13,1,12,13,25,0.119714,0.159791,0.000093,0.115385,11,0.000576
9802418,,,5,2,7,5,2,7,32,0.065792,0.075541,0.000011,0.119048,0,0.003908
9711201,,,5,3,8,5,3,8,29,0.079899,0.093671,0.00005,0.267857,10,0.003649
9509371,,,3,1,4,3,1,4,28,0.086655,0.10417,0.000184,0.083333,10,0.002616
9707485,,,8,5,13,8,5,13,29,0.079979,0.094199,0.000623,0.147436,10,0.00578
9802420,,,4,3,7,4,3,7,37,0.050975,0.05846,0.000087,0.071429,2,0.020023
9712276,,,1,1,2,1,1,2,36,0.053626,0.062008,0.000086,0,3,0.001349
9802421,,,5,7,12,5,7,12,41,0.042609,0.047771,0.00007,0.204545,1,0.00365
9802422,,,5,20,25,5,20,25,31,0.072369,0.095703,0.0003,0.2,4,0.008342
9708264,,,14,14,28,14,14,28,30,0.075716,0.093641,0.004958,0.12963,4,0.037459
9712245,,,10,13,23,10,13,23,32,0.068042,0.08901,0.000378,0.079051,9,0.020559
9802423,,,1,2,3,1,2,3,36,0.05252,0.057792,0,0,0,0.000573
9709498,,,3,1,4,3,1,4,37,0.049925,0.054412,0.00008,0.083333,0,0.002215
103096,,,5,23,28,5,23,28,21,0.152362,0.18755,0.000238,0.071429,2,0.003382
9222,,,2,6,8,2,6,8,24,0.098223,0.121183,0.000072,0.089286,2,0.001467
105105,,,14,30,44,14,30,44,20,0.149415,0.181456,0.001818,0.076638,2,0.014215
10097,,,3,13,16,3,13,16,24,0.105638,0.137961,0.000044,0.158333,2,0.00591
10206,,,5,10,15,5,10,15,25,0.106546,0.133067,0.0003,0.157143,2,0.00843
9802425,,,1,7,8,1,7,8,31,0.069761,0.080885,0.000067,0.142857,8,0.000707
9712448,,,3,2,5,3,2,5,31,0.069004,0.077844,0.000009,0.1,8,0.003645
9703411,,,9,1,10,9,1,10,30,0.073913,0.084255,0.000727,0.133333,8,0.009838
9710367,,,6,5,11,6,5,11,34,0.059374,0.069542,0.000066,0.127273,8,0.007045
9802427,,,1,1,2,1,1,2,46,0.035093,0.037316,0,0,0,0.000626
9802429,,,3,6,9,3,6,9,39,0.04655,0.053434,0.000079,0.291667,11,0.003222
9711463,,,3,2,5,3,2,5,29,0.079749,0.092922,0.000011,0.15,10,0.003988
9810312,,,2,3,5,2,3,5,29,0.079778,0.093191,0.000342,0.1,13,0.001435
8074,,,1,9,10,1,9,10,27,0.100249,0.127028,0.034455,0.088889,13,0.000792
9163,,,6,3,9,6,3,9,29,0.080003,0.093856,0.000051,0.375,13,0.005511
9909267,,,1,19,20,1,19,20,28,0.089272,0.116911,0.005166,0.036842,13,0.000792
10207,,,6,5,11,6,5,11,28,0.086746,0.104903,0.000194,0.311111,13,0.005511
9902370,,,1,4,5,1,4,5,29,0.080356,0.09528,0.001356,0,1,0.000792
9711462,,,2,1,3,2,1,3,29,0.079774,0.093077,0.000093,0.5,13,0.002565
9705255,,,2,4,6,2,4,6,28,0.086687,0.104598,0.000186,0.1,13,0.001473
9810539,,,4,4,8,4,4,8,34,0.059921,0.072529,0.000638,0.107143,8,0.003749
9905268,,,2,5,7,2,5,7,30,0.076344,0.094067,0.00217,0,13,0.001408
9411416,,,1,1,2,1,1,2,27,0.094873,0.119315,0,1,13,0.000792
7092,,,1,49,50,1,49,50,27,0.091283,0.11833,0.01367,0.069796,10,0.000792
8031,,,1,2,3,1,2,3,32,0.066445,0.0771,0.000189,0,12,0.000792
103103,,,1,3,4,1,3,4,27,0.086407,0.102848,0,0.416667,3,0.000569
7267,,,2,19,21,2,19,21,24,0.109968,0.139435,0.000071,0.207143,3,0.001404
11132,,,2,21,23,2,21,23,24,0.114632,0.149932,0.000071,0.247036,3,0.001458
7100,,,3,8,11,3,8,11,24,0.100474,0.126419,0.000023,0.381818,3,0.002485
5055,,,1,13,14,1,13,14,25,0.102326,0.127296,0.000002,0.368132,3,0.000778
9802438,,,2,8,10,2,8,10,36,0.053253,0.060995,0.000413,0.177778,8,0.0015
9709312,,,3,3,6,3,3,6,40,0.044461,0.049695,0.000001,0.333333,8,0.002794
9710272,,,2,4,6,2,4,6,36,0.053198,0.060348,0,0.366667,8,0.001314
9710211,,,1,6,7,1,6,7,40,0.044485,0.050006,0.000203,0.214286,8,0.000637
9710205,,,2,1,3,2,1,3,41,0.042556,0.046844,0,0,8,0.001292
9704201,,,23,1,24,23,1,24,44,0.037749,0.040615,0.000001,0.173913,8,0.030927
9802443,,,2,2,4,2,2,4,32,0.067545,0.086607,0.000003,0.333333,0,0.007314
9704388,,,6,2,8,6,2,8,44,0.037797,0.041328,0.000002,0.196429,0,0.012714
9802444,,,1,4,5,1,4,5,32,0.067218,0.082093,0.000004,0.2,2,0.000575
9708216,,,11,2,13,11,2,13,33,0.063149,0.075696,0.000044,0.160256,2,0.020024
9802446,,,3,13,16,3,13,16,32,0.067449,0.084935,0.000005,0.145833,4,0.00789
9802448,,,8,7,15,8,7,15,30,0.075945,0.091856,0.000212,0.071429,10,0.012137
103123,,,5,30,35,5,30,35,23,0.129905,0.159375,0.000843,0.106723,8,0.00325
9706213,,,5,3,8,5,3,8,34,0.059289,0.068777,0.000003,0.178571,8,0.006185
9708392,,,8,4,12,8,4,12,34,0.059316,0.069137,0.000112,0.098485,8,0.009385
103126,,,12,12,24,12,12,24,21,0.150281,0.183777,0.000703,0.173913,6,0.013865
9231,,,1,28,29,1,28,29,23,0.134062,0.177215,0.000349,0.187192,3,0.001401
9232,,,12,13,25,12,13,25,24,0.103002,0.133848,0.000062,0.235,3,0.009852
9245,,,5,11,16,5,11,16,24,0.122557,0.154343,0.000123,0.341667,3,0.004961
7008,,,8,14,22,8,14,22,26,0.092964,0.119326,0.000096,0.253247,3,0.009756
103131,,,1,6,7,1,6,7,31,0.071699,0.089202,0.000258,0.119048,8,0.001001
9806419,,,5,2,7,5,2,7,38,0.048759,0.055622,0.000238,0.047619,8,0.003116
5126,,,2,2,4,2,2,4,40,0.044451,0.049399,0.000079,0.333333,8,0.001269
9812506,,,3,3,6,3,3,6,39,0.046518,0.05246,0.000039,0.25,8,0.001787
9803274,,,15,3,18,15,3,18,30,0.075053,0.088931,0.001436,0.218954,6,0.03147
5109,,,3,67,70,3,67,70,23,0.136458,0.185222,0.000238,0.116977,6,0.002572
9904444,,,12,21,33,12,21,33,26,0.095868,0.122542,0.001389,0.111742,6,0.02517
103135,,,1,17,18,1,17,18,23,0.131602,0.166078,0.000481,0.114379,6,0.000568
10006,,,1,18,19,1,18,19,22,0.140778,0.17653,0.000092,0.099415,6,0.000568
7110,,,2,22,24,2,22,24,22,0.13711,0.171567,0.00017,0.081522,6,0.001135
103090,,,3,60,63,3,60,63,23,0.135977,0.180785,0.015018,0.03405,6,0.002008
103145,,,1,9,10,1,9,10,23,0.127253,0.155337,0.000037,0.133333,4,0.000568
8023,,,9,11,20,9,11,20,23,0.119302,0.142255,0.000086,0.136842,6,0.006153
9001,,,6,20,26,6,20,26,24,0.119123,0.152887,0.000131,0.06,4,0.004059
103147,,,1,16,17,1,16,17,23,0.114802,0.151595,0.000001,0.161765,2,0.000635
9711294,,,7,5,12,7,5,12,38,0.048579,0.055192,0.000006,0.060606,2,0.018148
103157,,,2,32,34,2,32,34,27,0.101865,0.129964,0.00019,0.149733,10,0.001138
9902284,,,1,1,2,1,1,2,31,0.068954,0.077492,0,0,10,0.000623
9808387,,,3,1,4,3,1,4,30,0.074052,0.084961,0,0.416667,10,0.003754
9206,,,4,13,17,4,13,17,28,0.093347,0.114878,0.000035,0.205882,10,0.002383
9910524,,,2,10,12,2,10,12,30,0.075751,0.091564,0.000066,0.386364,10,0.001314
110036,,,1,10,11,1,10,11,24,0.118677,0.143799,0.000249,0.133333,8,0.001032
105149,,,1,3,4,1,3,4,30,0.078274,0.097609,0.000079,0.166667,8,0.00059
9910290,,,3,1,4,3,1,4,35,0.056608,0.066117,0.00008,0.25,1,0.002043
6359,,,4,7,11,4,7,11,24,0.110343,0.130264,0.000213,0.122222,11,0.002876
12094,,,1,6,7,1,6,7,26,0.09571,0.111554,0,0.285714,11,0.000701
103164,,,3,22,25,3,22,25,26,0.097745,0.121594,0.000169,0.096667,12,0.002286
11203,,,2,9,11,2,9,11,30,0.076655,0.096808,0.000022,0.127273,12,0.001611
9705314,,,4,13,17,4,13,17,34,0.060276,0.07455,0.000001,0.176471,12,0.002824
9703389,,,20,4,24,20,4,24,39,0.046546,0.053567,0.000095,0.070652,12,0.027954
9803313,,,17,4,21,17,4,21,34,0.059384,0.069263,0.000016,0.083333,11,0.020128
9706231,,,4,9,13,4,9,13,33,0.063644,0.07882,0.000043,0.230769,12,0.004683
5292,,,12,26,38,12,26,38,23,0.116628,0.158793,0.000286,0.09744,2,0.010144
103167,,,3,17,20,3,17,20,24,0.110149,0.13293,0.000027,0.131579,4,0.001876
9902309,,,5,1,6,5,1,6,43,0.039241,0.042681,0,0.2,4,0.003944
9904396,,,5,2,7,5,2,7,32,0.067264,0.083696,0.000003,0.119048,4,0.009882
9808330,,,2,6,8,2,6,8,30,0.076973,0.099441,0.000076,0.196429,8,0.00146
9707266,,,7,2,9,7,2,9,40,0.044447,0.049483,0.000081,0.111111,8,0.005477
9808411,,,10,3,13,10,3,13,31,0.071378,0.087417,0.00008,0.064103,7,0.01359
103170,,,3,10,13,3,10,13,23,0.112883,0.135211,0.00003,0.147436,2,0.001942
103173,,,1,6,7,1,6,7,30,0.081776,0.099549,0.00004,0.119048,12,0.000568
6288,,,3,7,10,3,7,10,34,0.060113,0.072135,0.000001,0.177778,12,0.001703
8053,,,3,10,13,3,10,13,29,0.087286,0.109084,0.000155,0.192308,12,0.001813
103175,,,1,11,12,1,11,12,25,0.108369,0.138118,0.000318,0.075758,3,0.000571
7325,,,1,12,13,1,12,13,25,0.098125,0.127865,0.000245,0.166667,4,0.000568
9704202,,,4,3,7,4,3,7,42,0.040865,0.045236,0.000009,0.119048,2,0.002836
7155,,,9,15,24,9,15,24,25,0.100446,0.128225,0.00012,0.153986,2,0.018672
103180,,,2,9,11,2,9,11,24,0.117905,0.147292,0.000089,0.254545,3,0.001759
11006,,,3,10,13,3,10,13,25,0.106791,0.132492,0.000499,0.173077,4,0.002528
103184,,,2,5,7,2,5,7,30,0.073908,0.092822,0.000014,0.45,8,0.00155
103275,,,5,7,12,5,7,12,29,0.076279,0.097251,0.000036,0.172727,8,0.003334
9038,,,4,6,10,4,6,10,30,0.077157,0.098614,0.000768,0.088889,8,0.00289
103295,,,3,8,11,3,8,11,30,0.074238,0.094201,0.000067,0.2,8,0.001785
9711220,,,9,22,31,9,22,31,31,0.071263,0.088996,0.000346,0.217204,4,0.026762
9705228,,,32,16,48,32,16,48,33,0.062832,0.076483,0.000074,0.143174,4,0.067618
9704382,,,12,4,16,12,4,16,33,0.062553,0.073596,0.00002,0.245833,4,0.034796
103187,,,1,13,14,1,13,14,25,0.10475,0.134431,0,0.291209,3,0.000686
11275,,,4,12,16,4,12,16,26,0.092977,0.11924,0.000079,0.3375,3,0.002458
9703347,,,15,4,19,15,4,19,31,0.071362,0.087562,0.000371,0.140351,9,0.027517
9704214,,,22,1,23,22,1,23,42,0.040834,0.044719,0.000001,0.126482,9,0.033331
103192,,,4,19,23,4,19,23,23,0.119741,0.142552,0.000211,0.286561,2,0.002718
9266,,,3,10,13,3,10,13,24,0.104854,0.126084,0.000074,0.326923,2,0.002257
9607227,,,1,1,2,1,1,2,42,0.040814,0.044571,0,0,6,0.001698
103195,,,1,35,36,1,35,36,22,0.131896,0.161757,0,0.161111,2,0.000817
9910417,,,7,30,37,7,30,37,27,0.087819,0.120942,0.000284,0.075826,7,0.010043
9611354,,,3,3,6,3,3,6,40,0.044446,0.049833,0,0.4,1,0.006896
4201,,,1,14,15,1,14,15,29,0.080177,0.101913,0.000273,0.104762,11,0.003631
103202,,,8,16,24,8,16,24,22,0.134764,0.16415,0.000079,0.101449,2,0.007035
9136,,,1,5,6,1,5,6,29,0.081499,0.100375,0.000048,0.233333,12,0.000576
9902458,,,3,1,4,3,1,4,30,0.07487,0.086764,0,0.5,12,0.001942
9704229,,,5,1,6,5,1,6,34,0.05886,0.06701,0.000006,0.066667,11,0.003757
103207,,,4,10,14,4,10,14,24,0.11291,0.139311,0.000267,0.137363,3,0.003651
102025,,,3,10,13,3,10,13,27,0.092053,0.110268,0.000055,0.147436,8,0.002039
9608421,,,4,3,7,4,3,7,43,0.039258,0.043,0.000005,0.02381,6,0.003197
103209,,,1,2,3,1,2,3,29,0.080745,0.095955,0.000085,0.166667,13,0.000568
9704241,,,5,5,10,5,5,10,34,0.059228,0.069954,0.000044,0.177778,9,0.005574
12370,,,1,37,38,1,37,38,23,0.134415,0.17318,0.000031,0.145092,6,0.001714
103221,,,1,6,7,1,6,7,27,0.088753,0.108018,0.000003,0.190476,10,0.000884
9711398,,,10,1,11,10,1,11,31,0.069985,0.080524,0.000007,0.272727,0,0.007679
9807286,,,8,6,14,8,6,14,31,0.070729,0.083681,0.000022,0.137363,10,0.011659
9704246,,,11,1,12,11,1,12,46,0.035088,0.037308,0,0.204545,4,0.037929
9607234,,,11,5,16,11,5,16,34,0.058672,0.066445,0.000152,0.2375,4,0.02635
9609292,,,1,1,2,1,1,2,33,0.063936,0.079208,0.000107,0,4,0.000781
103226,,,1,5,6,1,5,6,22,0.129313,0.153516,0,0.333333,2,0.000568
103231,,,1,17,18,1,17,18,27,0.092511,0.121079,0.000005,0.133987,0,0.00068
12097,,,5,16,21,5,16,21,27,0.089894,0.111081,0.000013,0.157143,0,0.003201
9612282,,,4,5,9,4,5,9,35,0.055384,0.06166,0,0.222222,0,0.007182
9704256,,,3,1,4,3,1,4,31,0.068783,0.07683,0.000001,0.25,1,0.003924
9606435,,,11,8,19,11,8,19,33,0.063432,0.076996,0.000604,0.05848,5,0.011897
9509408,,,12,3,15,12,3,15,39,0.046504,0.052613,0.000013,0.095238,1,0.015389
9609522,,,2,11,13,2,11,13,32,0.067574,0.083718,0.000073,0.121795,7,0.002617
9704261,,,1,1,2,1,1,2,33,0.062765,0.072804,0.000077,0,1,0.000574
103238,,,1,5,6,1,5,6,32,0.068076,0.086725,0,0.3,8,0.000632
9803359,,,7,5,12,7,5,12,32,0.066547,0.078125,0.000696,0.113636,8,0.007323
103242,,,11,15,26,11,15,26,23,0.132869,0.163912,0.000099,0.135385,2,0.008674
10065,,,2,18,20,2,18,20,24,0.103167,0.131545,0.000222,0.047368,2,0.002261
103243,,,1,18,19,1,18,19,25,0.096618,0.125514,0.000122,0.119883,3,0.000568
9912464,,,7,14,21,7,14,21,24,0.100226,0.126471,0.000086,0.178947,3,0.004977
9803463,,,8,9,17,8,9,17,32,0.067995,0.086605,0.000514,0.117647,4,0.019251
10280,,,1,1,2,1,1,2,35,0.057111,0.068458,0.000037,0,0,0.000568
9704286,,,14,6,20,14,6,20,36,0.052781,0.059595,0.000216,0.055263,0,0.028127
9704268,,,11,14,25,11,14,25,31,0.071377,0.088283,0.000268,0.153333,7,0.01434
9610297,,,10,8,18,10,8,18,31,0.071238,0.08657,0.000201,0.111111,7,0.010592
9704269,,,2,1,3,2,1,3,45,0.036365,0.038889,0,0.5,2,0.006774
103247,,,3,4,7,3,4,7,21,0.137879,0.162738,0.000104,0.166667,6,0.002408
10204,,,2,3,5,2,3,5,28,0.078543,0.091713,0.000001,0.05,4,0.001685
9607439,,,13,1,14,13,1,14,43,0.039217,0.042443,0.000158,0.076923,4,0.010192
9704221,,,50,17,67,50,17,67,34,0.059332,0.071723,0.000095,0.190864,9,0.091921
103252,,,2,23,25,2,23,25,22,0.119019,0.137323,0.000114,0.173333,2,0.001273
9912540,,,2,2,4,2,2,4,25,0.095828,0.11403,0.000001,0.25,2,0.001334
12230,,,3,20,23,3,20,23,25,0.100343,0.12546,0.000129,0.205534,2,0.002308
9704277,,,26,3,29,26,3,29,32,0.066702,0.079981,0.00002,0.103448,7,0.061716
9804283,,,15,5,20,15,5,20,34,0.060661,0.077264,0.000026,0.245614,2,0.025744
103024,,,2,22,24,2,22,24,24,0.114154,0.139961,0.000001,0.300725,2,0.004407
9905366,,,8,39,47,8,39,47,31,0.073419,0.101999,0.000239,0.100483,7,0.00891
12297,,,6,35,41,6,35,41,25,0.110338,0.140497,0.00311,0.054878,12,0.004506
9611339,,,1,2,3,1,2,3,40,0.044446,0.049519,0.000012,0,10,0.002122
9609326,,,11,1,12,11,1,12,41,0.042553,0.046769,0.000002,0.166667,6,0.010275
103265,,,5,50,55,5,50,55,21,0.147713,0.184407,0.000206,0.112458,2,0.003463
9901406,,,14,19,33,14,19,33,26,0.092792,0.121151,0.002397,0.072581,2,0.01494
10341,,,1,26,27,1,26,27,22,0.132907,0.166293,0.000004,0.166667,2,0.000817
7011,,,4,28,32,4,28,32,23,0.11364,0.150713,0.000008,0.137097,2,0.003658
9704290,,,6,4,10,6,4,10,34,0.059369,0.069315,0.000237,0.122222,6,0.004627
9609318,,,5,4,9,5,4,9,39,0.04652,0.052935,0.000037,0.083333,5,0.00409
9610382,,,2,7,9,2,7,9,34,0.059306,0.069235,0.000305,0.069444,5,0.001575
9610513,,,4,2,6,4,2,6,42,0.040807,0.044393,0.000115,0.2,4,0.006468
9609517,,,11,1,12,11,1,12,44,0.037749,0.040728,0.000113,0.151515,9,0.027525
9611386,,,3,4,7,3,4,7,35,0.056025,0.064269,0.000277,0.119048,9,0.003088
9609455,,,1,2,3,1,2,3,41,0.042547,0.046769,0.000004,0.166667,5,0.000849
9612438,,,5,4,9,5,4,9,42,0.040819,0.044686,0.000065,0.111111,5,0.006676
9612258,,,1,1,2,1,1,2,30,0.075027,0.08734,0,0.5,10,0.000686
9609237,,,4,3,7,4,3,7,41,0.042557,0.047047,0.000009,0.238095,11,0.005201
9609521,,,5,4,9,5,4,9,41,0.042558,0.047119,0.000063,0.263889,11,0.008965
9510283,,,5,6,11,5,6,11,38,0.048767,0.056114,0.000081,0.236364,12,0.011931
103274,,,1,15,16,1,15,16,28,0.090007,0.109612,0.000403,0.091667,1,0.000568
8242,,,2,5,7,2,5,7,28,0.086602,0.101533,0.000001,0.214286,1,0.00119
9712500,,,1,1,2,1,1,2,37,0.050981,0.057467,0.000079,0,1,0.000568
6070,,,1,3,4,1,3,4,34,0.059599,0.069979,0.000003,0.083333,1,0.000568
6237,,,1,11,12,1,11,12,29,0.085303,0.103643,0.000001,0.098485,1,0.000568
9712318,,,10,3,13,10,3,13,35,0.056319,0.065008,0.000188,0.089744,7,0.006775
9604336,,,7,5,12,7,5,12,31,0.069665,0.079293,0.000019,0.151515,7,0.014358
9610245,,,2,10,12,2,10,12,39,0.046528,0.052976,0.000283,0.060606,8,0.002389
9512411,,,1,3,4,1,3,4,35,0.056621,0.065669,0.000003,0.083333,7,0.001731
9704309,,,3,3,6,3,3,6,34,0.060165,0.072524,0.000088,0.166667,4,0.007657
103286,,,2,1,3,2,1,3,31,0.067114,0.074486,0,0.166667,2,0.00169
3013,,,2,1,3,2,1,3,30,0.071936,0.081482,0.000151,0,2,0.002543
9808408,,,7,45,52,7,45,52,32,0.069329,0.100826,0.001462,0.048643,6,0.011525
5308,,,4,14,18,4,14,18,22,0.136513,0.168709,0.001402,0.091667,6,0.004957
9704317,,,25,5,30,25,5,30,34,0.059239,0.07007,0.000001,0.23908,9,0.035683
103294,,,2,27,29,2,27,29,22,0.137487,0.170517,0.000353,0.190887,6,0.001135
5118,,,3,35,38,3,35,38,23,0.127578,0.164705,0.000177,0.158606,6,0.001863
9704321,,,2,8,10,2,8,10,32,0.06654,0.078746,0.000088,0.077778,5,0.001516
103300,,,11,8,19,11,8,19,24,0.106643,0.131008,0.000038,0.154971,2,0.009931
103305,,,8,18,26,8,18,26,22,0.135921,0.16414,0.002864,0.230769,7,0.006082
9704336,,,14,10,24,14,10,24,34,0.059281,0.070769,0.000017,0.34058,9,0.019785
5011,,,2,31,33,2,31,33,24,0.10944,0.146797,0.000022,0.09375,2,0.001703
9903490,,,2,23,25,2,23,25,31,0.074081,0.106658,0.000225,0.118333,7,0.002927
9808406,,,2,18,20,2,18,20,31,0.072729,0.098684,0.000055,0.131579,7,0.001466
9805274,,,6,20,26,6,20,26,31,0.072529,0.09837,0.000067,0.12,7,0.006557
9810366,,,4,27,31,4,27,31,31,0.072718,0.098871,0.000084,0.113978,7,0.007931
5014,,,2,5,7,2,5,7,31,0.073877,0.10249,0.000004,0.142857,7,0.001223
5015,,,1,8,9,1,8,9,24,0.112376,0.132483,0.000062,0.097222,7,0.000568
9704344,,,1,4,5,1,4,5,36,0.053152,0.060852,0.000017,0.15,12,0.002552
9704345,,,8,7,15,8,7,15,29,0.081797,0.100297,0.00117,0.228571,13,0.008784
9610336,,,2,7,9,2,7,9,30,0.076467,0.093471,0.00001,0.222222,13,0.00343
9607411,,,10,2,12,10,2,12,30,0.075593,0.089304,0.000008,0.25,13,0.010873
5020,,,3,40,43,3,40,43,27,0.101629,0.13609,0.000455,0.135659,1,0.002039
9704349,,,7,38,45,7,38,45,33,0.063505,0.081962,0.000509,0.068687,4,0.019366
9610337,,,8,1,9,8,1,9,44,0.037733,0.040515,0.000001,0.069444,6,0.012327
9609374,,,25,19,44,25,19,44,33,0.06255,0.074175,0.000608,0.067653,4,0.059271
9704350,,,1,11,12,1,11,12,32,0.066618,0.079429,0,0.30303,7,0.000897
9510343,,,3,2,5,3,2,5,41,0.042539,0.046756,0,0.35,12,0.003532
9512269,,,3,10,13,3,10,13,39,0.046517,0.05319,0.000171,0.160256,12,0.003356
9711304,,,3,1,4,3,1,4,34,0.058752,0.066341,0,0,11,0.002395
9610285,,,5,2,7,5,2,7,41,0.042563,0.047341,0.000005,0.166667,11,0.006514
9906471,,,2,4,6,2,4,6,31,0.069658,0.080329,0.000652,0.066667,8,0.002053
9805295,,,3,6,9,3,6,9,31,0.069663,0.080233,0.000009,0.180556,8,0.002288
9704362,,,2,3,5,2,3,5,33,0.063028,0.075024,0.000014,0.05,6,0.003474
9704363,,,12,13,25,12,13,25,33,0.062848,0.075804,0.00058,0.178333,9,0.020269
9703372,,,9,9,18,9,9,18,34,0.059255,0.070485,0.000069,0.169935,9,0.008534
9611219,,,4,4,8,4,4,8,33,0.062409,0.072166,0.000004,0.160714,4,0.006546
9704364,,,1,1,2,1,1,2,43,0.039212,0.042316,0,0.5,11,0.000568
9704365,,,1,1,2,1,1,2,37,0.049932,0.054529,0,0,2,0.000774
9704366,,,6,2,8,6,2,8,45,0.036374,0.038985,0,0.25,2,0.016059
103343,,,1,18,19,1,18,19,27,0.090476,0.115286,0.000197,0.315789,8,0.000682
103080,,,3,14,17,3,14,17,28,0.088677,0.111345,0.000077,0.224265,8,0.001763
102224,,,4,10,14,4,10,14,28,0.089021,0.112762,0.000032,0.28022,8,0.002558
5041,,,1,4,5,1,4,5,30,0.074415,0.086463,0.00004,0.05,6,0.001206
103346,,,3,22,25,3,22,25,20,0.141375,0.174538,0.005771,0.06,4,0.001965
9804291,,,3,3,6,3,3,6,33,0.063615,0.078473,0.000093,0.1,4,0.002803
12103,,,4,25,29,4,25,29,22,0.142092,0.178309,0.001836,0.179803,4,0.002393
12361,,,1,1,2,1,1,2,25,0.104583,0.123002,0,0.5,4,0.00069
6051,,,4,20,24,4,20,24,25,0.104625,0.140887,0.000376,0.056159,4,0.002667
9704371,,,4,5,9,4,5,9,31,0.070508,0.084094,0.000748,0.152778,0,0.007623
9609392,,,4,2,6,4,2,6,35,0.056366,0.065054,0.000005,0.066667,6,0.007935
9704372,,,3,1,4,3,1,4,42,0.040821,0.044544,0.000017,0,8,0.003722
9704375,,,2,3,5,2,3,5,32,0.066996,0.079665,0.000081,0,7,0.001262
9607304,,,4,2,6,4,2,6,39,0.046493,0.052213,0.000012,0.066667,10,0.013098
9612307,,,5,15,20,5,15,20,31,0.071984,0.090931,0.000107,0.152632,7,0.025601
9610333,,,7,13,20,7,13,20,31,0.071243,0.086806,0.000108,0.194737,7,0.031438
9606469,,,5,12,17,5,12,17,30,0.075901,0.092424,0.000099,0.238971,7,0.03422
9606217,,,10,1,11,10,1,11,30,0.074911,0.086744,0.000399,0.163636,7,0.029537
9611255,,,3,15,18,3,15,18,30,0.075872,0.092236,0.000025,0.176471,7,0.022821
9511412,,,5,4,9,5,4,9,28,0.086746,0.104672,0.000828,0.138889,10,0.007727
9704380,,,13,15,28,13,15,28,34,0.059652,0.072332,0.000076,0.296296,9,0.019067
5053,,,1,2,3,1,2,3,38,0.048706,0.05535,0,0.333333,2,0.002141
5054,,,2,5,7,2,5,7,32,0.067732,0.084626,0.000016,0.214286,8,0.00134
9906424,,,7,6,13,7,6,13,32,0.066931,0.080708,0.00001,0.198718,8,0.005141
9907556,,,2,12,14,2,12,14,31,0.071675,0.089255,0.000024,0.164835,8,0.001212
9812503,,,4,1,5,4,1,5,33,0.062236,0.070919,0.000012,0.15,10,0.002447
9809393,,,4,5,9,4,5,9,33,0.063892,0.079805,0.000001,0.25,7,0.003138
9903446,,,5,2,7,5,2,7,33,0.064193,0.081024,0.000097,0.142857,7,0.003382
9905209,,,2,2,4,2,2,4,34,0.060364,0.073297,0.000041,0.083333,1,0.001162
9606404,,,4,1,5,4,1,5,42,0.040802,0.044315,0,0.15,7,0.00665
5063,,,6,19,25,6,19,25,25,0.112785,0.146106,0.000486,0.061594,7,0.004372
9906245,,,1,8,9,1,8,9,25,0.102695,0.122925,0.000003,0.111111,6,0.000887
9705203,,,2,4,6,2,4,6,32,0.066222,0.077681,0.000079,0.166667,4,0.001781
9708209,,,9,2,11,9,2,11,32,0.066692,0.079779,0.000005,0.290909,7,0.014745
9902473,,,3,2,5,3,2,5,36,0.05357,0.060913,0,0.35,6,0.002038
9608207,,,1,4,5,1,4,5,34,0.060139,0.072631,0,0.3,4,0.000887
9901363,,,2,4,6,2,4,6,33,0.06237,0.071763,0.000001,0.1,6,0.001491
9811354,,,1,9,10,1,9,10,32,0.06828,0.089544,0.000002,0.111111,7,0.000887
9809344,,,7,5,12,7,5,12,35,0.056204,0.064926,0.000381,0.166667,8,0.005848
9812442,,,4,1,5,4,1,5,40,0.044476,0.049767,0.00008,0.083333,1,0.002827
9905509,,,4,7,11,4,7,11,26,0.091313,0.111923,0.000002,0.136364,2,0.005989
9704399,,,7,5,12,7,5,12,38,0.04757,0.05169,0,0.348485,0,0.009085
9704276,,,10,10,20,10,10,20,33,0.063353,0.078067,0.000192,0.081579,6,0.008903
9704401,,,1,3,4,1,3,4,41,0.042561,0.047081,0.000005,0.083333,11,0.001116
5076,,,2,21,23,2,21,23,24,0.103509,0.136809,0.000114,0.124506,4,0.001135
5077,,,1,2,3,1,2,3,30,0.073944,0.084481,0,0.333333,10,0.000708
110073,,,1,15,16,1,15,16,21,0.129323,0.150732,0.000263,0.108333,2,0.000579
109154,,,2,18,20,2,18,20,22,0.125114,0.149583,0.000056,0.192105,0,0.001146
12279,,,2,3,5,2,3,5,27,0.083834,0.103187,0.000001,0.05,2,0.001367
104186,,,5,16,21,5,16,21,21,0.133194,0.15464,0.000849,0.178947,0,0.002963
9907466,,,6,15,21,6,15,21,34,0.060034,0.075297,0.000084,0.197619,9,0.011098
9808425,,,12,7,19,12,7,19,33,0.063241,0.077829,0,0.347953,9,0.021072
9706482,,,21,13,34,21,13,34,32,0.066471,0.081365,0.000108,0.155971,9,0.04279
9704409,,,2,1,3,2,1,3,34,0.059273,0.068545,0,0,9,0.0022
9704411,,,2,4,6,2,4,6,30,0.074269,0.086007,0.000691,0.033333,6,0.003651
9902480,,,1,11,12,1,11,12,32,0.068111,0.089214,0.000089,0.227273,11,0.00104
5085,,,6,14,20,6,14,20,26,0.097959,0.120074,0.000181,0.115789,8,0.00399
9903339,,,1,4,5,1,4,5,31,0.071271,0.087166,0,0.2,8,0.00087
9812490,,,3,12,15,3,12,15,31,0.071594,0.089144,0.000028,0.128571,8,0.002449
9704417,,,5,2,7,5,2,7,38,0.048637,0.05506,0.00015,0.095238,6,0.003173
9704421,,,2,12,14,2,12,14,32,0.066646,0.07977,0,0.225275,7,0.002733
9611373,,,6,7,13,6,7,13,33,0.062886,0.074065,0.000089,0.089744,1,0.042868
5096,,,1,41,42,1,41,42,29,0.08442,0.115888,0.000149,0.094657,8,0.000568
9808332,,,10,11,21,10,11,21,32,0.06603,0.077591,0.000044,0.185714,8,0.010921
9706330,,,2,5,7,2,5,7,34,0.05935,0.069485,0.000001,0.119048,8,0.001136
9807263,,,4,6,10,4,6,10,34,0.059469,0.070194,0.000001,0.155556,8,0.002844
9812257,,,8,2,10,8,2,10,34,0.057816,0.063543,0,0.3,8,0.00742
5098,,,2,10,12,2,10,12,25,0.098724,0.114523,0.000056,0.204545,5,0.001254
9809472,,,4,6,10,4,6,10,35,0.056846,0.067496,0.000169,0.2,5,0.005177
9906292,,,3,8,11,3,8,11,33,0.064459,0.082164,0.00006,0.236364,5,0.002518
5099,,,1,3,4,1,3,4,26,0.092555,0.11064,0,0.416667,3,0.000744
9704428,,,22,17,39,22,17,39,34,0.059316,0.071597,0.000072,0.294197,9,0.038912
9908360,,,14,31,45,14,31,45,31,0.071617,0.08843,0.000297,0.195455,13,0.018147
9805261,,,6,3,9,6,3,9,31,0.068942,0.077661,0.000149,0.138889,0,0.003905
9906548,,,3,3,6,3,3,6,30,0.073896,0.084345,0.000129,0.1,13,0.002583
9704430,,,1,1,2,1,1,2,35,0.056587,0.065318,0.000163,0,13,0.000641
5103,,,3,9,12,3,9,12,30,0.07076,0.090638,0.000005,0.280303,0,0.001879
9903318,,,3,12,15,3,12,15,31,0.072516,0.094032,0.000192,0.133333,0,0.002959
9901450,,,1,2,3,1,2,3,24,0.106371,0.122189,0.000001,0.166667,2,0.001564
5135,,,2,11,13,2,11,13,24,0.112014,0.137923,0.00001,0.151515,2,0.002196
9912240,,,6,15,21,6,15,21,24,0.108459,0.132918,0.000231,0.1,2,0.009669
9901403,,,5,1,6,5,1,6,24,0.103011,0.118046,0.000222,0.133333,2,0.005121
5105,,,4,37,41,4,37,41,26,0.093877,0.115999,0.001693,0.179878,0,0.002914
9703354,,,17,4,21,17,4,21,37,0.049941,0.054692,0.000138,0.17619,0,0.02205
9804453,,,11,17,28,11,17,28,34,0.059648,0.072099,0.000265,0.136243,0,0.012426
5106,,,4,7,11,4,7,11,29,0.084669,0.113947,0.000047,0.136364,10,0.002465
9810386,,,13,1,14,13,1,14,35,0.056752,0.0664,0.000105,0.027473,10,0.010988
5108,,,8,5,13,8,5,13,31,0.071647,0.088956,0.000004,0.301282,8,0.005966
9909433,,,3,32,35,3,32,35,25,0.106842,0.138987,0.000087,0.126891,6,0.004402
9909345,,,2,6,8,2,6,8,26,0.097013,0.11851,0,0.178571,6,0.003661
9812460,,,1,1,2,1,1,2,43,0.039216,0.042385,0,0.5,1,0.00071
9911256,,,4,70,74,4,70,74,29,0.087247,0.121692,0.00258,0.050537,11,0.00435
9704439,,,3,12,15,3,12,15,34,0.0598,0.072477,0.000058,0.17619,4,0.006914
9606209,,,1,1,2,1,1,2,41,0.042558,0.04694,0,0,11,0.000623
9902295,,,1,34,35,1,34,35,30,0.076006,0.096629,0.000085,0.059664,1,0.000623
5113,,,1,4,5,1,4,5,33,0.063187,0.076151,0.000001,0.2,2,0.000783
9911342,,,3,9,12,3,9,12,32,0.067215,0.082699,0.000378,0.128788,11,0.003504
9809544,,,10,7,17,10,7,17,35,0.057065,0.070097,0.000004,0.154412,12,0.008579
9811340,,,6,7,13,6,7,13,34,0.059522,0.07114,0.000102,0.179487,5,0.015858
9707338,,,22,7,29,22,7,29,34,0.059383,0.069906,0.000575,0.080049,11,0.022362
9908307,,,6,3,9,6,3,9,34,0.059606,0.070683,0.000173,0.069444,11,0.007414
9912292,,,2,8,10,2,8,10,30,0.080431,0.10385,0.000895,0.1,11,0.002936
9906280,,,3,12,15,3,12,15,32,0.068505,0.08794,0.00031,0.133333,11,0.002294
9905518,,,3,6,9,3,6,9,32,0.06737,0.083474,0.000052,0.194444,8,0.004101
9803475,,,7,9,16,7,9,16,34,0.059127,0.069556,0.000162,0.2125,11,0.009703
9904507,,,9,15,24,9,15,24,33,0.063432,0.079024,0.000026,0.309783,5,0.008559
9911460,,,8,20,28,8,20,28,33,0.065812,0.090847,0.000246,0.287037,5,0.007825
9710213,,,5,3,8,5,3,8,40,0.044443,0.049575,0,0.446429,11,0.008997
9708464,,,2,5,7,2,5,7,31,0.07026,0.082716,0.000162,0.190476,11,0.002081
9904332,,,2,6,8,2,6,8,32,0.068472,0.089592,0.000007,0.053571,12,0.001827
9805283,,,5,1,6,5,1,6,35,0.056708,0.066143,0.000002,0.066667,11,0.004799
9910253,,,5,7,12,5,7,12,29,0.08297,0.10351,0.000249,0.212121,11,0.006077
9809397,,,5,6,11,5,6,11,35,0.056295,0.066273,0.000001,0.281818,11,0.005282
9704444,,,1,7,8,1,7,8,34,0.059796,0.072152,0.000004,0.285714,4,0.001223
4005,,,2,11,13,2,11,13,25,0.104775,0.12678,0.000001,0.134615,6,0.001307
5121,,,2,14,16,2,14,16,25,0.097214,0.116545,0.000319,0.1875,11,0.001981
9704450,,,7,11,18,7,11,18,33,0.062969,0.077189,0.000125,0.176471,4,0.011357
9609210,,,7,10,17,7,10,17,34,0.058885,0.068022,0.000006,0.117647,5,0.006181
9807514,,,2,2,4,2,2,4,30,0.074919,0.087199,0.000033,0,13,0.002704
5125,,,1,8,9,1,8,9,26,0.08612,0.101537,0,0.222222,2,0.000745
9803261,,,13,7,20,13,7,20,37,0.051075,0.059104,0.000003,0.157895,2,0.029786
9902229,,,1,2,3,1,2,3,39,0.046516,0.052376,0.000039,0.5,8,0.000629
5127,,,2,25,27,2,25,27,25,0.109,0.137269,0.001569,0.145299,1,0.002522
5131,,,1,7,8,1,7,8,28,0.089656,0.110326,0,0.178571,11,0.000579
2266,,,3,5,8,3,5,8,28,0.089645,0.110051,0.013669,0.089286,11,0.002218
9805302,,,3,11,14,3,11,14,31,0.071941,0.090808,0.000099,0.214286,0,0.002383
9803370,,,10,15,25,10,15,25,32,0.067475,0.086818,0.00032,0.13,7,0.027589
9511338,,,4,1,5,4,1,5,46,0.035088,0.037309,0.000079,0.15,6,0.009452
9901398,,,2,3,5,2,3,5,35,0.056336,0.065001,0.000079,0.05,6,0.001857
5146,,,6,15,21,6,15,21,25,0.097681,0.122307,0.000057,0.261905,3,0.004065
9906542,,,13,10,23,13,10,23,26,0.094035,0.115552,0.000033,0.227273,3,0.02782
5147,,,5,6,11,5,6,11,23,0.100923,0.123067,0.00005,0.181818,2,0.00379
5148,,,1,15,16,1,15,16,23,0.113268,0.151842,0.000006,0.170833,2,0.001341
5152,,,1,12,13,1,12,13,28,0.085622,0.110833,0.000084,0.115385,8,0.000631
9903495,,,4,5,9,4,5,9,32,0.066673,0.079569,0.000142,0.111111,8,0.002958
9909458,,,5,6,11,5,6,11,30,0.07837,0.101232,0.000129,0.072727,12,0.003193
9909338,,,1,3,4,1,3,4,30,0.075089,0.087922,0,0.25,13,0.000571
5155,,,2,4,6,2,4,6,30,0.07782,0.096287,0.00006,0.333333,12,0.001256
9909475,,,2,17,19,2,17,19,30,0.078782,0.099949,0.000013,0.114035,12,0.001204
9906267,,,6,17,23,6,17,23,29,0.083019,0.103172,0.000062,0.130435,12,0.00482
9910532,,,2,21,23,2,21,23,26,0.097693,0.127324,0.000551,0.057312,6,0.001686
5159,,,9,44,53,9,44,53,23,0.133802,0.179359,0.000975,0.073152,7,0.010098
7328,,,3,9,12,3,9,12,24,0.107857,0.133137,0.000076,0.19697,4,0.004137
5162,,,1,9,10,1,9,10,30,0.070397,0.088505,0,0.4,0,0.000571
9810329,,,3,4,7,3,4,7,33,0.064122,0.08004,0.000038,0.238095,2,0.002542
9807266,,,8,1,9,8,1,9,39,0.046312,0.051732,0.000001,0.138889,2,0.005965
5168,,,1,1,2,1,1,2,26,0.097316,0.114969,0,0.5,5,0.000579
5170,,,1,8,9,1,8,9,25,0.10427,0.127629,0,0.236111,6,0.000569
5171,,,1,2,3,1,2,3,35,0.055549,0.062217,0.000013,0.166667,6,0.001206
5172,,,1,1,2,1,1,2,32,0.066891,0.079967,0,0.5,8,0.00058
5174,,,1,6,7,1,6,7,30,0.070757,0.08429,0,0.357143,1,0.000568
109053,,,3,17,20,3,17,20,22,0.132349,0.158314,0.000083,0.171053,2,0.002855
6324,,,2,5,7,2,5,7,24,0.115453,0.142767,0.000064,0.119048,6,0.001142
5181,,,10,5,15,10,5,15,25,0.107834,0.135448,0.000246,0.1,7,0.007989
9909391,,,6,6,12,6,6,12,27,0.084134,0.105821,0.002631,0.05303,7,0.007619
5186,,,4,9,13,4,9,13,23,0.123426,0.148951,0.000032,0.173077,6,0.003606
5188,,,2,7,9,2,7,9,25,0.109176,0.132816,0.000001,0.333333,7,0.003727
9910263,,,4,17,21,4,17,21,25,0.103973,0.129539,0.00006,0.245238,7,0.007034
9907307,,,8,11,19,8,11,19,25,0.102925,0.126265,0.000048,0.27193,7,0.013432
5191,,,7,8,15,7,8,15,32,0.068949,0.088663,0.000168,0.142857,3,0.005202
5198,,,1,31,32,1,31,32,26,0.097084,0.126108,0.000828,0.120968,12,0.000636
9809538,,,3,6,9,3,6,9,32,0.066791,0.08083,0,0.388889,12,0.002674
9911376,,,2,10,12,2,10,12,26,0.091639,0.115568,0.000268,0.128788,12,0.001138
9909274,,,1,5,6,1,5,6,26,0.09176,0.115733,0.000083,0.166667,12,0.000571
9804381,,,1,14,15,1,14,15,34,0.060209,0.074917,0,0.219048,12,0.000571
2016,,,2,6,8,2,6,8,33,0.063826,0.079624,0,0.232143,12,0.001206
9811367,,,6,10,16,6,10,16,33,0.063183,0.07658,0.000001,0.179167,12,0.004022
3241,,,1,4,5,1,4,5,27,0.087414,0.109287,0,0.2,12,0.000571
110093,,,2,31,33,2,31,33,20,0.157022,0.191728,0.000202,0.128788,7,0.001157
110022,,,4,27,31,4,27,31,21,0.149117,0.181925,0.000421,0.187097,7,0.002386
108103,,,2,10,12,2,10,12,22,0.134298,0.164064,0,0.295455,7,0.001249
107001,,,4,6,10,4,6,10,24,0.114974,0.13813,0,0.361111,7,0.00291
109045,,,3,18,21,3,18,21,24,0.126889,0.156733,0.000744,0.12619,7,0.002659
105194,,,6,24,30,6,24,30,22,0.136077,0.169426,0.000296,0.098522,7,0.003592
110078,,,2,11,13,2,11,13,21,0.148779,0.177719,0.000024,0.237179,7,0.001249
107002,,,7,7,14,7,7,14,24,0.114963,0.138123,0.000013,0.25,7,0.004844
9707402,,,8,2,10,8,2,10,34,0.06022,0.073194,0.000046,0.122222,4,0.015133
5208,,,5,10,15,5,10,15,29,0.086226,0.107091,0.00023,0.126374,10,0.003274
9907516,,,5,15,20,5,15,20,30,0.079081,0.097328,0.000106,0.160819,10,0.003487
5210,,,1,12,13,1,12,13,31,0.073312,0.097289,0.000232,0.185897,8,0.00058
5211,,,3,11,14,3,11,14,24,0.113523,0.141082,0.000118,0.21978,4,0.003214
9908240,,,3,21,24,3,21,24,23,0.12092,0.149267,0.000164,0.150362,4,0.00287
9809366,,,4,7,11,4,7,11,34,0.059646,0.07199,0.000015,0.172727,4,0.002825
9904233,,,4,16,20,4,16,20,27,0.089839,0.118606,0.000397,0.078947,9,0.004127
9606239,,,5,1,6,5,1,6,40,0.044458,0.049731,0.000236,0.166667,10,0.002902
5218,,,10,42,52,10,42,52,26,0.099392,0.129459,0.000402,0.070136,12,0.00664
9707392,,,6,1,7,6,1,7,41,0.042538,0.046611,0.000079,0.380952,12,0.005913
9903426,,,6,7,13,6,7,13,35,0.057021,0.068954,0.000003,0.211538,8,0.004167
9807385,,,3,1,4,3,1,4,42,0.040805,0.044334,0,0.5,12,0.002836
9607247,,,3,10,13,3,10,13,39,0.046512,0.053081,0.000005,0.160256,12,0.003671
9812335,,,1,7,8,1,7,8,32,0.067217,0.082615,0.000001,0.232143,12,0.001108
9909234,,,1,50,51,1,50,51,25,0.104606,0.1334,0.000127,0.034902,8,0.001108
9705460,,,11,8,19,11,8,19,34,0.059321,0.069499,0.000001,0.166667,12,0.014231
9709497,,,3,11,14,3,11,14,35,0.056439,0.067578,0.00001,0.208791,12,0.003467
9811262,,,3,2,5,3,2,5,36,0.053775,0.062,0,0.5,12,0.002836
9904390,,,2,5,7,2,5,7,31,0.072289,0.092323,0.00006,0.071429,0,0.001135
9606244,,,2,6,8,2,6,8,39,0.046507,0.052678,0,0.392857,11,0.003425
9709440,,,3,1,4,3,1,4,35,0.055983,0.063553,0,0.083333,8,0.00534
9909310,,,2,8,10,2,8,10,35,0.056865,0.069482,0.000001,0.288889,8,0.001437
9902218,,,4,13,17,4,13,17,29,0.077837,0.103545,0.005902,0.106618,0,0.002664
9809346,,,10,3,13,10,3,13,32,0.065312,0.07474,0.000172,0.153846,0,0.006915
9907337,,,1,20,21,1,20,21,28,0.086942,0.10708,0.000314,0.088095,0,0.000629
9810393,,,7,11,18,7,11,18,31,0.072307,0.093007,0.001772,0.081699,0,0.004674
5224,,,2,11,13,2,11,13,28,0.083905,0.101437,0.000207,0.115385,0,0.001196
9803284,,,9,1,10,9,1,10,37,0.049865,0.054123,0.000055,0.166667,0,0.00711
9911537,,,2,8,10,2,8,10,28,0.085312,0.103443,0.000078,0.166667,0,0.001212
9810301,,,6,8,14,6,8,14,31,0.071171,0.086752,0.000861,0.087912,0,0.005758
5226,,,2,32,34,2,32,34,25,0.113053,0.148879,0.018579,0.12656,5,0.001252
5227,,,2,41,43,2,41,43,23,0.131176,0.170906,0.00045,0.086932,7,0.003727
9702229,,,3,2,5,3,2,5,45,0.036363,0.038893,0,0.15,2,0.009334
9708447,,,2,3,5,2,3,5,32,0.066488,0.077835,0,0.25,7,0.001629
9909236,,,3,14,17,3,14,17,24,0.110646,0.133867,0.000029,0.198529,7,0.002714
9911203,,,4,10,14,4,10,14,28,0.088266,0.116406,0.000085,0.065934,7,0.003092
5235,,,2,19,21,2,19,21,25,0.09481,0.119373,0.00004,0.285714,3,0.001237
9912344,,,3,6,9,3,6,9,26,0.091747,0.114954,0,0.402778,3,0.002369
9807483,,,4,1,5,4,1,5,33,0.063319,0.07773,0,0.25,9,0.008115
9707531,,,2,15,17,2,15,17,33,0.063798,0.081422,0.000002,0.308824,9,0.002418
9806487,,,3,6,9,3,6,9,32,0.067427,0.086005,0.000011,0.097222,9,0.003665
9806313,,,1,3,4,1,3,4,33,0.063408,0.078653,0.000003,0.25,9,0.001005
5238,,,1,16,17,1,16,17,26,0.096708,0.126431,0.000178,0.132353,2,0.000696
3278,,,2,11,13,2,11,13,26,0.098417,0.122712,0.000319,0.198718,2,0.00127
9603201,,,13,1,14,13,1,14,44,0.037727,0.040444,0.00014,0.142857,2,0.027866
5245,,,5,17,22,5,17,22,27,0.090862,0.113865,0.000582,0.099567,10,0.003881
9902260,,,6,2,8,6,2,8,30,0.074002,0.084548,0.000115,0.125,10,0.004338
9905241,,,8,8,16,8,8,16,29,0.08124,0.099334,0.001185,0.05,10,0.007121
5249,,,5,25,30,5,25,30,23,0.110515,0.148528,0.000104,0.098851,2,0.003636
3101,,,1,39,40,1,39,40,23,0.109559,0.1488,0.000007,0.105128,2,0.000824
9812338,,,2,11,13,2,11,13,25,0.093452,0.116115,0.000134,0.198718,4,0.001793
5250,,,2,8,10,2,8,10,31,0.071317,0.087645,0.000001,0.1,8,0.001196
9905303,,,1,5,6,1,5,6,31,0.071176,0.086133,0.000186,0.1,12,0.000794
9906489,,,5,15,20,5,15,20,27,0.089598,0.111088,0.000683,0.160819,10,0.004487
5254,,,1,6,7,1,6,7,31,0.071547,0.088756,0.000004,0.238095,1,0.00057
9906345,,,6,14,20,6,14,20,31,0.073133,0.096921,0.000294,0.097368,4,0.005069
9809426,,,9,11,20,9,11,20,31,0.072404,0.095289,0.000039,0.207895,0,0.008815
9805419,,,10,11,21,10,11,21,22,0.127753,0.154666,0.057608,0.091667,0,0.012541
9602310,,,7,3,10,7,3,10,42,0.040841,0.045072,0.000069,0.2,4,0.014165
9809545,,,7,40,47,7,40,47,30,0.078404,0.110835,0.000969,0.114246,7,0.010348
9904335,,,7,11,18,7,11,18,32,0.068896,0.093555,0.000796,0.232026,9,0.010584
9908300,,,6,11,17,6,11,17,25,0.094177,0.115418,0.000808,0.180147,0,0.004678
9901202,,,2,1,3,2,1,3,32,0.067203,0.081198,0.000172,0.166667,5,0.001697
9708307,,,1,1,2,1,1,2,46,0.03509,0.03731,0,0,9,0.000775
9811509,,,10,2,12,10,2,12,26,0.084767,0.100458,0.000321,0.163636,0,0.009385
5270,,,2,14,16,2,14,16,22,0.109142,0.130372,0.000427,0.079167,2,0.00304
9810528,,,4,3,7,4,3,7,35,0.055689,0.063462,0.000003,0.142857,6,0.002424
3077,,,1,3,4,1,3,4,24,0.096917,0.112527,0.000215,0.083333,2,0.000706
9810468,,,6,2,8,6,2,8,33,0.064268,0.081023,0.000001,0.142857,2,0.018771
9807569,,,5,1,6,5,1,6,33,0.063552,0.077197,0,0.266667,2,0.009097
9806442,,,3,7,10,3,7,10,32,0.067227,0.082747,0.000001,0.255556,2,0.008814
9812216,,,1,4,5,1,4,5,33,0.064013,0.08058,0.000004,0.1,2,0.004103
9807484,,,2,15,17,2,15,17,32,0.068488,0.09043,0.000008,0.136029,2,0.011159
9811245,,,6,1,7,6,1,7,35,0.056469,0.066651,0.000012,0.071429,11,0.016434
9812517,,,1,4,5,1,4,5,33,0.064889,0.086065,0.000241,0.25,9,0.011309
9804339,,,9,15,24,9,15,24,32,0.068176,0.08988,0.000061,0.164855,9,0.012919
9901213,,,2,12,14,2,12,14,32,0.065636,0.075799,0.000003,0.208791,0,0.001527
9804460,,,5,2,7,5,2,7,36,0.053159,0.060491,0.000048,0.071429,11,0.00347
9808349,,,2,5,7,2,5,7,32,0.06527,0.073596,0,0.380952,0,0.001408
5278,,,2,6,8,2,6,8,31,0.076072,0.095108,0,0.309524,1,0.001636
9901218,,,1,9,10,1,9,10,32,0.068138,0.089979,0.000004,0.222222,7,0.003747
9712244,,,9,20,29,9,20,29,31,0.071438,0.090341,0.00004,0.165025,7,0.019678
9805451,,,8,7,15,8,7,15,31,0.071246,0.087619,0.000002,0.238095,7,0.01275
9606308,,,1,1,2,1,1,2,41,0.04257,0.046978,0,0.5,10,0.000623
9708328,,,1,3,4,1,3,4,35,0.056175,0.065109,0.000001,0.166667,6,0.000986
9710237,,,7,6,13,7,6,13,33,0.063614,0.078694,0.000641,0.051282,6,0.005041
9706335,,,1,2,3,1,2,3,39,0.046422,0.051972,0,0.333333,6,0.000986
9512224,,,1,3,4,1,3,4,40,0.044429,0.04946,0,0.416667,11,0.00291
9511407,,,10,4,14,10,4,14,40,0.044431,0.049557,0.000599,0.203297,11,0.016479
9901223,,,1,2,3,1,2,3,31,0.06977,0.079498,0,0.166667,7,0.000641
110108,,,1,21,22,1,21,22,23,0.133904,0.171898,0.003597,0.069264,6,0.00057
106212,,,3,11,14,3,11,14,23,0.128881,0.160231,0.000821,0.087912,6,0.001773
110021,,,1,16,17,1,16,17,24,0.124471,0.158717,0.000864,0.0625,6,0.000568
107071,,,4,16,20,4,16,20,22,0.137999,0.17191,0.000193,0.165789,6,0.002345
6152,,,2,1,3,2,1,3,36,0.054543,0.06609,0.000052,0.166667,11,0.001776
5293,,,5,7,12,5,7,12,24,0.106865,0.134202,0.000021,0.318182,3,0.003341
9801417,,,5,68,73,5,68,73,32,0.069088,0.102319,0.001407,0.054795,4,0.006535
9711357,,,13,2,15,13,2,15,43,0.039215,0.042494,0,0.104762,6,0.017002
5042,,,2,4,6,2,4,6,30,0.074471,0.086545,0,0.5,10,0.002182
9707394,,,1,3,4,1,3,4,30,0.074142,0.085395,0,0.5,10,0.001541
9903443,,,3,10,13,3,10,13,30,0.074833,0.087935,0.000005,0.301282,10,0.002852
9809455,,,3,7,10,3,7,10,29,0.079987,0.094336,0.000081,0.277778,10,0.003387
9606322,,,1,2,3,1,2,3,34,0.059988,0.071032,0.000007,0,1,0.003256
9512419,,,7,4,11,7,4,11,41,0.04256,0.047249,0.000011,0.072727,1,0.020988
9710267,,,2,10,12,2,10,12,31,0.071366,0.089121,0.000029,0.113636,5,0.002599
9606327,,,7,3,10,7,3,10,33,0.062824,0.073224,0.000223,0.177778,1,0.018911
5304,,,1,11,12,1,11,12,32,0.068679,0.088397,0.000005,0.30303,8,0.000741
9901241,,,7,26,33,7,26,33,25,0.100162,0.12626,0.000006,0.170455,2,0.014471
5306,,,1,19,20,1,19,20,27,0.090023,0.117382,0.000174,0.078947,5,0.000625
9706434,,,1,5,6,1,5,6,33,0.063292,0.077458,0,0.066667,5,0.00057
9709316,,,5,1,6,5,1,6,42,0.040818,0.04445,0,0.366667,5,0.004789
9909383,,,4,1,5,4,1,5,33,0.062444,0.071767,0,0.2,6,0.002633
9908488,,,2,13,15,2,13,15,31,0.073078,0.098769,0.000012,0.042857,5,0.001141
9609482,,,7,3,10,7,3,10,40,0.044465,0.049878,0.000006,0.133333,5,0.005356
9807406,,,3,1,4,3,1,4,36,0.053093,0.059615,0,0.25,5,0.002107
9806286,,,4,4,8,4,4,8,35,0.056065,0.064185,0.000163,0.125,5,0.002801
9807502,,,9,19,28,9,19,28,26,0.091433,0.112154,0.000318,0.118462,2,0.016867
9810398,,,3,4,7,3,4,7,33,0.063049,0.074734,0.000001,0.166667,2,0.008182
9805316,,,8,5,13,8,5,13,30,0.075877,0.092824,0.000697,0.076923,8,0.005165
9712507,,,5,3,8,5,3,8,32,0.064581,0.072026,0.000001,0.089286,8,0.003348
9711413,,,2,3,5,2,3,5,30,0.07488,0.088279,0.000023,0.2,8,0.001607
9805355,,,2,6,8,2,6,8,38,0.048345,0.054412,0.000207,0.214286,11,0.001951
9904385,,,2,1,3,2,1,3,42,0.040806,0.044384,0,0,11,0.001865
9805327,,,7,5,12,7,5,12,34,0.060733,0.07647,0.000001,0.333333,11,0.00861
9810522,,,2,1,3,2,1,3,39,0.046119,0.051021,0.000181,0.166667,11,0.001932
9711439,,,2,7,9,2,7,9,37,0.05079,0.058112,0.000087,0.194444,11,0.001952
9606334,,,1,1,2,1,1,2,33,0.062767,0.072933,0.000004,0,8,0.001684
9910414,,,2,5,7,2,5,7,32,0.06631,0.078811,0.000075,0.238095,5,0.001254
2072,,,7,9,16,7,9,16,31,0.072015,0.091582,0.000337,0.108333,8,0.004438
9901416,,,7,2,9,7,2,9,37,0.050918,0.058275,0.000175,0.125,8,0.005077
9912402,,,1,9,10,1,9,10,33,0.062282,0.072871,0.000008,0.2,8,0.000681
9912403,,,4,9,13,4,9,13,32,0.067833,0.085963,0.00007,0.128205,8,0.002907
9901250,,,1,2,3,1,2,3,34,0.059629,0.071776,0.000011,0,4,0.00057
5315,,,1,12,13,1,12,13,32,0.07029,0.097219,0.000003,0.121795,12,0.000607
9809264,,,2,1,3,2,1,3,35,0.056896,0.06756,0,0.333333,12,0.001252
9901360,,,3,13,16,3,13,16,32,0.068456,0.091707,0.000102,0.1375,12,0.001826
5317,,,1,3,4,1,3,4,31,0.071089,0.08543,0.000001,0.166667,1,0.00092
9806505,,,6,12,18,6,12,18,34,0.060044,0.075077,0.000041,0.173203,9,0.012483
5320,,,1,9,10,1,9,10,32,0.067788,0.086739,0.000996,0.144444,8,0.000745
9808407,,,3,1,4,3,1,4,30,0.074052,0.084962,0.000079,0.25,10,0.003014
9909235,,,3,3,6,3,3,6,31,0.073177,0.096014,0.001397,0.066667,8,0.002102
9812333,,,12,21,33,12,21,33,31,0.073141,0.099088,0.000907,0.07197,12,0.009985
9709447,,,7,3,10,7,3,10,33,0.062938,0.074043,0.000013,0.1,9,0.010625
9901264,,,4,14,18,4,14,18,31,0.072136,0.092666,0.000083,0.127451,7,0.002962
9805423,,,2,7,9,2,7,9,33,0.064035,0.081144,0.000004,0.222222,7,0.001572
9810520,,,8,30,38,8,30,38,31,0.07376,0.105809,0.000321,0.106686,7,0.014578
9712349,,,7,18,25,7,18,25,31,0.072911,0.099972,0.000144,0.121667,7,0.006364
9711265,,,4,24,28,4,24,28,31,0.071913,0.093628,0.000024,0.145503,7,0.003907
9705404,,,3,5,8,3,5,8,31,0.07148,0.088679,0,0.357143,7,0.009269
6350,,,1,4,5,1,4,5,26,0.089354,0.107542,0.000082,0.4,3,0.002991
9606359,,,7,2,9,7,2,9,45,0.036371,0.038996,0,0.25,2,0.006172
9901273,,,2,7,9,2,7,9,24,0.096203,0.115464,0.000014,0.097222,2,0.001317
9810233,,,2,6,8,2,6,8,32,0.068135,0.087013,0,0.125,2,0.001268
9606363,,,1,2,3,1,2,3,39,0.04649,0.052197,0.00002,0,5,0.002025
9808364,,,4,8,12,4,8,12,35,0.057718,0.073434,0.000002,0.371212,11,0.003698
9708342,,,10,16,26,10,16,26,34,0.060138,0.074721,0.000022,0.26087,11,0.014062
9901280,,,2,15,17,2,15,17,22,0.127545,0.148676,0.008251,0.055147,6,0.001509
9708218,,,2,2,4,2,2,4,34,0.059539,0.070402,0.000003,0.25,6,0.001819
9901246,,,22,46,68,22,46,68,21,0.144371,0.172572,0.015759,0.045874,6,0.022279
9606371,,,7,2,9,7,2,9,35,0.056637,0.065791,0.000062,0.069444,7,0.013509
9901286,,,1,4,5,1,4,5,32,0.066233,0.078417,0,0.1,1,0.00057
9705445,,,6,1,7,6,1,7,42,0.040805,0.044365,0.000007,0.119048,1,0.006761
9904312,,,3,1,4,3,1,4,34,0.060882,0.074856,0.000294,0.166667,2,0.003956
9804426,,,3,4,7,3,4,7,38,0.04858,0.055035,0,0.047619,2,0.002053
9812531,,,4,5,9,4,5,9,33,0.064825,0.083563,0.000479,0.097222,2,0.002914
9803482,,,1,1,2,1,1,2,36,0.052546,0.057891,0,0,0,0.000915
9606378,,,14,4,18,14,4,18,40,0.044445,0.049748,0.000078,0.205882,11,0.032965
9901292,,,1,19,20,1,19,20,25,0.098359,0.11788,0.000174,0.189474,3,0.00058
9710470,,,1,1,2,1,1,2,35,0.055587,0.062648,0,0,4,0.000568
9707434,,,8,2,10,8,2,10,34,0.059521,0.070283,0.000048,0.088889,3,0.017179
9810356,,,1,2,3,1,2,3,35,0.056959,0.06785,0,0.5,3,0.000568
9901293,,,2,4,6,2,4,6,22,0.124029,0.139015,0.000003,0.133333,6,0.003915
9811234,,,8,3,11,8,3,11,21,0.140454,0.160094,0.003223,0.081818,6,0.007163
9901298,,,1,3,4,1,3,4,33,0.062685,0.073423,0,0.416667,8,0.000686
9812451,,,1,6,7,1,6,7,35,0.056248,0.066138,0,0.190476,4,0.000779
9805512,,,3,4,7,3,4,7,34,0.059106,0.069213,0.000012,0.166667,4,0.002047
9901301,,,1,1,2,1,1,2,34,0.060101,0.071797,0,0.5,3,0.00059
9708441,,,5,1,6,5,1,6,33,0.063938,0.079212,0.000182,0.2,3,0.003974
9806426,,,7,6,13,7,6,13,34,0.060221,0.075025,0.00002,0.147436,0,0.014658
9812234,,,2,7,9,2,7,9,33,0.064694,0.086,0.000001,0.222222,0,0.001606
107048,,,3,56,59,3,56,59,19,0.180745,0.224276,0.000629,0.093466,7,0.001834
6250,,,5,9,14,5,9,14,23,0.117523,0.137051,0.000024,0.192308,7,0.004333
9606393,,,4,7,11,4,7,11,34,0.059986,0.071283,0.000553,0.181818,6,0.003727
9901307,,,1,3,4,1,3,4,33,0.062279,0.071786,0.000201,0.25,0,0.000751
9809293,,,2,2,4,2,2,4,33,0.062276,0.071714,0.000001,0.333333,0,0.001407
9606396,,,1,4,5,1,4,5,32,0.066465,0.078309,0.000058,0.3,4,0.001499
9901309,,,2,4,6,2,4,6,33,0.06238,0.073107,0.000002,0.3,4,0.001502
9712300,,,12,10,22,12,10,22,32,0.066457,0.080327,0.000296,0.145022,4,0.011872
9812427,,,11,8,19,11,8,19,33,0.062385,0.073387,0.000004,0.181287,4,0.008142
9810217,,,1,3,4,1,3,4,32,0.067137,0.080622,0,0.5,0,0.000782
9810265,,,2,8,10,2,8,10,31,0.071362,0.086041,0.000013,0.311111,0,0.003144
9901314,,,6,7,13,6,7,13,32,0.067041,0.081726,0.000154,0.121795,11,0.003976
9709425,,,5,1,6,5,1,6,42,0.040808,0.044358,0,0.133333,11,0.005542
9805396,,,6,5,11,6,5,11,32,0.065856,0.076291,0.000096,0.1,11,0.004523
9811423,,,5,4,9,5,4,9,35,0.056085,0.06442,0.000182,0.138889,8,0.004268
9901315,,,3,7,10,3,7,10,31,0.072048,0.090735,0.000003,0.288889,8,0.004659
9901316,,,4,9,13,4,9,13,32,0.067231,0.082859,0.000023,0.179487,2,0.0254
9811414,,,8,14,22,8,14,22,34,0.060717,0.07876,0.00004,0.097403,11,0.008043
9608341,,,5,1,6,5,1,6,37,0.049923,0.054379,0.000079,0.166667,0,0.009494
9708313,,,4,4,8,4,4,8,38,0.047572,0.051666,0.000001,0.392857,0,0.007043
9709267,,,8,3,11,8,3,11,32,0.065297,0.073709,0.000094,0.218182,0,0.012188
9812342,,,1,4,5,1,4,5,33,0.06433,0.083969,0.000012,0.2,0,0.001923
9808284,,,9,7,16,9,7,16,36,0.053354,0.06204,0.000027,0.091667,2,0.034293
9901321,,,5,6,11,5,6,11,30,0.075218,0.089567,0.000349,0.154545,8,0.004469
7180,,,4,46,50,4,46,50,25,0.108502,0.140975,0.000628,0.043793,11,0.002473
9901324,,,2,9,11,2,9,11,32,0.066833,0.08129,0.00008,0.181818,8,0.001254
9804337,,,10,8,18,10,8,18,31,0.07126,0.087751,0.000284,0.107843,8,0.011038
9803403,,,6,12,18,6,12,18,31,0.071287,0.088117,0.00037,0.101307,8,0.009501
9810474,,,2,6,8,2,6,8,32,0.066834,0.081454,0.000001,0.339286,8,0.001251
9706413,,,10,3,13,10,3,13,31,0.068848,0.077294,0.000022,0.121795,8,0.009452
9810369,,,2,2,4,2,2,4,32,0.066332,0.076924,0.000002,0.083333,1,0.002304
9810267,,,7,8,15,7,8,15,32,0.068087,0.087726,0.000028,0.333333,0,0.009139
9901329,,,3,6,9,3,6,9,32,0.066733,0.080321,0.000506,0.069444,7,0.002503
9703459,,,2,1,3,2,1,3,33,0.062601,0.073402,0.00002,0.166667,7,0.001297
9810375,,,1,1,2,1,1,2,34,0.05856,0.065498,0,0.5,7,0.000712
9808243,,,1,10,11,1,10,11,34,0.060284,0.075528,0.000001,0.118182,11,0.000634
9812304,,,4,11,15,4,11,15,36,0.053306,0.061933,0.000144,0.242857,8,0.006219
9805299,,,1,7,8,1,7,8,35,0.056995,0.069538,0,0.178571,8,0.001753
9904317,,,2,4,6,2,4,6,35,0.056933,0.068874,0.000004,0.166667,8,0.003589
9707262,,,8,1,9,8,1,9,40,0.04445,0.04961,0.000019,0.125,8,0.013029
9806233,,,1,3,4,1,3,4,32,0.067254,0.08274,0.000312,0.083333,1,0.000787
9710338,,,4,1,5,4,1,5,37,0.050414,0.055985,0.000003,0.05,13,0.002801
9905479,,,1,2,3,1,2,3,35,0.056741,0.06657,0.000029,0.166667,12,0.000787
9606424,,,1,1,2,1,1,2,44,0.037731,0.040469,0.000079,0,9,0.000571
9409239,,,1,1,2,1,1,2,43,0.039207,0.042316,0.000079,0,9,0.000568
9901339,,,4,2,6,4,2,6,37,0.050929,0.058468,0.000108,0.066667,8,0.002893
9901341,,,1,2,3,1,2,3,33,0.063047,0.074896,0.000018,0,11,0.000568
9710275,,,3,1,4,3,1,4,45,0.036372,0.038926,0,0.166667,7,0.002702
9801270,,,14,18,32,14,18,32,31,0.072303,0.095017,0.00008,0.094758,7,0.024819
9804433,,,8,11,19,8,11,19,32,0.068473,0.091543,0.000817,0.105263,2,0.071424
9704453,,,15,18,33,15,18,33,35,0.056844,0.068535,0.000743,0.052083,12,0.020492
9803334,,,2,5,7,2,5,7,32,0.067397,0.083788,0.000003,0.095238,12,0.00161
9810463,,,3,3,6,3,3,6,36,0.053573,0.060962,0.000019,0.2,12,0.00699
9901345,,,2,17,19,2,17,19,27,0.089518,0.110417,0.000127,0.19883,4,0.002933
9708315,,,2,11,13,2,11,13,33,0.062887,0.0763,0.000009,0.179487,4,0.001457
9806346,,,6,45,51,6,45,51,31,0.072026,0.094943,0.000131,0.125098,4,0.00844
202018,,,2,15,17,2,15,17,21,0.144238,0.173369,0.000219,0.25,7,0.0022
109181,,,2,11,13,2,11,13,21,0.140032,0.164974,0.000073,0.217949,7,0.00169
9902299,,,1,10,11,1,10,11,31,0.070933,0.08622,0.000003,0.281818,8,0.000698
9606436,,,1,2,3,1,2,3,32,0.066266,0.076507,0.000001,0.166667,4,0.000653
9901353,,,1,21,22,1,21,22,32,0.067873,0.08751,0.000241,0.194805,0,0.000648
9811371,,,3,8,11,3,8,11,33,0.064144,0.081672,0.000207,0.254545,0,0.004246
9806525,,,2,1,3,2,1,3,33,0.061168,0.068064,0,0.5,0,0.001139
9810453,,,3,6,9,3,6,9,34,0.060119,0.074022,0.000045,0.152778,0,0.002246
9810230,,,3,5,8,3,5,8,33,0.063263,0.077164,0.000003,0.339286,0,0.002246
9808276,,,2,11,13,2,11,13,32,0.067172,0.08369,0,0.384615,0,0.001207
9811420,,,1,7,8,1,7,8,33,0.06245,0.073185,0,0.410714,0,0.000571
9510453,,,3,3,6,3,3,6,29,0.079756,0.093004,0,0.333333,10,0.002198
105159,,,8,38,46,8,38,46,22,0.13689,0.172024,0.002444,0.11401,2,0.006633
108112,,,9,16,25,9,16,25,21,0.160878,0.193682,0.002714,0.108333,2,0.007274
11195,,,1,11,12,1,11,12,23,0.121952,0.148282,0.000008,0.060606,2,0.001127
202031,,,3,17,20,3,17,20,19,0.126003,0.146784,0.008129,0.102339,0,0.001763
103311,,,2,6,8,2,6,8,31,0.070895,0.083959,0.000001,0.178571,0,0.001253
110003,,,1,7,8,1,7,8,28,0.089362,0.113436,0.000831,0.178571,0,0.00068
105235,,,1,17,18,1,17,18,20,0.114911,0.135195,0.00008,0.117647,0,0.00068
108159,,,1,26,27,1,26,27,18,0.133788,0.154131,0.005945,0.054131,0,0.00068
9707438,,,8,5,13,8,5,13,34,0.060321,0.074259,0.000081,0.224359,12,0.009254
9803345,,,5,1,6,5,1,6,32,0.064407,0.071097,0.000157,0,13,0.003144
9803342,,,16,22,38,16,22,38,31,0.071905,0.091372,0.00133,0.168563,12,0.019237
9806457,,,3,2,5,3,2,5,35,0.056022,0.063968,0.000003,0.05,12,0.008567
202034,,,10,21,31,10,21,31,16,0.190295,0.217754,0.000977,0.149462,2,0.006456
201226,,,5,35,40,5,35,40,18,0.183052,0.216445,0.000404,0.103205,3,0.003709
202003,,,9,32,41,9,32,41,19,0.161411,0.19,0.000046,0.115854,2,0.006183
107005,,,4,36,40,4,36,40,21,0.147539,0.183481,0.0001,0.085256,2,0.003253
107123,,,7,9,16,7,9,16,23,0.129477,0.159018,0.000039,0.241667,2,0.005419
201277,,,4,11,15,4,11,15,20,0.148737,0.18202,0.000948,0.128571,9,0.003197
9606451,,,3,4,7,3,4,7,32,0.066363,0.077587,0.00001,0.119048,7,0.002341
9606452,,,4,2,6,4,2,6,45,0.036364,0.038928,0,0.333333,9,0.018006
9901365,,,6,6,12,6,6,12,27,0.085667,0.102914,0.000006,0.151515,6,0.007423
9901366,,,1,18,19,1,18,19,32,0.067389,0.084711,0.000002,0.076023,1,0.000914
9606455,,,1,3,4,1,3,4,28,0.086661,0.104298,0.002038,0.166667,10,0.000717
9804278,,,1,1,2,1,1,2,34,0.059602,0.070478,0,0.5,4,0.001327
9803375,,,7,3,10,7,3,10,33,0.063374,0.077779,0.000285,0.122222,4,0.034333
9901369,,,3,16,19,3,16,19,31,0.073566,0.101092,0.000113,0.131579,5,0.001917
9806473,,,1,3,4,1,3,4,31,0.071958,0.0902,0.000008,0.166667,0,0.000687
9901370,,,1,1,2,1,1,2,36,0.052843,0.058943,0,0,0,0.000626
9606461,,,2,7,9,2,7,9,34,0.060143,0.072884,0.000035,0.222222,4,0.002247
202047,,,1,2,3,1,2,3,22,0.138895,0.160152,0.000001,0.333333,6,0.000722
202048,,,1,48,49,1,48,49,21,0.16721,0.209303,0.000114,0.090561,2,0.000574
9908357,,,3,29,32,3,29,32,24,0.106674,0.141154,0.00003,0.058468,2,0.002643
108043,,,13,33,46,13,33,46,21,0.136349,0.165778,0.000163,0.117391,2,0.010175
111137,,,3,8,11,3,8,11,22,0.133417,0.158229,0.002187,0.188889,2,0.002239
111138,,,4,12,16,4,12,16,22,0.133638,0.160785,0.000008,0.171429,2,0.002812
111224,,,2,20,22,2,20,22,22,0.133846,0.163848,0.000082,0.19697,2,0.001481
112310,,,6,36,42,6,36,42,21,0.147729,0.179561,0.002811,0.106707,2,0.004985
106302,,,1,4,5,1,4,5,23,0.115183,0.146533,0.000001,0.05,2,0.000568
105155,,,5,86,91,5,86,91,24,0.142923,0.201735,0.021736,0.032479,8,0.003932
108193,,,5,14,19,5,14,19,21,0.142987,0.176015,0.000193,0.181287,2,0.003316
112329,,,2,62,64,2,62,64,21,0.154698,0.187054,0.000101,0.125,2,0.001142
111317,,,4,5,9,4,5,9,22,0.128962,0.151781,0.000003,0.166667,2,0.002769
112103,,,11,53,64,11,53,64,20,0.158572,0.196537,0.000823,0.133185,2,0.007898
105196,,,8,42,50,8,42,50,22,0.132143,0.163398,0.00114,0.1,2,0.006572
11375,,,3,19,22,3,19,22,24,0.10689,0.143465,0.00023,0.11039,2,0.002452
112119,,,7,26,33,7,26,33,22,0.146332,0.174663,0.000086,0.149621,2,0.004163
9707321,,,4,6,10,4,6,10,36,0.053784,0.062485,0.000008,0.077778,1,0.003007
9901378,,,6,9,15,6,9,15,33,0.064054,0.080198,0.000032,0.115385,7,0.01404
9810402,,,4,1,5,4,1,5,42,0.040805,0.04432,0,0.4,7,0.006135
9705324,,,4,1,5,4,1,5,35,0.056605,0.065539,0.000004,0,7,0.003749
9509293,,,1,1,2,1,1,2,33,0.0638,0.077752,0.000221,0,13,0.00177
9606471,,,2,2,4,2,2,4,41,0.042541,0.046699,0.000004,0.083333,13,0.001667
9808280,,,7,12,19,7,12,19,28,0.086932,0.106321,0.000064,0.239766,10,0.006904
9612374,,,12,2,14,12,2,14,28,0.086657,0.10423,0.000016,0.192308,10,0.010307
9803312,,,5,3,8,5,3,8,28,0.086683,0.104469,0.000126,0.214286,10,0.00583
9901235,,,3,8,11,3,8,11,28,0.08692,0.106077,0.000004,0.290909,10,0.003446
9810426,,,3,10,13,3,10,13,28,0.087817,0.109847,0.000462,0.205128,10,0.003467
9901385,,,2,3,5,2,3,5,30,0.073911,0.084469,0,0.45,13,0.001747
9806391,,,3,7,10,3,7,10,30,0.073949,0.084729,0.00008,0.255556,13,0.002285
9901387,,,1,6,7,1,6,7,41,0.042629,0.047952,0.000003,0.261905,1,0.000569
9706486,,,3,5,8,3,5,8,41,0.042579,0.047361,0.000053,0.178571,1,0.002494
9707541,,,9,14,23,9,14,23,32,0.066809,0.082095,0.000369,0.126482,4,0.042246
9806490,,,1,5,6,1,5,6,32,0.067504,0.084007,0,0.366667,2,0.007056
9811407,,,2,6,8,2,6,8,33,0.06407,0.080505,0,0.214286,2,0.00947
9807466,,,13,5,18,13,5,18,35,0.056349,0.066199,0.000029,0.127451,2,0.027222
9606478,,,2,7,9,2,7,9,33,0.063404,0.076566,0.000161,0.166667,4,0.001823
202064,,,1,33,34,1,33,34,16,0.182452,0.210668,0.000126,0.106061,2,0.000568
111269,,,4,31,35,4,31,35,21,0.151758,0.186879,0.000074,0.105042,2,0.003177
9606482,,,1,2,3,1,2,3,32,0.068148,0.086757,0.000002,0.166667,1,0.001163
9901395,,,2,4,6,2,4,6,33,0.063749,0.078916,0.000036,0.3,7,0.001725
9810215,,,13,7,20,13,7,20,36,0.053619,0.0627,0.000016,0.213158,8,0.015818
9806357,,,11,5,16,11,5,16,35,0.056444,0.066886,0.000062,0.233333,8,0.01306
9609480,,,25,5,30,25,5,30,34,0.059672,0.070363,0.000475,0.063218,4,0.069898
9810294,,,1,1,2,1,1,2,35,0.056317,0.064701,0,0.5,4,0.000657
202072,,,3,8,11,3,8,11,23,0.125733,0.148894,0.000318,0.236364,0,0.002013
108098,,,10,34,44,10,34,44,22,0.133712,0.166965,0.024459,0.087486,0,0.007632
202013,,,1,16,17,1,16,17,23,0.131879,0.159313,0.00018,0.132353,0,0.000692
106326,,,2,8,10,2,8,10,24,0.110359,0.1369,0.000012,0.066667,0,0.001266
9053,,,9,5,14,9,5,14,24,0.106758,0.12427,0.000033,0.186813,0,0.007509
8204,,,12,8,20,12,8,20,24,0.107833,0.127316,0.00027,0.142105,0,0.010648
9709485,,,8,5,13,8,5,13,29,0.081064,0.098439,0.015017,0.121795,4,0.018485
9812249,,,1,3,4,1,3,4,38,0.04851,0.054515,0,0.5,2,0.000883
9901402,,,1,12,13,1,12,13,34,0.060275,0.075601,0.000003,0.192308,11,0.000797
9808242,,,10,12,22,10,12,22,34,0.059617,0.0726,0.000536,0.119048,11,0.013201
9609302,,,5,1,6,5,1,6,40,0.04443,0.049234,0,0.3,11,0.006967
9712284,,,9,3,12,9,3,12,45,0.036368,0.039005,0.00009,0.219697,2,0.012103
9806336,,,24,12,36,24,12,36,31,0.071659,0.090238,0.00006,0.119048,7,0.021916
9811240,,,7,13,20,7,13,20,32,0.066962,0.081841,0.000278,0.15,2,0.007202
9807307,,,6,5,11,6,5,11,38,0.04849,0.054391,0.000009,0.209091,2,0.011733
9811479,,,10,15,25,10,15,25,27,0.085473,0.108072,0.002151,0.193841,2,0.016642
9809209,,,2,13,15,2,13,15,33,0.063131,0.076226,0.000005,0.233333,2,0.002503
9812392,,,15,32,47,15,32,47,31,0.07373,0.104818,0.001416,0.124884,7,0.018145
9810400,,,8,17,25,8,17,25,31,0.073052,0.100144,0.000642,0.118333,11,0.011114
9706384,,,2,3,5,2,3,5,32,0.066985,0.080174,0,0.2,7,0.005118
9803236,,,3,2,5,3,2,5,34,0.059116,0.067586,0.000001,0,1,0.006452
9901411,,,1,6,7,1,6,7,31,0.072818,0.094049,0.000022,0.095238,5,0.00203
106125,,,2,31,33,2,31,33,22,0.129054,0.164722,0.000158,0.133523,2,0.00132
10086,,,7,7,14,7,7,14,24,0.099322,0.124624,0.00005,0.175824,4,0.005889
106286,,,4,25,29,4,25,29,20,0.151447,0.184095,0.000025,0.060345,2,0.002891
6076,,,4,17,21,4,17,21,23,0.112905,0.149922,0.000005,0.138095,2,0.003011
6029,,,4,12,16,4,12,16,25,0.101592,0.128526,0.000002,0.1125,2,0.003039
8020,,,10,24,34,10,24,34,23,0.114146,0.152505,0.000289,0.139037,2,0.010543
111324,,,3,34,37,3,34,37,17,0.178677,0.212594,0.000113,0.089339,4,0.001945
105212,,,5,22,27,5,22,27,21,0.142516,0.176307,0.000863,0.076923,2,0.003738
112123,,,4,45,49,4,45,49,21,0.157831,0.194894,0.000168,0.096088,2,0.002577
108070,,,5,14,19,5,14,19,22,0.144753,0.172729,0.000549,0.108187,2,0.003535
112359,,,4,44,48,4,44,48,21,0.154307,0.191509,0.000089,0.111702,2,0.002519
108275,,,6,26,32,6,26,32,21,0.166011,0.201485,0.000333,0.071573,2,0.004438
107220,,,3,96,99,3,96,99,22,0.130926,0.179024,0.000097,0.08019,2,0.003556
9901415,,,1,2,3,1,2,3,37,0.05021,0.055453,0.000079,0,13,0.000626
9710529,,,9,2,11,9,2,11,42,0.040809,0.044449,0.00013,0.090909,13,0.006324
9901419,,,1,1,2,1,1,2,42,0.040808,0.044357,0,0.5,11,0.000568
202095,,,1,11,12,1,11,12,23,0.128494,0.15028,0.000079,0.151515,2,0.000568
108147,,,9,4,13,9,4,13,23,0.117825,0.133719,0.000011,0.230769,2,0.014025
107310,,,12,3,15,12,3,15,23,0.119434,0.138825,0.000031,0.22381,2,0.022653
108166,,,8,5,13,8,5,13,23,0.114497,0.130419,0.000003,0.205128,2,0.015988
106201,,,2,9,11,2,9,11,22,0.116816,0.132635,0.000084,0.190909,2,0.007993
106042,,,1,6,7,1,6,7,22,0.125885,0.146127,0.000003,0.238095,2,0.000568
9901424,,,1,2,3,1,2,3,44,0.037745,0.040695,0.000001,0.166667,11,0.000574
9610439,,,2,1,3,2,1,3,43,0.039219,0.042557,0.00063,0.166667,11,0.001463
202097,,,1,13,14,1,13,14,22,0.139712,0.166132,0.000005,0.164835,2,0.000749
9901426,,,3,5,8,3,5,8,41,0.042616,0.047581,0,0.214286,8,0.001958
9705288,,,4,7,11,4,7,11,40,0.044468,0.049959,0.000177,0.127273,8,0.003475
9806429,,,6,33,39,6,33,39,30,0.077247,0.102669,0.000551,0.118084,1,0.012035
202101,,,1,50,51,1,50,51,18,0.18866,0.224921,0.001602,0.107059,4,0.000579
9910542,,,1,3,4,1,3,4,33,0.063394,0.07784,0,0.25,9,0.000568
104086,,,2,21,23,2,21,23,23,0.130172,0.162942,0.000001,0.254941,4,0.00119
104217,,,2,32,34,2,32,34,20,0.150603,0.191086,0.000032,0.236185,4,0.001136
111003,,,1,41,42,1,41,42,18,0.176459,0.216965,0.000085,0.080139,6,0.000568
111155,,,1,33,34,1,33,34,20,0.161808,0.199902,0.000555,0.19697,6,0.000568
107255,,,1,11,12,1,11,12,23,0.125459,0.150611,0,0.280303,4,0.000568
104254,,,8,27,35,8,27,35,21,0.156427,0.196914,0.000042,0.187395,6,0.005778
110049,,,1,46,47,1,46,47,20,0.147344,0.187673,0.000016,0.113321,9,0.000568
108246,,,1,23,24,1,23,24,21,0.141783,0.174296,0.000001,0.163043,4,0.000568
112172,,,1,25,26,1,25,26,21,0.140805,0.174944,0,0.264615,4,0.000568
104317,,,12,41,53,12,41,53,20,0.164554,0.207174,0.000281,0.178882,6,0.008197
111231,,,1,3,4,1,3,4,41,0.042572,0.047097,0.000079,0.166667,12,0.000568
9808258,,,8,8,16,8,8,16,34,0.060125,0.07376,0.000342,0.1875,12,0.00889
9901431,,,5,14,19,5,14,19,32,0.067818,0.086116,0.000142,0.087719,7,0.003332
9604258,,,2,1,3,2,1,3,42,0.040805,0.044354,0,0.333333,7,0.00178
9812213,,,2,3,5,2,3,5,31,0.070643,0.083033,0.00009,0.05,7,0.00155
9609380,,,6,2,8,6,2,8,41,0.042551,0.047015,0.000001,0.035714,1,0.014349
9703377,,,16,2,18,16,2,18,35,0.056624,0.065643,0.001039,0.069853,1,0.014081
9612367,,,5,2,7,5,2,7,39,0.04649,0.052171,0,0.119048,6,0.004369
9705389,,,5,2,7,5,2,7,39,0.046491,0.05215,0.000005,0.119048,6,0.005478
202111,,,1,17,18,1,17,18,20,0.165629,0.195951,0.000062,0.163399,0,0.00086
104100,,,3,25,28,3,25,28,21,0.126527,0.154246,0.008238,0.119048,0,0.002429
109202,,,6,54,60,6,54,60,20,0.149326,0.181943,0.005395,0.065254,3,0.006871
110201,,,3,15,18,3,15,18,22,0.12981,0.160525,0.000015,0.140523,0,0.002185
106204,,,5,85,90,5,85,90,19,0.18282,0.228825,0.001127,0.065793,6,0.003305
108127,,,3,6,9,3,6,9,23,0.118789,0.141374,0.000002,0.25,0,0.002589
9806369,,,4,1,5,4,1,5,40,0.04444,0.049481,0.000011,0.05,8,0.003649
9901444,,,1,4,5,1,4,5,33,0.062154,0.071703,0.000162,0.2,12,0.000726
9805505,,,2,7,9,2,7,9,32,0.066106,0.077502,0.000159,0.097222,11,0.001145
9805488,,,7,18,25,7,18,25,31,0.072239,0.094308,0.000208,0.118333,1,0.005567
9901446,,,1,3,4,1,3,4,32,0.065395,0.074062,0.000001,0.25,13,0.000625
9810473,,,2,10,12,2,10,12,31,0.069961,0.08117,0.0002,0.121212,13,0.001138
9901447,,,1,3,4,1,3,4,36,0.053524,0.062355,0,0.5,8,0.000687
9807472,,,7,4,11,7,4,11,35,0.056023,0.064006,0.000115,0.245455,8,0.004788
9812456,,,3,15,18,3,15,18,35,0.056521,0.067938,0.000198,0.235294,8,0.0019
9810454,,,2,3,5,2,3,5,36,0.053157,0.060274,0.000001,0.35,8,0.00126
9901451,,,1,4,5,1,4,5,33,0.063045,0.075791,0.000003,0.3,12,0.000772
9710426,,,7,12,19,7,12,19,32,0.066547,0.07892,0.000227,0.125731,12,0.009171
9901453,,,7,16,23,7,16,23,32,0.067899,0.087658,0.000286,0.152174,0,0.005302
202127,,,1,17,18,1,17,18,22,0.137072,0.164613,0.000672,0.308824,7,0.001409
110365,,,1,27,28,1,27,28,22,0.143736,0.176992,0.00061,0.261905,7,0.000607
202129,,,1,17,18,1,17,18,18,0.160273,0.187216,0.000001,0.173203,4,0.000568
109217,,,6,41,47,6,41,47,17,0.17878,0.214728,0.00027,0.064292,6,0.003965
108102,,,8,15,23,8,15,23,22,0.134429,0.162846,0.000539,0.264822,4,0.00666
110102,,,1,1,2,1,1,2,25,0.104179,0.124108,0,0,4,0.000634
106021,,,4,18,22,4,18,22,24,0.114486,0.145198,0.000194,0.149351,3,0.004618
9805280,,,1,2,3,1,2,3,41,0.042574,0.047179,0.000001,0,10,0.000697
9808438,,,2,2,4,2,2,4,43,0.039214,0.042416,0.000014,0.083333,10,0.001617
202143,,,5,6,11,5,6,11,19,0.147212,0.164398,0,0.227273,2,0.003205
202145,,,1,8,9,1,8,9,22,0.151522,0.180647,0.000323,0.263889,2,0.000711
202147,,,1,17,18,1,17,18,22,0.146075,0.177193,0.000001,0.078431,2,0.000579
12067,,,5,1,6,5,1,6,24,0.11997,0.145692,0.00002,0.133333,6,0.003164
106054,,,10,2,12,10,2,12,21,0.12535,0.145208,0.000039,0.05303,2,0.007361
110366,,,6,3,9,6,3,9,22,0.13478,0.160055,0.000018,0.180556,2,0.00393
9508260,,,1,3,4,1,3,4,39,0.046489,0.052235,0.000001,0.166667,5,0.000773
202149,,,2,6,8,2,6,8,23,0.122623,0.153144,0.000001,0.232143,9,0.001196
202152,,,2,10,12,2,10,12,17,0.199915,0.229234,0.000195,0.054545,2,0.001226
202122,,,3,196,199,3,196,199,18,0.188604,0.235519,0.003805,0.024971,2,0.002197
107277,,,4,2,6,4,2,6,25,0.093341,0.111447,0.000003,0.033333,2,0.00476
202155,,,1,19,20,1,19,20,21,0.140431,0.172619,0.000252,0.273684,3,0.000623
104074,,,3,22,25,3,22,25,24,0.121435,0.159949,0.000158,0.263333,3,0.001876
12043,,,5,10,15,5,10,15,25,0.101062,0.130427,0.000096,0.242857,3,0.003198
103308,,,2,23,25,2,23,25,21,0.143347,0.177453,0.000203,0.21,3,0.001256
112082,,,2,2,4,2,2,4,22,0.124224,0.138354,0.000077,0.083333,5,0.001138
110035,,,3,16,19,3,16,19,22,0.127397,0.153394,0.000288,0.353801,3,0.001876
110242,,,3,10,13,3,10,13,23,0.120601,0.147737,0.000008,0.403846,3,0.001836
106077,,,2,13,15,2,13,15,25,0.099139,0.127003,0,0.395238,3,0.001256
112160,,,2,15,17,2,15,17,20,0.162308,0.180002,0.001867,0.154167,2,0.001397
9508279,,,3,1,4,3,1,4,29,0.079749,0.092867,0.000157,0.083333,13,0.001774
9411430,,,1,1,2,1,1,2,28,0.086656,0.104172,0.000157,0,13,0.000681
9902324,,,6,18,24,6,18,24,32,0.066889,0.081927,0.000437,0.126812,8,0.005491
9810286,,,7,5,12,7,5,12,36,0.053174,0.060547,0.000067,0.272727,8,0.006523
9712345,,,3,7,10,3,7,10,37,0.051099,0.058808,0.000112,0.111111,8,0.002284
9806394,,,7,3,10,7,3,10,36,0.053167,0.060385,0.000067,0.288889,8,0.005695
9812318,,,1,4,5,1,4,5,37,0.050851,0.057914,0,0.45,8,0.000932
202174,,,1,6,7,1,6,7,21,0.126114,0.14887,0.000521,0.142857,4,0.000569
112129,,,1,10,11,1,10,11,21,0.134191,0.162748,0.000153,0.127273,7,0.000568
111144,,,4,7,11,4,7,11,23,0.121865,0.144744,0.000124,0.154545,4,0.002307
105147,,,1,10,11,1,10,11,24,0.119432,0.147174,0.000257,0.109091,4,0.000568
6311,,,7,9,16,7,9,16,24,0.104033,0.11932,0.000087,0.129167,6,0.007365
9803202,,,1,4,5,1,4,5,40,0.044433,0.049375,0,0.45,5,0.000575
9703328,,,4,3,7,4,3,7,40,0.044429,0.049299,0,0.309524,5,0.003608
9808449,,,10,8,18,10,8,18,30,0.075136,0.089669,0.000002,0.284314,8,0.013348
9809277,,,5,8,13,5,8,13,30,0.076719,0.096423,0.001066,0.185897,8,0.007399
202189,,,2,11,13,2,11,13,21,0.149168,0.176412,0.00002,0.064103,2,0.001213
109156,,,5,26,31,5,26,31,20,0.149584,0.182341,0.000218,0.066667,2,0.003239
104035,,,11,9,20,11,9,20,21,0.142498,0.172302,0.000225,0.115789,2,0.008049
110041,,,4,16,20,4,16,20,22,0.141783,0.173037,0.000147,0.102632,2,0.003742
9803215,,,1,5,6,1,5,6,32,0.066999,0.08184,0.000079,0.066667,0,0.000629
9611227,,,4,1,5,4,1,5,36,0.052467,0.05741,0.000309,0.05,0,0.004144
9706383,,,1,2,3,1,2,3,47,0.033909,0.036064,0,0.333333,6,0.000878
9803224,,,1,3,4,1,3,4,34,0.059186,0.067729,0.000238,0,7,0.001598
9709325,,,4,1,5,4,1,5,33,0.062747,0.072686,0.000238,0.15,7,0.002675
9803228,,,6,12,18,6,12,18,33,0.063259,0.077744,0.000001,0.24183,4,0.004305
9712410,,,7,14,21,7,14,21,31,0.070907,0.085698,0.0004,0.071429,8,0.008602
9610261,,,3,1,4,3,1,4,35,0.056721,0.06631,0.000026,0,8,0.003307
202206,,,1,15,16,1,15,16,19,0.156502,0.178806,0.000587,0.175,3,0.000606
111013,,,2,7,9,2,7,9,25,0.101543,0.122222,0.000154,0.069444,3,0.001136
107307,,,2,28,30,2,28,30,24,0.125874,0.168662,0.000013,0.173563,3,0.001265
103342,,,3,11,14,3,11,14,19,0.150884,0.17318,0.000062,0.164835,3,0.001765
105177,,,1,14,15,1,14,15,19,0.154025,0.178008,0.000045,0.133333,3,0.000569
202210,,,3,14,17,3,14,17,20,0.149994,0.177107,0.000017,0.161765,2,0.001776
201290,,,2,20,22,2,20,22,21,0.14568,0.174212,0.000027,0.114719,2,0.001259
202211,,,1,10,11,1,10,11,22,0.120575,0.140672,0.000781,0.118182,4,0.000569
9710309,,,5,2,7,5,2,7,36,0.05382,0.062713,0.000009,0.119048,8,0.006776
9710345,,,1,3,4,1,3,4,34,0.059378,0.069299,0,0.083333,8,0.00288
9710501,,,1,4,5,1,4,5,33,0.062678,0.073775,0.00002,0.2,8,0.00288
9711418,,,3,2,5,3,2,5,42,0.040811,0.044432,0.00007,0.25,8,0.004304
202214,,,2,7,9,2,7,9,25,0.112068,0.136446,0.000003,0.069444,2,0.001202
110310,,,6,5,11,6,5,11,24,0.119604,0.140424,0.000453,0.063636,2,0.005337
9807452,,,13,8,21,13,8,21,34,0.060417,0.076066,0.000057,0.078571,11,0.015916
108202,,,4,5,9,4,5,9,25,0.092271,0.109474,0.000081,0.166667,2,0.004306
9803239,,,2,1,3,2,1,3,36,0.05356,0.06071,0.000163,0,13,0.001545
9703403,,,1,9,10,1,9,10,29,0.080134,0.094721,0.000029,0.25,10,0.002914
9508335,,,2,5,7,2,5,7,31,0.07042,0.0819,0.000103,0.142857,7,0.005956
9803248,,,2,4,6,2,4,6,31,0.071238,0.086405,0.000003,0.2,7,0.001835
9711509,,,4,2,6,4,2,6,35,0.056756,0.06673,0.000043,0.133333,4,0.003112
9508340,,,4,3,7,4,3,7,28,0.086662,0.104322,0.000984,0.02381,10,0.005907
9803254,,,10,10,20,10,10,20,34,0.059496,0.070587,0.000098,0.2,12,0.015699
9706369,,,7,7,14,7,7,14,30,0.074771,0.087855,0.000279,0.120879,1,0.008746
9709318,,,10,18,28,10,18,28,32,0.067542,0.086195,0.000689,0.059524,4,0.011857
9707462,,,14,8,22,14,8,22,33,0.063506,0.077377,0.000573,0.103896,4,0.05429
9803265,,,2,7,9,2,7,9,31,0.071116,0.087973,0.000009,0.194444,5,0.001841
9508358,,,2,11,13,2,11,13,38,0.048773,0.056454,0.000871,0.147436,12,0.002865
9506421,,,3,5,8,3,5,8,39,0.046499,0.052575,0.000082,0.196429,12,0.004034
9803271,,,1,5,6,1,5,6,32,0.067818,0.086342,0.000055,0.166667,4,0.002325
9803272,,,10,5,15,10,5,15,31,0.071821,0.090809,0.00077,0.090476,7,0.014831
9706337,,,8,6,14,8,6,14,32,0.067137,0.083526,0.000359,0.038462,7,0.00849
9803275,,,2,1,3,2,1,3,33,0.062773,0.072491,0,0.5,7,0.001715
9803276,,,1,1,2,1,1,2,33,0.062771,0.072485,0.000005,0,12,0.000813
9803278,,,1,7,8,1,7,8,33,0.063883,0.083117,0.000082,0.089286,11,0.000625
9707312,,,1,37,38,1,37,38,32,0.067062,0.085654,0.000011,0.121622,9,0.00057
9705450,,,9,8,17,9,8,17,32,0.066794,0.080733,0.000161,0.047794,7,0.009766
9803279,,,2,3,5,2,3,5,34,0.059452,0.07101,0.00007,0.15,4,0.001459
9803280,,,1,5,6,1,5,6,33,0.061718,0.070257,0.000079,0.166667,8,0.000686
9709496,,,3,3,6,3,3,6,32,0.065648,0.075915,0.000087,0.166667,8,0.002518
9705249,,,5,3,8,5,3,8,32,0.0657,0.07617,0.00003,0.142857,8,0.003301
9709476,,,1,4,5,1,4,5,32,0.06566,0.076061,0.000025,0.3,8,0.000573
9803281,,,1,1,2,1,1,2,31,0.069731,0.079411,0.00003,0,13,0.00438
202258,,,2,18,20,2,18,20,20,0.130035,0.160417,0.004326,0.142105,3,0.001136
112360,,,3,32,35,3,32,35,24,0.116272,0.154072,0.000704,0.159664,3,0.001759
9803283,,,1,7,8,1,7,8,35,0.056001,0.064161,0,0.25,8,0.000811
9803286,,,5,2,7,5,2,7,41,0.042609,0.047365,0.000065,0.190476,8,0.004314
9803288,,,1,5,6,1,5,6,32,0.067118,0.082042,0.000001,0.233333,8,0.000568
9709363,,,12,2,14,12,2,14,35,0.056014,0.063859,0.000024,0.093407,8,0.010558
9802386,,,2,4,6,2,4,6,32,0.067114,0.08197,0.000283,0.266667,8,0.001577
9712389,,,14,18,32,14,18,32,32,0.067348,0.085876,0.000367,0.118952,4,0.025755
9803294,,,1,5,6,1,5,6,33,0.063106,0.076953,0.000026,0.2,6,0.002618
9803295,,,3,2,5,3,2,5,31,0.069096,0.078155,0.000001,0.25,6,0.003193
9803296,,,2,8,10,2,8,10,40,0.044469,0.049994,0.000018,0.122222,8,0.001502
9611444,,,3,1,4,3,1,4,42,0.040802,0.044312,0,0.333333,8,0.002029
9803300,,,2,2,4,2,2,4,34,0.057827,0.063636,0.000079,0.25,0,0.001352
9801344,,,5,3,8,5,3,8,33,0.061031,0.067525,0.00014,0.25,0,0.003648
9707286,,,9,2,11,9,2,11,30,0.075248,0.089021,0.000385,0.263636,0,0.007831
9711424,,,2,2,4,2,2,4,34,0.059221,0.069622,0.000083,0.25,2,0.003859
9712321,,,1,7,8,1,7,8,33,0.064154,0.083332,0.000107,0.142857,9,0.003102
9707297,,,6,15,21,6,15,21,33,0.06356,0.079695,0.000008,0.119048,9,0.01692
9706298,,,16,23,39,16,23,39,32,0.067587,0.085646,0.000338,0.257085,9,0.025592
9803310,,,12,3,15,12,3,15,33,0.062958,0.075953,0.000129,0.119048,4,0.01047
9803318,,,1,10,11,1,10,11,31,0.07154,0.089454,0.000002,0.127273,4,0.000632
9803322,,,4,1,5,4,1,5,36,0.053805,0.062526,0,0.4,11,0.004279
9707323,,,16,8,24,16,8,24,35,0.05686,0.068142,0.000184,0.144928,11,0.014153
9712328,,,6,3,9,6,3,9,32,0.067355,0.084783,0.000579,0.236111,2,0.023948
106029,,,5,21,26,5,21,26,21,0.138789,0.171068,0.000176,0.069231,11,0.003303
9804231,,,5,33,38,5,33,38,30,0.077435,0.103144,0.001095,0.032717,6,0.006586
105037,,,9,26,35,9,26,35,20,0.155301,0.193733,0.000165,0.19916,6,0.006769
105283,,,3,15,18,3,15,18,31,0.07167,0.089422,0.000005,0.153595,1,0.002084
9803326,,,4,14,18,4,14,18,31,0.073208,0.099186,0.000474,0.039216,6,0.004071
9802355,,,1,29,30,1,29,30,30,0.07748,0.106121,0.000127,0.051724,6,0.000803
9801407,,,4,4,8,4,4,8,34,0.059982,0.073122,0.000091,0.071429,6,0.003247
9803327,,,2,1,3,2,1,3,42,0.040805,0.044332,0.000004,0,1,0.001598
9803328,,,14,5,19,14,5,19,32,0.067729,0.086676,0.000011,0.181287,7,0.038283
9803329,,,2,7,9,2,7,9,30,0.075771,0.090901,0.000104,0.097222,8,0.003355
9803331,,,1,1,2,1,1,2,33,0.062398,0.071593,0.000008,0,8,0.000838
9803335,,,3,3,6,3,3,6,33,0.063534,0.080111,0.000083,0.1,2,0.00286
9803336,,,5,9,14,5,9,14,32,0.066328,0.079182,0.000192,0.065934,8,0.004048
9803338,,,1,2,3,1,2,3,37,0.050607,0.057472,0.000095,0.166667,11,0.000848
9803339,,,1,3,4,1,3,4,34,0.05973,0.070693,0.000069,0.25,4,0.000592
9710563,,,3,1,4,3,1,4,35,0.056357,0.065152,0.000001,0.083333,4,0.002955
104013,,,1,2,3,1,2,3,31,0.071744,0.089148,0.000001,0.166667,8,0.000576
12376,,,2,2,4,2,2,4,33,0.062249,0.072183,0.000001,0.166667,8,0.001144
9707271,,,4,21,25,4,21,25,32,0.0673,0.083875,0.000008,0.103333,7,0.004245
9610272,,,26,4,30,26,4,30,41,0.042584,0.047635,0.000271,0.031034,6,0.03537
9709409,,,2,8,10,2,8,10,36,0.053838,0.063229,0.000032,0.1,2,0.007458
9704431,,,1,2,3,1,2,3,33,0.062245,0.071107,0.000145,0.166667,0,0.000684
9711422,,,4,2,6,4,2,6,31,0.068836,0.077171,0.000414,0.1,13,0.003727
9803347,,,3,2,5,3,2,5,28,0.086659,0.104254,0,0.45,10,0.001829
9803348,,,1,8,9,1,8,9,32,0.067707,0.085281,0.00003,0.055556,9,0.000573
9704235,,,4,1,5,4,1,5,30,0.073868,0.084071,0.000236,0.05,10,0.003087
9803350,,,2,2,4,2,2,4,37,0.050989,0.057582,0.000007,0,11,0.002424
9707276,,,3,8,11,3,8,11,33,0.063124,0.076145,0.000067,0.154545,8,0.002799
9712428,,,10,5,15,10,5,15,33,0.063014,0.076322,0.00008,0.095238,4,0.017416
104027,,,7,75,82,7,75,82,20,0.15316,0.201978,0.008229,0.079946,7,0.004838
103324,,,11,81,92,11,81,92,20,0.160296,0.208027,0.001205,0.081462,6,0.008781
12197,,,5,24,29,5,24,29,24,0.127933,0.165997,0.000168,0.157635,7,0.004072
104028,,,2,14,16,2,14,16,20,0.140259,0.169932,0.001468,0.179167,2,0.001326
9803358,,,1,1,2,1,1,2,40,0.04448,0.04985,0.000001,0,6,0.000767
9803360,,,5,13,18,5,13,18,32,0.068025,0.089044,0.000127,0.176471,1,0.003242
9803361,,,2,9,11,2,9,11,30,0.075727,0.0927,0.000289,0.081818,8,0.001687
9709293,,,2,6,8,2,6,8,30,0.074043,0.085178,0.000035,0.178571,8,0.001674
103040,,,5,12,17,5,12,17,20,0.158897,0.19667,0.021516,0.136029,7,0.004324
9907427,,,6,4,10,6,4,10,32,0.068232,0.089651,0,0.333333,7,0.006639
7227,,,23,34,57,23,34,57,24,0.111004,0.147256,0.003649,0.086039,2,0.053473
9803364,,,5,2,7,5,2,7,34,0.058187,0.065383,0.000014,0.190476,8,0.009336
9710284,,,3,2,5,3,2,5,40,0.044495,0.050233,0.000106,0.15,2,0.003813
9707222,,,6,4,10,6,4,10,32,0.066494,0.078124,0.000001,0.155556,7,0.009987
9707476,,,5,7,12,5,7,12,30,0.074811,0.087687,0.000139,0.174242,5,0.005387
9709478,,,2,9,11,2,9,11,33,0.062614,0.074068,0.000022,0.1,5,0.004121
10116,,,2,4,6,2,4,6,30,0.079369,0.100645,0.000451,0.166667,12,0.001798
9903483,,,4,8,12,4,8,12,31,0.072973,0.096803,0.000006,0.227273,12,0.002911
9803377,,,2,2,4,2,2,4,34,0.059075,0.067168,0.000067,0.25,1,0.00119
9709365,,,6,18,24,6,18,24,36,0.0533,0.06341,0.000633,0.068841,9,0.010489
104051,,,1,22,23,1,22,23,24,0.122909,0.157998,0.000006,0.146245,4,0.000625
9706470,,,5,2,7,5,2,7,34,0.059284,0.068801,0.000002,0.095238,12,0.004824
104053,,,1,8,9,1,8,9,24,0.118128,0.141801,0.000051,0.152778,8,0.000635
10163,,,2,14,16,2,14,16,25,0.108088,0.140103,0.000207,0.0875,8,0.001139
9803382,,,10,31,41,10,31,41,32,0.067262,0.08427,0.000317,0.245122,12,0.016217
9710392,,,10,19,29,10,19,29,34,0.059867,0.072802,0.000011,0.205665,12,0.012959
9709349,,,8,9,17,8,9,17,32,0.064919,0.073571,0.000381,0.330882,12,0.013934
9710256,,,7,6,13,7,6,13,35,0.056671,0.067818,0.000018,0.346154,12,0.012827
9803383,,,5,4,9,5,4,9,33,0.064325,0.084033,0.000026,0.152778,5,0.006731
9512330,,,1,2,3,1,2,3,42,0.04081,0.044507,0.000001,0,5,0.001143
9802380,,,7,4,11,7,4,11,32,0.066707,0.079695,0.000026,0.036364,7,0.006962
9710458,,,1,1,2,1,1,2,33,0.060662,0.066562,0.000006,0,8,0.001143
9803386,,,5,2,7,5,2,7,30,0.074364,0.08535,0.000239,0.214286,13,0.015844
9608255,,,3,1,4,3,1,4,29,0.079754,0.092928,0.000299,0.166667,13,0.003578
9611391,,,9,1,10,9,1,10,34,0.059273,0.068545,0.000011,0.133333,8,0.012436
12161,,,2,17,19,2,17,19,25,0.11568,0.149943,0.000114,0.102339,1,0.002721
102274,,,2,24,26,2,24,26,20,0.159215,0.198485,0.000886,0.115385,7,0.001995
11269,,,5,6,11,5,6,11,25,0.106408,0.131209,0.00008,0.127273,7,0.005572
6280,,,5,25,30,5,25,30,23,0.126439,0.160519,0.000274,0.162562,7,0.00408
11184,,,6,3,9,6,3,9,27,0.091963,0.114538,0.000011,0.055556,7,0.005022
8234,,,1,2,3,1,2,3,33,0.064072,0.080134,0.000001,0,7,0.001412
7339,,,3,10,13,3,10,13,25,0.101306,0.12027,0.000047,0.121795,1,0.003301
9904379,,,7,17,24,7,17,24,25,0.101885,0.125607,0.000202,0.067029,6,0.010628
9609252,,,2,1,3,2,1,3,34,0.058593,0.065632,0.000006,0,10,0.001766
9711483,,,8,3,11,8,3,11,29,0.079839,0.093303,0.00099,0.136364,10,0.009263
9712479,,,9,4,13,9,4,13,29,0.079843,0.093373,0.000307,0.108974,10,0.007925
9803399,,,4,1,5,4,1,5,45,0.036365,0.038801,0,0.45,11,0.002626
9706500,,,4,2,6,4,2,6,42,0.040815,0.044529,0.00001,0.1,6,0.011567
8042,,,3,4,7,3,4,7,26,0.091772,0.114934,0,0.357143,3,0.002073
9710224,,,11,3,14,11,3,14,31,0.069616,0.079757,0.000083,0.159341,8,0.010869
9803404,,,2,5,7,2,5,7,32,0.066971,0.082547,0.000007,0.095238,4,0.008094
9803406,,,2,1,3,2,1,3,44,0.037734,0.040473,0.000157,0.166667,13,0.001139
9803407,,,6,15,21,6,15,21,32,0.067889,0.089306,0.00003,0.2,1,0.007458
9803408,,,1,1,2,1,1,2,32,0.064414,0.071168,0.00014,0,11,0.000568
9712434,,,6,3,9,6,3,9,31,0.068844,0.077306,0.000222,0.125,0,0.003794
9602294,,,2,5,7,2,5,7,44,0.037741,0.040877,0.000138,0.166667,2,0.008459
9803410,,,3,1,4,3,1,4,43,0.039215,0.042366,0,0.083333,5,0.001945
9803411,,,1,2,3,1,2,3,31,0.069493,0.079005,0,0.333333,7,0.000829
9708320,,,2,2,4,2,2,4,35,0.055375,0.061372,0.000097,0.25,0,0.001329
9708303,,,5,4,9,5,4,9,33,0.06225,0.071291,0.000132,0.166667,0,0.003779
104085,,,4,3,7,4,3,7,22,0.125727,0.142838,0.000018,0.095238,2,0.004813
9803416,,,3,5,8,3,5,8,31,0.072055,0.091135,0.000077,0.339286,7,0.002894
9607450,,,5,4,9,5,4,9,34,0.058672,0.066407,0,0.319444,4,0.020788
9803422,,,3,14,17,3,14,17,32,0.067919,0.089192,0.000102,0.073529,6,0.002383
9712373,,,1,8,9,1,8,9,34,0.059288,0.070715,0.000002,0.291667,9,0.000709
104095,,,7,18,25,7,18,25,21,0.130303,0.149667,0.000299,0.181667,2,0.018688
107282,,,1,20,21,1,20,21,24,0.099374,0.126686,0.000694,0.209524,12,0.000568
9803427,,,1,4,5,1,4,5,33,0.063819,0.079874,0.000385,0,6,0.001104
9709242,,,5,14,19,5,14,19,31,0.071322,0.089703,0.00003,0.163743,7,0.017055
9608435,,,2,4,6,2,4,6,42,0.040825,0.044812,0,0.266667,1,0.002501
104106,,,5,6,11,5,6,11,21,0.145383,0.174947,0.000002,0.136364,6,0.004435
12277,,,2,6,8,2,6,8,23,0.128524,0.156743,0.000021,0.303571,6,0.001767
104109,,,1,18,19,1,18,19,23,0.128607,0.161178,0.000124,0.114035,6,0.000572
8117,,,1,20,21,1,20,21,24,0.10593,0.122391,0.000001,0.197619,6,0.000568
104113,,,1,18,19,1,18,19,24,0.119382,0.156229,0.000055,0.356725,3,0.000825
6340,,,10,16,26,10,16,26,24,0.108972,0.136727,0.000726,0.198462,3,0.009287
104115,,,2,37,39,2,37,39,22,0.136932,0.171702,0.00099,0.076923,6,0.001257
7174,,,3,13,16,3,13,16,22,0.12973,0.153464,0.000158,0.141667,6,0.001942
11364,,,3,25,28,3,25,28,22,0.130988,0.157349,0.000161,0.095238,6,0.001946
9803444,,,1,7,8,1,7,8,30,0.075398,0.091446,0.000022,0.160714,0,0.00119
9801381,,,1,7,8,1,7,8,35,0.056311,0.066738,0.000021,0.446429,5,0.014854
9803446,,,1,6,7,1,6,7,35,0.056903,0.068062,0.00007,0.095238,8,0.001181
9803448,,,2,4,6,2,4,6,34,0.059381,0.069579,0,0.333333,8,0.001367
9711260,,,4,3,7,4,3,7,41,0.042618,0.047711,0.000018,0.285714,8,0.002695
9709265,,,2,2,4,2,2,4,36,0.053314,0.060265,0,0.166667,5,0.00201
9707483,,,4,3,7,4,3,7,35,0.056306,0.064738,0.000174,0.095238,5,0.005613
9712310,,,1,1,2,1,1,2,41,0.04255,0.04686,0.000001,0,4,0.001095
9803456,,,7,16,23,7,16,23,37,0.051125,0.060058,0.000002,0.166008,2,0.024852
104129,,,4,26,30,4,26,30,21,0.140029,0.171175,0.000048,0.217241,3,0.002464
9803458,,,2,5,7,2,5,7,32,0.06807,0.086842,0.000085,0.166667,2,0.001777
9809526,,,2,12,14,2,12,14,31,0.073486,0.103195,0.000096,0.104396,7,0.001432
9804327,,,3,9,12,3,9,12,31,0.0723,0.094968,0,0.234848,7,0.004855
9705293,,,3,9,12,3,9,12,33,0.062791,0.075084,0.000312,0.136364,7,0.005722
9804412,,,9,1,10,9,1,10,32,0.06697,0.079386,0,0.166667,7,0.020375
9803462,,,2,6,8,2,6,8,32,0.064929,0.073189,0.00008,0.125,13,0.001138
9711289,,,3,2,5,3,2,5,44,0.037735,0.040547,0,0.2,13,0.001761
9707308,,,4,1,5,4,1,5,44,0.037733,0.040472,0,0.3,13,0.003294
9606215,,,21,1,22,21,1,22,42,0.040814,0.044537,0.00001,0.097403,4,0.070499
9803464,,,8,5,13,8,5,13,31,0.070451,0.083832,0.000066,0.160256,8,0.013061
104137,,,4,8,12,4,8,12,20,0.153697,0.189746,0.00381,0.075758,3,0.002562
6032,,,7,85,92,7,85,92,22,0.140366,0.185941,0.001592,0.016722,5,0.004357
9803467,,,2,1,3,2,1,3,34,0.05958,0.070971,0.000004,0.166667,7,0.001372
104142,,,1,30,31,1,30,31,25,0.101759,0.129976,0.000116,0.14086,12,0.000568
9902244,,,6,22,28,6,22,28,32,0.068148,0.089908,0.000151,0.133598,12,0.005782
9803471,,,1,9,10,1,9,10,37,0.050785,0.058456,0.000105,0.066667,2,0.000586
9711432,,,1,2,3,1,2,3,39,0.046313,0.051772,0,0.166667,2,0.000568
9803472,,,1,4,5,1,4,5,30,0.074595,0.08661,0,0.3,0,0.000641
104145,,,2,19,21,2,19,21,20,0.151486,0.187716,0.00001,0.085714,6,0.001645
9909448,,,7,29,36,7,29,36,26,0.097188,0.124764,0.000039,0.142857,6,0.005223
9907331,,,7,23,30,7,23,30,26,0.094381,0.12157,0.000343,0.063218,4,0.005538
12040,,,1,17,18,1,17,18,24,0.109874,0.146281,0.000002,0.176471,4,0.001609
9196,,,1,9,10,1,9,10,23,0.108222,0.13441,0,0.288889,4,0.001609
104147,,,5,1,6,5,1,6,47,0.033909,0.035993,0,0,2,0.003453
9708250,,,7,25,32,7,25,32,31,0.071567,0.091059,0.000503,0.083669,4,0.008951
10339,,,1,11,12,1,11,12,24,0.123072,0.151242,0.000223,0.098485,5,0.001293
6253,,,2,25,27,2,25,27,22,0.138571,0.173489,0.000187,0.095442,7,0.002446
9803480,,,5,23,28,5,23,28,30,0.077607,0.104054,0.002222,0.034392,6,0.011034
9711232,,,4,47,51,4,47,51,30,0.07683,0.102777,0.000124,0.029412,4,0.005627
9801373,,,3,4,7,3,4,7,36,0.053122,0.061153,0.000012,0.166667,6,0.006387
9708378,,,3,10,13,3,10,13,30,0.075004,0.089622,0.000146,0.051282,8,0.004275
9803489,,,1,7,8,1,7,8,30,0.075153,0.088882,0.000317,0.071429,7,0.000577
9611288,,,2,4,6,2,4,6,29,0.079803,0.093309,0.000357,0.166667,10,0.001374
9709372,,,4,1,5,4,1,5,33,0.062749,0.072687,0.000006,0.2,7,0.002634
9803490,,,1,1,2,1,1,2,43,0.039208,0.042304,0.000036,0,10,0.000574
9610384,,,4,1,5,4,1,5,42,0.040805,0.04435,0.000106,0.1,10,0.002765
9707374,,,2,12,14,2,12,14,30,0.076223,0.095381,0.000089,0.038462,12,0.001633
9803496,,,3,1,4,3,1,4,42,0.04081,0.04436,0,0,8,0.001819
9803498,,,5,7,12,5,7,12,34,0.059239,0.069672,0.000025,0.219697,0,0.003326
9803501,,,7,13,20,7,13,20,31,0.071537,0.088789,0.00034,0.115789,7,0.006938
104174,,,9,32,41,9,32,41,20,0.153986,0.19186,0.000052,0.186585,6,0.006799
9195,,,7,41,48,7,41,48,23,0.12815,0.164367,0.00022,0.157358,4,0.00687
9705202,,,5,4,9,5,4,9,34,0.06024,0.073665,0.000064,0.152778,4,0.004591
9611371,,,3,10,13,3,10,13,33,0.063013,0.075336,0.000139,0.134615,4,0.004379
9705206,,,4,4,8,4,4,8,34,0.059365,0.069246,0.000007,0.214286,6,0.009803
104184,,,1,20,21,1,20,21,23,0.134428,0.167096,0.000003,0.135714,9,0.000632
9908231,,,3,27,30,3,27,30,23,0.118827,0.143315,0.00008,0.105747,5,0.001941
9905576,,,3,42,45,3,42,45,25,0.095804,0.128125,0.000382,0.075253,9,0.002466
9905486,,,9,21,30,9,21,30,27,0.091148,0.120668,0.000554,0.112644,9,0.01232
7280,,,4,38,42,4,38,42,23,0.125531,0.158475,0.000168,0.090012,9,0.002399
9711518,,,7,15,22,7,15,22,34,0.0604,0.076389,0.000249,0.151515,11,0.006143
9705210,,,4,13,17,4,13,17,32,0.066945,0.082275,0.000198,0.125,2,0.017657
104187,,,1,43,44,1,43,44,21,0.147597,0.187637,0.000234,0.064482,2,0.00127
9705412,,,4,4,8,4,4,8,33,0.062837,0.073585,0.000002,0.25,4,0.002829
12321,,,1,22,23,1,22,23,22,0.127541,0.160444,0.000006,0.090909,9,0.0006
10299,,,6,20,26,6,20,26,20,0.146653,0.176858,0.041979,0.078462,2,0.006382
104189,,,3,2,5,3,2,5,20,0.137782,0.156424,0,0.2,2,0.002435
9705217,,,5,14,19,5,14,19,33,0.062827,0.075101,0.000211,0.05848,11,0.00427
9705224,,,3,4,7,3,4,7,41,0.042549,0.046872,0.000099,0.285714,8,0.002105
9611416,,,1,2,3,1,2,3,42,0.040809,0.04444,0,0.5,8,0.000696
9705233,,,2,1,3,2,1,3,41,0.042598,0.047194,0,0.333333,8,0.002388
9606421,,,3,8,11,3,8,11,38,0.048779,0.056546,0.000006,0.4,5,0.008585
9607222,,,9,20,29,9,20,29,38,0.048794,0.057355,0.000005,0.220443,5,0.018918
9705237,,,1,4,5,1,4,5,33,0.062902,0.074231,0,0.2,4,0.000678
9810394,,,5,28,33,5,28,33,31,0.073909,0.105384,0.000389,0.026515,4,0.003577
110213,,,1,42,43,1,42,43,23,0.130163,0.166214,0.001527,0.109081,12,0.000754
9807572,,,2,2,4,2,2,4,34,0.059356,0.069173,0.000003,0.083333,8,0.001199
9902305,,,3,1,4,3,1,4,35,0.056769,0.066862,0,0.333333,12,0.001937
9710244,,,14,2,16,14,2,16,41,0.042561,0.047065,0.000003,0.125,11,0.012908
106278,,,1,34,35,1,34,35,26,0.105626,0.138307,0.000077,0.221849,12,0.000576
101226,,,3,21,24,3,21,24,26,0.100313,0.122317,0.000071,0.190217,12,0.001822
9611303,,,2,6,8,2,6,8,29,0.079945,0.094373,0.002604,0.089286,7,0.012214
9703342,,,3,4,7,3,4,7,28,0.086693,0.104579,0.000777,0.142857,13,0.00391
9412381,,,5,1,6,5,1,6,39,0.046488,0.052076,0.000066,0.3,8,0.005369
9705260,,,2,4,6,2,4,6,30,0.073917,0.084504,0.000054,0.2,0,0.001606
9705261,,,4,3,7,4,3,7,33,0.0628,0.074382,0.000128,0.142857,1,0.003394
104238,,,3,42,45,3,42,45,20,0.171555,0.213169,0.000213,0.123679,7,0.002
7170,,,5,16,21,5,16,21,24,0.115495,0.143885,0.000103,0.12619,7,0.006373
108226,,,1,15,16,1,15,16,20,0.156096,0.185433,0.000001,0.183333,7,0.000692
9911382,,,1,3,4,1,3,4,24,0.10885,0.129394,0,0.25,7,0.000692
104242,,,6,50,56,6,50,56,20,0.161206,0.204778,0.000196,0.135714,6,0.00465
103320,,,7,50,57,7,50,57,24,0.137672,0.184247,0.00142,0.087406,6,0.005583
12076,,,1,13,14,1,13,14,20,0.142532,0.179349,0.000003,0.10989,3,0.0009
103031,,,4,23,27,4,23,27,24,0.126524,0.161115,0.000005,0.240741,6,0.003676
9705267,,,5,5,10,5,5,10,27,0.095047,0.120562,0.004012,0.077778,13,0.003883
9806208,,,1,2,3,1,2,3,42,0.040826,0.044613,0.000267,0,10,0.001174
9805287,,,3,8,11,3,8,11,32,0.06696,0.082106,0.000158,0.145455,1,0.002418
9705275,,,9,3,12,9,3,12,42,0.040829,0.044725,0.000144,0.19697,13,0.006574
9703300,,,1,3,4,1,3,4,41,0.042564,0.047072,0.000133,0.083333,13,0.001075
9510270,,,4,3,7,4,3,7,41,0.042547,0.04693,0.000017,0.142857,12,0.006894
104259,,,2,21,23,2,21,23,27,0.101387,0.130255,0.000081,0.245238,1,0.001263
109122,,,1,23,24,1,23,24,27,0.102913,0.13472,0.000004,0.280632,1,0.000628
104260,,,2,5,7,2,5,7,25,0.115749,0.143317,0.000211,0.261905,3,0.001309
104262,,,1,12,13,1,12,13,26,0.099128,0.120011,0.000006,0.198718,12,0.000741
9704339,,,25,13,38,25,13,38,34,0.05936,0.072189,0.000187,0.159317,9,0.06043
104264,,,1,13,14,1,13,14,23,0.128559,0.156346,0.000043,0.131868,7,0.000625
9912357,,,2,8,10,2,8,10,30,0.079883,0.097664,0,0.222222,7,0.001196
10024,,,4,24,28,4,24,28,23,0.130827,0.165364,0.000354,0.089947,7,0.003039
9804335,,,7,2,9,7,2,9,36,0.053672,0.061402,0.000002,0.236111,7,0.005428
9906415,,,5,8,13,5,8,13,33,0.064042,0.081219,0.000057,0.205128,7,0.003299
9308,,,2,6,8,2,6,8,25,0.100688,0.116792,0.000119,0.25,7,0.001196
9809548,,,2,7,9,2,7,9,33,0.06422,0.080922,0.000095,0.208333,2,0.001334
9804310,,,18,14,32,18,14,32,36,0.053835,0.063752,0.00008,0.100806,2,0.053565
9608375,,,5,4,9,5,4,9,39,0.046516,0.052893,0.000002,0.375,12,0.012433
9512414,,,2,1,3,2,1,3,41,0.042535,0.046587,0,0.333333,7,0.015837
9705296,,,7,4,11,7,4,11,40,0.044455,0.049658,0.00009,0.127273,8,0.006627
9610332,,,1,1,2,1,1,2,40,0.044439,0.049411,0,0,8,0.001018
104275,,,1,16,17,1,16,17,23,0.127907,0.154883,0.018264,0.125,3,0.001359
6092,,,2,10,12,2,10,12,25,0.108529,0.133376,0.000734,0.106061,2,0.001366
9804301,,,4,1,5,4,1,5,31,0.070284,0.08188,0.000009,0.2,3,0.003969
12350,,,4,10,14,4,10,14,24,0.106727,0.126338,0.000328,0.115385,3,0.003261
104278,,,3,58,61,3,58,61,20,0.171439,0.217189,0.00008,0.207924,6,0.002408
103317,,,3,14,17,3,14,17,21,0.153166,0.190651,0,0.308824,6,0.002408
9410391,,,2,2,4,2,2,4,39,0.046486,0.05213,0.000009,0.083333,1,0.009735
104280,,,2,13,15,2,13,15,21,0.129719,0.15234,0.000067,0.242857,7,0.001196
9612270,,,8,3,11,8,3,11,32,0.066039,0.076667,0.00055,0.145455,8,0.008849
9705306,,,3,11,14,3,11,14,32,0.066741,0.081109,0.000016,0.104396,4,0.018822
11086,,,6,10,16,6,10,16,25,0.107365,0.133867,0.000528,0.116667,7,0.007154
104285,,,2,22,24,2,22,24,27,0.094303,0.11839,0.001513,0.213768,8,0.001249
9237,,,4,7,11,4,7,11,29,0.079523,0.100886,0.00026,0.2,8,0.002513
12009,,,1,3,4,1,3,4,31,0.070375,0.081512,0.00008,0.083333,1,0.000628
11252,,,1,26,27,1,26,27,29,0.084542,0.113103,0.000639,0.168091,8,0.000628
104289,,,1,10,11,1,10,11,25,0.115325,0.14635,0.000545,0.045455,12,0.000568
9265,,,1,6,7,1,6,7,29,0.08194,0.099507,0.000079,0.142857,10,0.000568
6007,,,3,10,13,3,10,13,30,0.079493,0.10916,0.000056,0.230769,7,0.002293
8136,,,2,2,4,2,2,4,30,0.079397,0.094503,0.000003,0.083333,10,0.001135
12235,,,1,8,9,1,8,9,31,0.074654,0.099145,0.000004,0.152778,12,0.000568
10175,,,9,78,87,9,78,87,24,0.126849,0.17195,0.003568,0.038091,7,0.00705
104290,,,1,7,8,1,7,8,25,0.105536,0.127589,0.000007,0.214286,8,0.000574
105188,,,3,12,15,3,12,15,25,0.107902,0.133322,0.000299,0.10989,8,0.001995
101338,,,4,3,7,4,3,7,27,0.086787,0.100215,0.000399,0.190476,8,0.002741
6206,,,2,13,15,2,13,15,25,0.102131,0.120315,0.00016,0.109524,8,0.001427
103119,,,6,16,22,6,16,22,25,0.105735,0.129044,0.000854,0.116667,8,0.003761
9705316,,,1,4,5,1,4,5,30,0.073878,0.08427,0,0.4,0,0.000576
5286,,,10,12,22,10,12,22,24,0.107154,0.138082,0.000106,0.296537,3,0.012841
10196,,,2,4,6,2,4,6,30,0.074878,0.087731,0.000179,0.066667,10,0.001861
9705320,,,16,9,25,16,9,25,31,0.07126,0.086764,0.000133,0.046667,7,0.026314
9608262,,,3,2,5,3,2,5,31,0.071151,0.085628,0.000003,0.1,7,0.006681
9705322,,,1,1,2,1,1,2,34,0.059276,0.068549,0,0,8,0.000626
9705328,,,5,5,10,5,5,10,35,0.056834,0.067763,0.000077,0.233333,4,0.007647
104306,,,2,6,8,2,6,8,26,0.098034,0.121769,0.000504,0.142857,12,0.001718
101297,,,5,36,41,5,36,41,25,0.103214,0.131584,0.001035,0.094512,12,0.003924
9908225,,,4,2,6,4,2,6,32,0.068019,0.087646,0.000001,0.233333,12,0.003069
6004,,,1,5,6,1,5,6,31,0.072772,0.093675,0.00392,0.133333,8,0.001774
6005,,,4,6,10,4,6,10,32,0.067608,0.084012,0.000101,0.2,8,0.002394
9910405,,,2,12,14,2,12,14,32,0.067905,0.086585,0.00009,0.137363,8,0.001658
6006,,,2,7,9,2,7,9,26,0.091784,0.115115,0,0.458333,3,0.001917
101340,,,2,20,22,2,20,22,19,0.146596,0.167631,0.000345,0.21645,3,0.001696
9705338,,,1,1,2,1,1,2,45,0.036396,0.039174,0,0,4,0.000568
6011,,,1,4,5,1,4,5,31,0.070402,0.083009,0,0.25,11,0.000654
9705340,,,1,4,5,1,4,5,32,0.066879,0.08078,0.000003,0.1,0,0.000751
6021,,,1,8,9,1,8,9,26,0.09496,0.112262,0.000393,0.111111,5,0.00057
9801346,,,5,3,8,5,3,8,35,0.056783,0.067123,0.000089,0.107143,5,0.003274
9912281,,,1,4,5,1,4,5,27,0.086352,0.102565,0.00009,0.15,5,0.000568
6026,,,6,10,16,6,10,16,25,0.09979,0.126598,0.000017,0.2125,2,0.006409
6027,,,3,25,28,3,25,28,24,0.106842,0.136704,0.001224,0.157407,2,0.002227
9612265,,,11,4,15,11,4,15,32,0.067099,0.080875,0.000307,0.095238,7,0.009724
9705359,,,1,15,16,1,15,16,34,0.059378,0.072238,0.000263,0.133333,9,0.002171
9903237,,,1,7,8,1,7,8,33,0.063794,0.080323,0.000001,0.25,5,0.000914
9902347,,,1,14,15,1,14,15,32,0.070004,0.102689,0.000003,0.052381,6,0.000914
9910543,,,2,22,24,2,22,24,24,0.119325,0.154488,0.000244,0.076087,5,0.001482
9902298,,,1,2,3,1,2,3,35,0.05631,0.066001,0,0.166667,5,0.000914
9804328,,,3,1,4,3,1,4,31,0.069783,0.080531,0.000073,0.166667,5,0.003195
9811257,,,7,16,23,7,16,23,32,0.067975,0.087782,0.000057,0.098814,4,0.01391
9804348,,,5,4,9,5,4,9,36,0.053968,0.063851,0.000146,0.083333,8,0.003193
9707211,,,5,2,7,5,2,7,42,0.040814,0.044502,0.000093,0.142857,5,0.006796
9910228,,,1,5,6,1,5,6,34,0.060181,0.074792,0.000001,0.266667,6,0.000914
9710551,,,7,18,25,7,18,25,31,0.071539,0.089768,0.000142,0.058333,7,0.010579
9607268,,,4,2,6,4,2,6,35,0.056611,0.065696,0,0.3,6,0.007065
9911526,,,3,1,4,3,1,4,42,0.040817,0.044501,0.000003,0.25,5,0.003315
9811219,,,3,3,6,3,3,6,32,0.066376,0.078926,0,0.3,5,0.002055
9811434,,,4,15,19,4,15,19,33,0.065742,0.092413,0.000319,0.166667,11,0.004149
9808453,,,5,26,31,5,26,31,31,0.0737,0.106777,0.000948,0.044086,5,0.007457
9705363,,,5,3,8,5,3,8,32,0.066809,0.080799,0.000003,0.303571,1,0.004493
6036,,,1,13,14,1,13,14,25,0.096338,0.125475,0.000001,0.236264,4,0.000568
2018,,,4,10,14,4,10,14,26,0.092473,0.116462,0.000128,0.104396,7,0.004056
9705370,,,2,5,7,2,5,7,34,0.059232,0.069945,0,0.428571,9,0.002019
6043,,,1,18,19,1,18,19,28,0.087562,0.109576,0,0.195906,10,0.000568
9907469,,,2,20,22,2,20,22,29,0.080944,0.098519,0.000001,0.145022,10,0.001312
9909556,,,4,6,10,4,6,10,29,0.080772,0.096772,0.000063,0.311111,10,0.002488
9509363,,,7,1,8,7,1,8,33,0.0638,0.077752,0.000066,0.160714,13,0.005062
9805240,,,4,6,10,4,6,10,33,0.063356,0.077858,0.000016,0.1,4,0.004522
9805417,,,5,6,11,5,6,11,34,0.059521,0.070695,0.000136,0.136364,4,0.006031
9806398,,,5,12,17,5,12,17,32,0.067822,0.088772,0.000081,0.169118,4,0.005047
9705377,,,5,1,6,5,1,6,33,0.062536,0.072917,0.000085,0.2,9,0.003387
6050,,,4,6,10,4,6,10,27,0.086876,0.106059,0.000174,0.177778,5,0.004092
9907477,,,4,5,9,4,5,9,33,0.063251,0.075777,0.000001,0.180556,5,0.0046
6053,,,1,6,7,1,6,7,32,0.069001,0.089081,0.00004,0.214286,8,0.001051
9705382,,,5,10,15,5,10,15,32,0.067034,0.082932,0.000144,0.104762,4,0.004663
6055,,,1,4,5,1,4,5,25,0.096132,0.118536,0.000001,0.1,2,0.000568
5029,,,2,3,5,2,3,5,33,0.062825,0.073906,0.000001,0.2,6,0.001193
10229,,,2,16,18,2,16,18,24,0.125453,0.159754,0.000394,0.316176,7,0.002831
9909530,,,5,11,16,5,11,16,25,0.101165,0.122044,0.000229,0.141667,7,0.006937
9705385,,,1,6,7,1,6,7,34,0.059416,0.070373,0,0.238095,5,0.00059
9606387,,,9,2,11,9,2,11,43,0.039245,0.042847,0.000155,0.127273,0,0.016554
9607294,,,5,5,10,5,5,10,43,0.039241,0.043001,0,0.244444,4,0.022768
6060,,,2,8,10,2,8,10,27,0.093749,0.116765,0.000335,0.177778,1,0.001993
4257,,,2,9,11,2,9,11,31,0.076884,0.094168,0.00018,0.154545,1,0.001229
9501248,,,6,3,9,6,3,9,43,0.039208,0.042427,0.00016,0.027778,9,0.00759
9705395,,,10,4,14,10,4,14,34,0.059221,0.069819,0,0.346154,9,0.013284
6068,,,5,25,30,5,25,30,24,0.11509,0.142758,0.000214,0.13908,1,0.003107
9711238,,,3,2,5,3,2,5,33,0.062834,0.073287,0,0.3,1,0.001995
9705397,,,3,4,7,3,4,7,32,0.06656,0.078817,0.00023,0.071429,7,0.00214
9705399,,,17,27,44,17,27,44,32,0.066765,0.082662,0.000378,0.276427,9,0.025015
9704343,,,12,7,19,12,7,19,34,0.059228,0.070063,0.000009,0.315789,9,0.018627
9705402,,,3,7,10,3,7,10,30,0.075904,0.092156,0.000222,0.322222,1,0.00324
9611236,,,1,5,6,1,5,6,33,0.062781,0.073394,0,0.3,1,0.000746
9711263,,,1,5,6,1,5,6,32,0.065437,0.074518,0.000004,0.133333,0,0.000779
9909268,,,4,18,22,4,18,22,24,0.104173,0.134456,0.000127,0.147186,2,0.004004
6080,,,3,2,5,3,2,5,32,0.066454,0.078975,0,0.35,8,0.001989
9705410,,,1,9,10,1,9,10,31,0.070306,0.083565,0.000091,0.155556,5,0.000573
9703281,,,2,6,8,2,6,8,31,0.070676,0.083918,0.000003,0.25,5,0.00121
6083,,,1,1,2,1,1,2,31,0.069812,0.079685,0,0,12,0.000622
6084,,,2,11,13,2,11,13,24,0.100919,0.127016,0.000431,0.108974,2,0.004512
9910359,,,1,4,5,1,4,5,29,0.078058,0.091658,0.000076,0.25,2,0.00076
9705414,,,23,30,53,23,30,53,32,0.067278,0.085121,0.000587,0.216255,9,0.033783
6089,,,2,5,7,2,5,7,27,0.088724,0.109279,0.001029,0.238095,12,0.00143
6090,,,6,3,9,6,3,9,24,0.101068,0.124846,0,0.347222,2,0.007371
6091,,,3,7,10,3,7,10,25,0.107981,0.132379,0,0.311111,7,0.005653
6164,,,1,21,22,1,21,22,24,0.117918,0.157548,0.000224,0.202381,3,0.002991
10072,,,2,10,12,2,10,12,30,0.077215,0.09777,0.000001,0.204545,12,0.001353
9607461,,,9,1,10,9,1,10,41,0.042535,0.046591,0.000238,0.1,2,0.01416
6101,,,1,3,4,1,3,4,30,0.077954,0.100983,0.000181,0.166667,8,0.000576
9909394,,,1,10,11,1,10,11,31,0.073197,0.095325,0.000099,0.027273,8,0.000568
6102,,,1,1,2,1,1,2,34,0.059515,0.069622,0,0.5,8,0.000576
9711268,,,5,18,23,5,18,23,32,0.066806,0.081427,0.000109,0.092885,1,0.004733
6106,,,2,13,15,2,13,15,31,0.071264,0.086082,0,0.257143,13,0.001357
9608239,,,10,3,13,10,3,13,33,0.062954,0.074523,0.000186,0.134615,9,0.019828
9610326,,,8,1,9,8,1,9,29,0.079906,0.093532,0.001543,0.111111,10,0.008449
9705441,,,3,7,10,3,7,10,33,0.062916,0.076623,0.000006,0.355556,4,0.004137
6114,,,2,8,10,2,8,10,24,0.113546,0.147993,0.004106,0.222222,3,0.002112
6120,,,1,13,14,1,13,14,24,0.117524,0.146329,0.000001,0.192308,7,0.000978
9910297,,,1,6,7,1,6,7,32,0.068584,0.089694,0.000003,0.214286,7,0.005798
9806270,,,4,6,10,4,6,10,31,0.072437,0.094512,0,0.322222,7,0.009255
9705453,,,8,4,12,8,4,12,31,0.070953,0.085938,0.000304,0.151515,7,0.008386
6127,,,10,4,14,10,4,14,25,0.088537,0.105832,0.000002,0.164835,2,0.014584
6128,,,3,10,13,3,10,13,30,0.070765,0.091058,0.000038,0.346154,0,0.001833
9705457,,,2,10,12,2,10,12,34,0.059583,0.072287,0.000002,0.25,4,0.001476
6130,,,3,26,29,3,26,29,23,0.115902,0.155114,0.000301,0.080049,2,0.002347
9705459,,,1,3,4,1,3,4,36,0.053124,0.060024,0,0.416667,8,0.004263
6134,,,1,8,9,1,8,9,27,0.084955,0.106281,0.000118,0.111111,13,0.000577
9802378,,,3,5,8,3,5,8,30,0.074748,0.087583,0.000155,0.089286,13,0.001713
9909348,,,2,5,7,2,5,7,27,0.084139,0.102452,0.000078,0.214286,13,0.001145
9709487,,,3,2,5,3,2,5,30,0.073879,0.084194,0,0.1,13,0.00191
9908269,,,4,7,11,4,7,11,29,0.080257,0.095843,0.000032,0.1,13,0.00269
9806521,,,2,18,20,2,18,20,31,0.072738,0.099552,0.0001,0.115789,7,0.002
9706313,,,2,2,4,2,2,4,32,0.067071,0.080316,0,0.333333,7,0.001703
2061,,,1,14,15,1,14,15,23,0.122155,0.150796,0.000088,0.071429,7,0.001129
9906202,,,5,4,9,5,4,9,24,0.108585,0.130181,0.000002,0.263889,7,0.008089
9805211,,,6,7,13,6,7,13,36,0.053751,0.062293,0.000012,0.217949,0,0.007713
6138,,,3,16,19,3,16,19,24,0.114876,0.145006,0.000028,0.166667,9,0.003106
9911212,,,4,5,9,4,5,9,33,0.064628,0.080911,0.000005,0.194444,9,0.00302
6143,,,2,8,10,2,8,10,34,0.061426,0.079834,0.00017,0.1,5,0.002115
9912526,,,2,10,12,2,10,12,33,0.064848,0.08407,0.000096,0.098485,5,0.001502
6145,,,2,12,14,2,12,14,27,0.098176,0.128493,0.000313,0.083333,10,0.001266
8135,,,1,6,7,1,6,7,26,0.10119,0.123219,0.000096,0.142857,10,0.000629
7207,,,3,8,11,3,8,11,28,0.090387,0.115876,0.000085,0.211111,10,0.001784
9905260,,,1,3,4,1,3,4,30,0.074027,0.084767,0.000001,0.166667,10,0.000629
9905261,,,1,1,2,1,1,2,31,0.068911,0.077223,0,0,10,0.000629
9705476,,,2,2,4,2,2,4,42,0.040834,0.044872,0,0.166667,6,0.002663
9701388,,,7,6,13,7,6,13,33,0.062792,0.073397,0.000115,0.121795,7,0.007964
9705478,,,1,4,5,1,4,5,32,0.067138,0.081408,0.000073,0,7,0.000861
9611442,,,3,1,4,3,1,4,44,0.037757,0.040819,0,0,7,0.002813
9910251,,,1,3,4,1,3,4,32,0.066325,0.078122,0,0.333333,8,0.000741
9811519,,,5,7,12,5,7,12,35,0.056466,0.06724,0.000021,0.257576,8,0.005591
9910233,,,1,6,7,1,6,7,28,0.085199,0.102474,0.000042,0.071429,5,0.000783
6162,,,2,69,71,2,69,71,26,0.09824,0.137388,0.000833,0.032797,4,0.004253
9808321,,,5,17,22,5,17,22,34,0.060471,0.078262,0.00002,0.145022,4,0.005449
9710258,,,5,2,7,5,2,7,33,0.06285,0.075006,0.000314,0.142857,11,0.004012
9804277,,,10,23,33,10,23,33,32,0.067949,0.090399,0.000058,0.095644,4,0.008972
9707258,,,6,1,7,6,1,7,41,0.042538,0.046592,0.000097,0.119048,4,0.013034
9802252,,,13,19,32,13,19,32,31,0.071508,0.090955,0.000127,0.147177,4,0.014682
9708405,,,8,17,25,8,17,25,33,0.063722,0.081877,0.000059,0.073333,4,0.005874
3023,,,2,4,6,2,4,6,30,0.07967,0.109189,0.001255,0.033333,7,0.001878
110254,,,1,7,8,1,7,8,28,0.094896,0.118913,0.003661,0.017857,12,0.000568
110033,,,1,8,9,1,8,9,27,0.094629,0.114229,0.00201,0.125,1,0.000568
9905250,,,3,5,8,3,5,8,31,0.070524,0.082649,0.000022,0.142857,12,0.00184
110081,,,1,17,18,1,17,18,27,0.097061,0.118538,0.001327,0.078431,12,0.000568
108188,,,1,2,3,1,2,3,31,0.069506,0.079015,0,0.166667,12,0.000568
9812307,,,7,3,10,7,3,10,26,0.083106,0.104039,0.000043,0.2,2,0.013276
6173,,,4,41,45,4,41,45,23,0.121743,0.162783,0.000116,0.103535,9,0.004329
9908295,,,6,33,39,6,33,39,23,0.123388,0.15464,0.003943,0.073257,9,0.00832
9811326,,,6,21,27,6,21,27,26,0.0868,0.114895,0.000248,0.074074,2,0.014878
9911422,,,5,30,35,5,30,35,23,0.117132,0.15502,0.000141,0.122689,9,0.00599
9907550,,,6,11,17,6,11,17,25,0.097621,0.123288,0.000111,0.066176,4,0.004466
9912362,,,1,11,12,1,11,12,24,0.106965,0.13332,0.000023,0.098485,4,0.00079
5037,,,1,14,15,1,14,15,26,0.088942,0.109078,0.000446,0.066667,0,0.00079
9607202,,,7,2,9,7,2,9,33,0.062812,0.073253,0.000002,0.222222,4,0.008417
6179,,,1,2,3,1,2,3,35,0.056785,0.066739,0.00008,0,12,0.000657
9810288,,,5,9,14,5,9,14,32,0.068752,0.090812,0.00013,0.120879,11,0.004752
9711282,,,1,13,14,1,13,14,33,0.063245,0.078481,0,0.203297,9,0.0013
9707214,,,14,4,18,14,4,18,34,0.059788,0.072809,0.000067,0.143791,9,0.022161
6190,,,4,76,80,4,76,80,24,0.120427,0.161536,0.000859,0.116139,3,0.004069
9807503,,,11,14,25,11,14,25,33,0.063868,0.081404,0.000135,0.085,4,0.022842
9902368,,,10,10,20,10,10,20,26,0.09485,0.113955,0.001013,0.205263,3,0.019073
9805377,,,11,1,12,11,1,12,35,0.055585,0.062646,0.000004,0.128788,3,0.049258
9607216,,,2,4,6,2,4,6,33,0.062729,0.072663,0,0.366667,7,0.004839
6196,,,3,4,7,3,4,7,30,0.072686,0.087522,0.00022,0.166667,9,0.001759
9905565,,,1,2,3,1,2,3,33,0.064249,0.081459,0.000005,0.333333,9,0.000679
6201,,,2,3,5,2,3,5,31,0.070261,0.082115,0.000083,0.15,13,0.001476
6202,,,1,6,7,1,6,7,25,0.102214,0.126596,0.000587,0.142857,2,0.000692
4040,,,3,2,5,3,2,5,34,0.059269,0.068023,0.000002,0.1,1,0.002063
9908287,,,1,1,2,1,1,2,32,0.066384,0.076966,0,0.5,8,0.000637
6212,,,1,9,10,1,9,10,29,0.082696,0.105464,0.000006,0.166667,8,0.000576
9912500,,,2,14,16,2,14,16,29,0.083363,0.109631,0.000181,0.1375,8,0.001144
6217,,,1,16,17,1,16,17,23,0.11658,0.153152,0.000064,0.25,3,0.000715
9142,,,1,8,9,1,8,9,31,0.072386,0.093701,0.000039,0.208333,7,0.001173
6227,,,1,5,6,1,5,6,33,0.064291,0.081002,0.000008,0.433333,8,0.000626
9607253,,,5,1,6,5,1,6,44,0.037736,0.040531,0,0.133333,11,0.006452
9911331,,,2,1,3,2,1,3,36,0.053014,0.059176,0.000094,0.166667,8,0.001576
6234,,,1,28,29,1,28,29,29,0.086096,0.118531,0.001669,0.045567,8,0.000741
9911210,,,1,3,4,1,3,4,38,0.048603,0.055809,0.000142,0.25,8,0.000576
6142,,,1,1,2,1,1,2,32,0.067923,0.084297,0,0.5,8,0.000576
9712248,,,4,4,8,4,4,8,36,0.053762,0.06213,0.000227,0.196429,1,0.002636
9707490,,,4,2,6,4,2,6,36,0.053704,0.061584,0,0.3,1,0.003029
6241,,,1,5,6,1,5,6,28,0.085219,0.104523,0.000001,0.166667,1,0.000631
9805468,,,7,10,17,7,10,17,31,0.070937,0.085521,0.000018,0.047794,1,0.004623
9607266,,,6,2,8,6,2,8,29,0.079827,0.093208,0.001987,0.178571,10,0.008174
9606301,,,3,1,4,3,1,4,28,0.086655,0.10417,0.002046,0.166667,10,0.002939
9607273,,,3,7,10,3,7,10,43,0.039256,0.043379,0,0.377778,4,0.019382
9909570,,,2,15,17,2,15,17,23,0.119989,0.143764,0.000079,0.128676,4,0.001564
6255,,,1,11,12,1,11,12,32,0.068615,0.092709,0.000099,0.174242,5,0.001051
9902484,,,14,45,59,14,45,59,32,0.06753,0.086871,0.000656,0.134717,5,0.012895
6256,,,3,9,12,3,9,12,24,0.108677,0.141669,0.000044,0.159091,3,0.002725
9903452,,,2,7,9,2,7,9,32,0.06792,0.08819,0.000016,0.083333,2,0.002234
9804296,,,11,15,26,11,15,26,35,0.057117,0.070847,0.000415,0.093846,11,0.008214
9807489,,,5,17,22,5,17,22,33,0.065845,0.089757,0.000141,0.21345,11,0.004617
9805481,,,7,22,29,7,22,29,34,0.060885,0.079802,0.000162,0.172414,11,0.007599
5035,,,2,7,9,2,7,9,35,0.058204,0.075469,0.000075,0.25,11,0.001387
9708344,,,11,14,25,11,14,25,34,0.060087,0.074023,0.000016,0.300725,11,0.014098
6263,,,1,4,5,1,4,5,33,0.063459,0.076489,0.000036,0.05,8,0.000762
9607288,,,1,5,6,1,5,6,39,0.046513,0.052829,0.000001,0.133333,5,0.002618
9902203,,,4,4,8,4,4,8,37,0.051028,0.058079,0.00004,0.196429,12,0.002944
9810221,,,4,3,7,4,3,7,36,0.053738,0.061908,0.000026,0.380952,12,0.00341
9811222,,,3,4,7,3,4,7,36,0.053757,0.062198,0.00003,0.190476,12,0.002691
9805406,,,2,3,5,2,3,5,38,0.048769,0.055797,0.000001,0.1,8,0.002656
6272,,,1,4,5,1,4,5,26,0.094303,0.108147,0,0.45,12,0.000747
9902209,,,1,1,2,1,1,2,34,0.058608,0.065782,0,0,0,0.000623
6274,,,3,2,5,3,2,5,24,0.093759,0.114343,0.000019,0.05,2,0.002815
9906392,,,2,25,27,2,25,27,23,0.103273,0.134081,0.000127,0.128205,9,0.0013
9902211,,,1,4,5,1,4,5,37,0.051188,0.059403,0.000001,0.1,8,0.00118
6276,,,1,4,5,1,4,5,35,0.057139,0.068548,0.000278,0.1,6,0.000681
9908492,,,2,1,3,2,1,3,34,0.060274,0.071984,0.000257,0.166667,8,0.001198
9909357,,,5,7,12,5,7,12,24,0.111007,0.131969,0.000017,0.045455,7,0.00397
9911419,,,2,20,22,2,20,22,24,0.116876,0.148302,0.000439,0.07381,7,0.00155
6281,,,1,4,5,1,4,5,25,0.104203,0.132791,0.000036,0.2,2,0.000568
6285,,,1,3,4,1,3,4,32,0.066357,0.077815,0.000048,0.166667,8,0.001482
9907467,,,3,2,5,3,2,5,31,0.070534,0.083171,0.000113,0.2,8,0.001869
9711250,,,5,8,13,5,8,13,34,0.059473,0.07056,0.000079,0.083333,8,0.004003
6287,,,2,8,10,2,8,10,30,0.076107,0.094019,0.000226,0.053571,8,0.001306
8051,,,3,9,12,3,9,12,31,0.071925,0.090844,0.000122,0.245455,8,0.001769
7036,,,2,7,9,2,7,9,31,0.07187,0.09019,0.00012,0.285714,8,0.001202
9705378,,,3,6,9,3,6,9,31,0.06945,0.080161,0.000238,0,8,0.001767
9807293,,,7,7,14,7,7,14,34,0.060093,0.073351,0.000006,0.181319,11,0.008016
9902227,,,1,17,18,1,17,18,31,0.072961,0.097268,0.000223,0.140523,0,0.001066
9808471,,,5,6,11,5,6,11,31,0.071955,0.089699,0.000172,0.211111,0,0.003382
9809365,,,1,3,4,1,3,4,34,0.058655,0.066239,0.000012,0.166667,0,0.000588
6292,,,1,8,9,1,8,9,31,0.071763,0.090071,0.000061,0.083333,8,0.000691
9902440,,,8,6,14,8,6,14,33,0.063458,0.077773,0.000323,0.115385,8,0.005847
9908321,,,4,2,6,4,2,6,33,0.063366,0.077025,0.000085,0.3,1,0.002713
9710339,,,12,3,15,12,3,15,34,0.059288,0.068771,0.000259,0.233333,1,0.010568
9901323,,,8,7,15,8,7,15,32,0.067277,0.08265,0.000007,0.185714,1,0.005996
5019,,,3,28,31,3,28,31,25,0.110783,0.14118,0.000661,0.110837,1,0.002357
6271,,,2,14,16,2,14,16,25,0.105728,0.12791,0,0.338095,1,0.001337
6299,,,1,13,14,1,13,14,28,0.087413,0.108578,0.000077,0.247253,10,0.000577
6302,,,1,6,7,1,6,7,30,0.075148,0.088648,0,0.214286,10,0.000641
9607329,,,4,3,7,4,3,7,40,0.04447,0.049912,0.000564,0.071429,8,0.005468
9902242,,,3,9,12,3,9,12,31,0.071853,0.093088,0.000001,0.265152,4,0.00397
9807250,,,6,4,10,6,4,10,36,0.053696,0.062785,0.00003,0.133333,11,0.006601
9909524,,,1,5,6,1,5,6,30,0.075438,0.090092,0.000013,0.166667,8,0.000568
9912204,,,1,7,8,1,7,8,24,0.103876,0.13645,0.000022,0.053571,4,0.001361
9806301,,,19,22,41,19,22,41,20,0.162459,0.1934,0.310029,0.075758,6,0.027103
8110,,,5,4,9,5,4,9,22,0.136573,0.163598,0.000002,0.410714,4,0.005309
9809250,,,9,14,23,9,14,23,33,0.064441,0.083364,0.000365,0.094862,6,0.013139
6320,,,1,4,5,1,4,5,32,0.067485,0.084018,0.000039,0.3,8,0.000992
9904288,,,2,3,5,2,3,5,31,0.070102,0.082081,0.000034,0.1,8,0.001229
9911467,,,2,5,7,2,5,7,32,0.067832,0.085919,0.000113,0.166667,8,0.001579
9909489,,,8,23,31,8,23,31,29,0.082101,0.105191,0.000165,0.187097,8,0.007642
9902258,,,4,6,10,4,6,10,31,0.070724,0.083873,0.000073,0.133333,8,0.002691
9711323,,,3,1,4,3,1,4,31,0.06885,0.07707,0,0.333333,8,0.002232
9611460,,,6,2,8,6,2,8,30,0.073937,0.084368,0.000525,0.071429,8,0.004631
9810425,,,5,6,11,5,6,11,31,0.070679,0.08358,0.000073,0.118182,8,0.003442
9806333,,,2,2,4,2,2,4,33,0.062536,0.072691,0.000003,0.083333,8,0.001567
9902259,,,1,4,5,1,4,5,33,0.063301,0.076271,0.000009,0.15,8,0.000568
9605227,,,3,1,4,3,1,4,40,0.044429,0.049188,0.000001,0.25,8,0.00194
9607348,,,1,3,4,1,3,4,34,0.060009,0.071145,0,0.25,7,0.000568
6327,,,3,17,20,3,17,20,23,0.10811,0.141601,0.000088,0.245614,3,0.002179
9902264,,,1,1,2,1,1,2,42,0.040848,0.044975,0,0,6,0.000579
9906271,,,9,15,24,9,15,24,23,0.113741,0.139902,0.000595,0.072464,4,0.009173
9902266,,,1,3,4,1,3,4,31,0.07145,0.08852,0.000002,0.166667,8,0.000575
9711423,,,3,14,17,3,14,17,30,0.075653,0.092811,0.000431,0.066176,8,0.002092
6331,,,6,10,16,6,10,16,29,0.079162,0.101314,0.000243,0.180952,4,0.004089
9912272,,,1,20,21,1,20,21,28,0.084531,0.110391,0.000146,0.114286,9,0.000871
8223,,,1,11,12,1,11,12,30,0.075497,0.097163,0.000004,0.236364,4,0.000871
9902268,,,3,4,7,3,4,7,30,0.073939,0.084517,0,0.404762,13,0.002508
6333,,,3,5,8,3,5,8,32,0.066978,0.080489,0.000079,0.107143,0,0.002497
9810209,,,1,7,8,1,7,8,31,0.06955,0.080784,0.000017,0.125,0,0.000715
9810449,,,3,7,10,3,7,10,39,0.045554,0.049767,0.000207,0.277778,0,0.00354
9805395,,,5,1,6,5,1,6,43,0.038663,0.041298,0,0.366667,0,0.004875
9706426,,,11,6,17,11,6,17,37,0.050967,0.05812,0.000238,0.121324,2,0.032412
9902272,,,1,4,5,1,4,5,33,0.063387,0.078233,0.000001,0.2,0,0.001443
6339,,,3,23,26,3,23,26,23,0.111974,0.148596,0.000204,0.126154,2,0.004585
9905229,,,5,11,16,5,11,16,28,0.083752,0.1006,0.0002,0.108333,2,0.008418
9910246,,,6,25,31,6,25,31,26,0.091896,0.11452,0.00004,0.065591,2,0.007867
6342,,,1,31,32,1,31,32,23,0.129584,0.165985,0.000179,0.081653,5,0.000625
9707403,,,5,3,8,5,3,8,41,0.042539,0.046753,0.000016,0.160714,12,0.00953
9811281,,,3,1,4,3,1,4,43,0.039215,0.042366,0,0.166667,5,0.001708
9905498,,,4,9,13,4,9,13,32,0.067309,0.083774,0.000007,0.038462,5,0.002331
9706469,,,5,3,8,5,3,8,42,0.040852,0.04488,0.000229,0.089286,5,0.006555
9810207,,,1,3,4,1,3,4,35,0.056787,0.067128,0,0.166667,5,0.00057
9607367,,,1,2,3,1,2,3,28,0.086696,0.104496,0.00008,0,8,0.000937
9812354,,,7,6,13,7,6,13,32,0.068234,0.087427,0.000017,0.198718,7,0.00505
9805251,,,1,10,11,1,10,11,28,0.086979,0.106496,0.000161,0.181818,8,0.00095
9711512,,,3,22,25,3,22,25,30,0.076588,0.097277,0.000492,0.041667,8,0.002633
9709213,,,11,3,14,11,3,14,34,0.059386,0.069367,0.000864,0.10989,8,0.010129
9711353,,,2,4,6,2,4,6,34,0.0599,0.072074,0.000428,0.166667,8,0.001671
9710461,,,1,2,3,1,2,3,33,0.063613,0.078774,0.00003,0.166667,9,0.00095
9805215,,,15,3,18,15,3,18,32,0.067604,0.085538,0.000403,0.150327,1,0.027695
9806403,,,6,1,7,6,1,7,34,0.058651,0.066126,0.000022,0.142857,0,0.003898
6348,,,4,2,6,4,2,6,30,0.077291,0.09913,0.000001,0.433333,7,0.002383
9902286,,,2,7,9,2,7,9,31,0.071058,0.086884,0.000004,0.347222,8,0.001562
9902287,,,1,2,3,1,2,3,34,0.059186,0.06902,0.000002,0.166667,11,0.000769
6352,,,1,18,19,1,18,19,25,0.106497,0.135299,0.000004,0.219298,5,0.000992
9902289,,,2,5,7,2,5,7,29,0.081009,0.097006,0.000073,0.119048,13,0.001747
9902290,,,8,14,22,8,14,22,33,0.064554,0.084334,0.000071,0.134199,6,0.006649
9807411,,,13,4,17,13,4,17,32,0.068015,0.086274,0.000242,0.150735,6,0.011323
9902292,,,9,6,15,9,6,15,26,0.093233,0.114996,0.000525,0.109524,0,0.00604
9809286,,,2,3,5,2,3,5,31,0.069697,0.079301,0.000173,0.1,0,0.001674
9811375,,,8,2,10,8,2,10,33,0.064241,0.083337,0.00017,0.166667,0,0.005504
9807308,,,8,18,26,8,18,26,32,0.068704,0.092209,0.000334,0.116923,2,0.034037
9811361,,,2,6,8,2,6,8,32,0.066106,0.077755,0.000024,0.303571,1,0.0012
9611321,,,2,5,7,2,5,7,41,0.042561,0.047128,0,0.166667,1,0.001334
9902297,,,1,7,8,1,7,8,30,0.075084,0.098919,0.000032,0.392857,0,0.000706
9607387,,,1,2,3,1,2,3,41,0.042554,0.046963,0,0.333333,1,0.000574
9902306,,,1,8,9,1,8,9,31,0.071516,0.089797,0.000046,0.25,0,0.000953
9804441,,,4,5,9,4,5,9,33,0.061945,0.070422,0.000295,0.111111,0,0.003504
9809491,,,4,6,10,4,6,10,26,0.082716,0.098439,0,0.222222,2,0.009263
9902261,,,7,20,27,7,20,27,25,0.099205,0.123067,0.000423,0.152422,2,0.018665
9607407,,,1,2,3,1,2,3,34,0.059981,0.070995,0.000313,0,7,0.001837
9811388,,,1,2,3,1,2,3,33,0.063363,0.077378,0,0.166667,6,0.000622
9703388,,,6,1,7,6,1,7,43,0.039233,0.042658,0.000001,0.309524,6,0.007196
9606408,,,5,6,11,5,6,11,34,0.058675,0.066574,0.000003,0.254545,4,0.010727
9808480,,,4,8,12,4,8,12,32,0.066529,0.079277,0.000019,0.181818,0,0.004505
9806514,,,6,2,8,6,2,8,33,0.061335,0.06854,0.000123,0.214286,0,0.006451
9808424,,,3,12,15,3,12,15,32,0.066568,0.079849,0.000394,0.161905,0,0.003913
9708219,,,10,7,17,10,7,17,33,0.063244,0.076765,0.000319,0.113971,0,0.009911
9902328,,,6,17,23,6,17,23,31,0.072684,0.094996,0.000583,0.171937,0,0.008543
9708399,,,1,7,8,1,7,8,32,0.06644,0.079195,0.000021,0.214286,0,0.001066
9806203,,,3,4,7,3,4,7,31,0.07173,0.087779,0,0.404762,7,0.013241
9806204,,,9,4,13,9,4,13,31,0.071817,0.088583,0.000001,0.288462,7,0.028611
9806224,,,5,7,12,5,7,12,31,0.072071,0.091508,0.000002,0.272727,7,0.022664
9606447,,,3,8,11,3,8,11,42,0.040869,0.045713,0.000073,0.045455,9,0.002871
9809441,,,3,6,9,3,6,9,32,0.06555,0.074943,0.000089,0.166667,13,0.00182
9708294,,,9,6,15,9,6,15,31,0.069064,0.078303,0.000756,0.138095,13,0.006447
9705329,,,7,2,9,7,2,9,43,0.039212,0.042389,0.000017,0.208333,13,0.005513
9809497,,,2,5,7,2,5,7,32,0.064625,0.072348,0.000237,0.238095,13,0.001249
9907317,,,2,10,12,2,10,12,32,0.066278,0.079248,0.000103,0.136364,13,0.001252
9807204,,,3,3,6,3,3,6,38,0.048778,0.056136,0.00001,0.266667,12,0.0045
9607430,,,1,15,16,1,15,16,34,0.059407,0.070467,0.000701,0.2375,5,0.000934
9806475,,,6,8,14,6,8,14,34,0.060765,0.077167,0.00007,0.269231,11,0.007318
9811313,,,12,87,99,12,87,99,32,0.070171,0.107074,0.0029,0.031128,11,0.011656
9807364,,,5,3,8,5,3,8,33,0.062943,0.073874,0,0.267857,7,0.003617
9810249,,,2,7,9,2,7,9,32,0.067926,0.08756,0.000117,0.069444,7,0.001419
9706283,,,3,1,4,3,1,4,31,0.070246,0.08201,0.000079,0.166667,7,0.001992
9807320,,,10,3,13,10,3,13,33,0.062973,0.074143,0.000006,0.128205,7,0.007396
203021,,,2,13,15,2,13,15,23,0.135042,0.15881,0.000008,0.171429,2,0.00119
102184,,,4,27,31,4,27,31,24,0.11602,0.143557,0.000136,0.164516,2,0.002377
9902356,,,2,10,12,2,10,12,31,0.072113,0.091999,0.000189,0.121212,8,0.001136
9709341,,,3,9,12,3,9,12,40,0.044472,0.050081,0.000001,0.121212,8,0.002411
9809577,,,1,3,4,1,3,4,32,0.067042,0.08117,0,0.166667,8,0.000622
9807529,,,4,2,6,4,2,6,32,0.067478,0.084238,0.000362,0.1,8,0.002331
9811450,,,1,5,6,1,5,6,32,0.067079,0.081688,0,0.166667,8,0.000622
9805338,,,7,6,13,7,6,13,31,0.070391,0.08306,0.000187,0.185897,8,0.004813
9902360,,,1,11,12,1,11,12,29,0.084946,0.102349,0.000088,0.272727,1,0.003398
9809460,,,1,11,12,1,11,12,29,0.084983,0.102868,0.000001,0.25,1,0.00069
9809229,,,6,8,14,6,8,14,29,0.084943,0.102198,0.00016,0.280303,1,0.007667
9902361,,,6,8,14,6,8,14,30,0.076125,0.09397,0.000304,0.241758,8,0.006305
9704304,,,7,2,9,7,2,9,43,0.039234,0.042635,0.000001,0.194444,6,0.005339
9709351,,,3,3,6,3,3,6,42,0.040837,0.044815,0.000189,0.3,6,0.009709
9712285,,,2,2,4,2,2,4,42,0.040833,0.044699,0,0.5,6,0.001497
9804261,,,11,3,14,11,3,14,45,0.036374,0.039063,0,0.291209,2,0.023295
9903293,,,1,5,6,1,5,6,32,0.067627,0.085041,0.000078,0.3,1,0.000626
9811274,,,2,14,16,2,14,16,31,0.072329,0.094598,0.00004,0.1875,1,0.001251
9607455,,,2,3,5,2,3,5,40,0.044431,0.049466,0,0.45,11,0.001791
9807334,,,3,6,9,3,6,9,29,0.07991,0.093854,0.000798,0.277778,10,0.002745
9711222,,,1,5,6,1,5,6,29,0.079778,0.093268,0.000121,0.133333,10,0.000577
9806510,,,3,3,6,3,3,6,32,0.06693,0.080091,0.000015,0.266667,8,0.002617
203051,,,3,23,26,3,23,26,17,0.175281,0.200887,0.000799,0.130769,2,0.001937
111133,,,5,18,23,5,18,23,20,0.154306,0.182088,0.000201,0.167984,2,0.003621
104104,,,6,19,25,6,19,25,21,0.146359,0.182462,0.00024,0.075,2,0.004148
108013,,,3,14,17,3,14,17,20,0.142746,0.170426,0.000038,0.161765,2,0.002024
9902380,,,5,8,13,5,8,13,31,0.07209,0.094029,0.000045,0.032051,2,0.004377
9902382,,,1,11,12,1,11,12,32,0.068579,0.091894,0.000009,0.128788,7,0.000697
9807323,,,3,10,13,3,10,13,31,0.072434,0.095638,0.000058,0.147436,7,0.002875
4019,,,2,1,3,2,1,3,25,0.093393,0.104129,0,0.333333,3,0.002487
9607472,,,4,2,6,4,2,6,34,0.060106,0.072033,0.000016,0.333333,12,0.007916
203063,,,1,14,15,1,14,15,26,0.094795,0.121619,0.001109,0.22381,8,0.000568
9804323,,,3,4,7,3,4,7,33,0.063123,0.076152,0.000124,0.047619,8,0.00182
9805509,,,13,1,14,13,1,14,32,0.066428,0.077279,0.000005,0.181319,8,0.010406
103113,,,4,17,21,4,17,21,30,0.078037,0.102632,0.0004,0.147619,8,0.00238
11215,,,12,37,49,12,37,49,30,0.078502,0.107851,0.000763,0.090136,8,0.007788
110097,,,1,18,19,1,18,19,26,0.094825,0.122054,0.000158,0.204678,8,0.000568
108055,,,1,14,15,1,14,15,26,0.093894,0.12071,0.000159,0.138095,8,0.000568
107064,,,3,21,24,3,21,24,25,0.10245,0.135404,0.000269,0.157609,8,0.001703
9607480,,,1,1,2,1,1,2,41,0.042535,0.046586,0.000083,0,8,0.000619
9607484,,,5,3,8,5,3,8,29,0.079755,0.093003,0.000402,0.107143,10,0.00439
9607345,,,1,1,2,1,1,2,43,0.039222,0.042501,0,0,6,0.003135
9606290,,,1,1,2,1,1,2,43,0.039222,0.042501,0,0,6,0.003135
9607488,,,5,7,12,5,7,12,33,0.062907,0.074219,0.000088,0.136364,4,0.006458
203075,,,1,10,11,1,10,11,27,0.102384,0.128358,0.005879,0.081818,10,0.000568
111309,,,1,14,15,1,14,15,27,0.10104,0.126491,0.005592,0.033333,12,0.000568
201149,,,1,3,4,1,3,4,27,0.091492,0.106743,0.000147,0.166667,11,0.000568
9902406,,,1,7,8,1,7,8,35,0.056322,0.066022,0,0.017857,4,0.000625
9805402,,,6,3,9,6,3,9,47,0.033914,0.036177,0.000009,0.138889,4,0.004505
9812303,,,2,2,4,2,2,4,47,0.033912,0.036101,0,0.25,4,0.001157
9812412,,,6,5,11,6,5,11,33,0.065111,0.085639,0.0002,0.254545,11,0.006859
9807497,,,11,11,22,11,11,22,31,0.071246,0.088108,0.000007,0.231602,8,0.011539
9812459,,,2,12,14,2,12,14,30,0.07704,0.100293,0.000115,0.148352,8,0.001792
9902412,,,1,5,6,1,5,6,30,0.074863,0.089143,0.000229,0.066667,8,0.000957
9708243,,,1,4,5,1,4,5,34,0.05938,0.069353,0.000001,0.05,8,0.000586
9709261,,,2,6,8,2,6,8,29,0.080376,0.096127,0.000319,0.125,8,0.001153
9902416,,,1,6,7,1,6,7,33,0.063919,0.08023,0,0.380952,0,0.000706
9902417,,,1,7,8,1,7,8,31,0.073557,0.099751,0.000004,0.285714,6,0.000568
9902418,,,4,4,8,4,4,8,31,0.070764,0.084425,0.000117,0.071429,8,0.002397
203091,,,1,25,26,1,25,26,18,0.178629,0.222104,0.000411,0.230769,3,0.000569
203034,,,2,25,27,2,25,27,20,0.157045,0.186827,0.001345,0.19943,3,0.001136
110129,,,1,11,12,1,11,12,22,0.126021,0.157269,0.000229,0.113636,11,0.000568
9902424,,,2,4,6,2,4,6,37,0.050215,0.055611,0.000079,0.2,13,0.001327
9810306,,,1,2,3,1,2,3,42,0.04081,0.044449,0,0.333333,13,0.000631
9902426,,,2,11,13,2,11,13,31,0.070944,0.086968,0.000171,0.102564,8,0.001447
9711507,,,2,7,9,2,7,9,32,0.066287,0.078144,0.000083,0.083333,8,0.001205
203099,,,2,33,35,2,33,35,18,0.157283,0.184323,0.00004,0.210924,2,0.001135
112345,,,2,20,22,2,20,22,22,0.136621,0.159751,0,0.227273,2,0.00119
9910442,,,10,14,24,10,14,24,25,0.094891,0.118464,0.000113,0.211957,2,0.00919
105087,,,13,34,47,13,34,47,22,0.129718,0.15632,0.000246,0.188714,2,0.01042
9902429,,,2,10,12,2,10,12,32,0.066933,0.081842,0.000989,0.075758,8,0.001605
9808417,,,1,1,2,1,1,2,36,0.052201,0.057466,0.00012,0,8,0.00064
9806211,,,1,4,5,1,4,5,40,0.044438,0.049446,0.000092,0.3,5,0.00064
9808486,,,5,16,21,5,16,21,31,0.070343,0.084442,0.000581,0.090476,8,0.00516
9805210,,,1,1,2,1,1,2,31,0.068792,0.076875,0.000157,0,10,0.00064
203110,,,1,22,23,1,22,23,22,0.150057,0.185593,0.000081,0.193676,4,0.000568
203113,,,2,20,22,2,20,22,21,0.153816,0.183059,0.000034,0.138528,2,0.00137
9805314,,,5,3,8,5,3,8,34,0.059318,0.069957,0,0.267857,4,0.009216
9804358,,,1,10,11,1,10,11,31,0.071506,0.089035,0.000076,0.063636,6,0.003947
9804308,,,1,5,6,1,5,6,32,0.06627,0.078347,0.000001,0.333333,6,0.003947
203117,,,1,16,17,1,16,17,20,0.170088,0.19813,0.000073,0.158088,2,0.000791
112203,,,4,43,47,4,43,47,19,0.173331,0.204506,0.001121,0.124155,2,0.002403
108158,,,2,45,47,2,45,47,20,0.148058,0.186831,0.000017,0.114709,2,0.001317
9902446,,,3,6,9,3,6,9,29,0.082203,0.103515,0.000162,0.160714,10,0.003343
9808218,,,3,3,6,3,3,6,31,0.072018,0.09021,0.000005,0.3,7,0.002308
9902238,,,5,12,17,5,12,17,30,0.076398,0.093941,0.000206,0.1625,10,0.003674
9902453,,,2,15,17,2,15,17,32,0.069823,0.100746,0.00002,0.073529,9,0.001153
9806288,,,4,12,16,4,12,16,33,0.063487,0.080698,0.000127,0.116667,9,0.008849
9512277,,,5,1,6,5,1,6,45,0.036357,0.038775,0.000004,0.1,9,0.009862
9902457,,,1,3,4,1,3,4,31,0.070771,0.083463,0.000006,0.25,7,0.000726
9810201,,,2,1,3,2,1,3,31,0.068868,0.077154,0,0.5,7,0.001446
9902459,,,1,1,2,1,1,2,30,0.07527,0.088614,0,0.5,8,0.00078
9810387,,,11,3,14,11,3,14,38,0.048712,0.055476,0.000001,0.142857,2,0.049421
9812235,,,4,49,53,4,49,53,26,0.101198,0.135606,0.000864,0.035559,4,0.003453
9902464,,,2,8,10,2,8,10,32,0.067234,0.081747,0.000001,0.3,0,0.001663
9902465,,,2,13,15,2,13,15,25,0.093317,0.113682,0,0.242857,2,0.012892
203138,,,4,13,17,4,13,17,20,0.171724,0.198155,0.000163,0.238971,2,0.003764
106128,,,10,4,14,10,4,14,22,0.117666,0.132928,0.00003,0.142857,2,0.019814
9902468,,,1,12,13,1,12,13,32,0.067883,0.08693,0.000475,0.147436,4,0.000826
9809355,,,2,7,9,2,7,9,33,0.063224,0.077239,0.000001,0.166667,4,0.001148
9809356,,,1,10,11,1,10,11,31,0.072465,0.095319,0.000152,0.127273,4,0.00058
9809357,,,2,12,14,2,12,14,33,0.063288,0.078364,0.000081,0.082418,4,0.001148
9512366,,,6,3,9,6,3,9,43,0.039217,0.042558,0,0.166667,4,0.00372
9809358,,,1,6,7,1,6,7,33,0.063215,0.077143,0,0.357143,4,0.00058
9808244,,,9,12,21,9,12,21,34,0.060297,0.076744,0.000016,0.166667,4,0.016283
9902472,,,1,23,24,1,23,24,25,0.098569,0.118964,0.000082,0.237319,3,0.0026
203147,,,1,12,13,1,12,13,22,0.145232,0.172093,0.000005,0.160256,2,0.000579
9710220,,,3,1,4,3,1,4,43,0.039215,0.042383,0,0,11,0.001834
9809507,,,1,17,18,1,17,18,35,0.057225,0.072187,0.000003,0.186275,11,0.000589
9805206,,,5,6,11,5,6,11,38,0.048732,0.055809,0.000305,0.136364,8,0.003237
203155,,,1,40,41,1,40,41,23,0.124844,0.155643,0.00203,0.060976,8,0.000589
101192,,,4,22,26,4,22,26,30,0.079927,0.113202,0.000188,0.101538,8,0.002622
9611426,,,5,2,7,5,2,7,40,0.044452,0.049537,0.000145,0.119048,8,0.004227
9711245,,,3,2,5,3,2,5,38,0.048459,0.054409,0.00002,0.1,8,0.002244
111267,,,1,14,15,1,14,15,31,0.074694,0.103606,0.000001,0.171429,8,0.000568
201195,,,4,33,37,4,33,37,22,0.132531,0.163067,0.002498,0.119369,8,0.002746
9708270,,,4,1,5,4,1,5,37,0.050871,0.057629,0.000081,0.2,8,0.003476
9808384,,,1,8,9,1,8,9,34,0.059921,0.073385,0,0.305556,5,0.001505
9806234,,,1,3,4,1,3,4,31,0.06936,0.078945,0.000319,0.083333,8,0.001505
9805370,,,4,3,7,4,3,7,34,0.059474,0.070706,0.000004,0.357143,5,0.008174
9805279,,,3,7,10,3,7,10,34,0.059512,0.071295,0,0.477778,5,0.004282
9706356,,,1,6,7,1,6,7,35,0.0563,0.066369,0,0.5,5,0.001505
9711342,,,4,6,10,4,6,10,32,0.066609,0.079318,0.000003,0.255556,4,0.005865
9701370,,,8,3,11,8,3,11,32,0.066448,0.077716,0.000003,0.2,4,0.015548
203161,,,1,30,31,1,30,31,24,0.132088,0.173036,0.001785,0.143011,12,0.001409
9807330,,,6,2,8,6,2,8,35,0.056122,0.064898,0,0.125,5,0.00642
7141,,,1,5,6,1,5,6,32,0.067043,0.082177,0.000001,0.3,8,0.000607
106221,,,2,54,56,2,54,56,24,0.136194,0.18365,0.00041,0.084416,12,0.00125
203168,,,1,3,4,1,3,4,22,0.133909,0.155049,0.000201,0,2,0.000568
203027,,,4,13,17,4,13,17,21,0.149345,0.178098,0.000269,0.136029,2,0.002607
203169,,,2,9,11,2,9,11,21,0.154137,0.181715,0.002269,0.309091,2,0.002423
108117,,,1,34,35,1,34,35,20,0.169257,0.20698,0.002237,0.093277,6,0.000682
9804202,,,7,7,14,7,7,14,34,0.058853,0.067684,0.00014,0.115385,11,0.00513
9709283,,,6,1,7,6,1,7,41,0.042557,0.046864,0.00001,0,11,0.004318
7185,,,10,19,29,10,19,29,26,0.086451,0.103685,0.000116,0.250712,2,0.008426
9804205,,,1,9,10,1,9,10,33,0.063394,0.078602,0,0.277778,0,0.000571
9708402,,,2,8,10,2,8,10,32,0.067087,0.08346,0.000065,0.255556,6,0.001807
9703381,,,4,4,8,4,4,8,35,0.05635,0.065062,0.000001,0.071429,6,0.004256
203188,,,2,21,23,2,21,23,16,0.182757,0.208145,0.001176,0.130435,2,0.001147
202264,,,7,11,18,7,11,18,18,0.165862,0.189838,0.000186,0.143791,2,0.004509
9804213,,,1,2,3,1,2,3,36,0.053242,0.059908,0,0.5,4,0.002942
9804214,,,10,10,20,10,10,20,35,0.057003,0.070141,0.000014,0.163158,0,0.01831
9706408,,,11,7,18,11,7,18,34,0.059103,0.069263,0.000118,0.156863,0,0.02203
9706227,,,10,6,16,10,6,16,33,0.063144,0.076387,0.000032,0.183333,1,0.020118
203192,,,1,16,17,1,16,17,20,0.156323,0.181905,0.000003,0.073529,4,0.000573
105136,,,3,6,9,3,6,9,25,0.1045,0.124936,0.000002,0.152778,4,0.002873
107313,,,5,3,8,5,3,8,24,0.108044,0.131989,0.000058,0.089286,4,0.002903
9509306,,,1,7,8,1,7,8,42,0.040814,0.044755,0.000023,0.178571,9,0.020816
9804221,,,11,7,18,11,7,18,30,0.075354,0.089755,0.000969,0.094771,0,0.007115
9509310,,,1,2,3,1,2,3,28,0.086706,0.104381,0.000079,0,10,0.000571
9707525,,,1,4,5,1,4,5,34,0.060139,0.072503,0.000007,0.15,1,0.005187
9501402,,,5,1,6,5,1,6,41,0.042536,0.046593,0.000003,0.133333,12,0.010487
9610403,,,3,6,9,3,6,9,35,0.055919,0.064034,0.000176,0.222222,6,0.009274
9804232,,,3,1,4,3,1,4,34,0.058861,0.066981,0,0.5,9,0.001877
203209,,,1,5,6,1,5,6,23,0.135387,0.158226,0,0.3,2,0.000629
9804234,,,6,1,7,6,1,7,42,0.040818,0.04448,0.00008,0.190476,8,0.003714
203214,,,4,41,45,4,41,45,18,0.180938,0.212243,0.000136,0.110101,2,0.002585
107161,,,6,15,21,6,15,21,21,0.14129,0.168794,0.000025,0.154762,2,0.006352
110287,,,9,25,34,9,25,34,22,0.139291,0.169555,0.000125,0.14082,2,0.008917
111203,,,5,18,23,5,18,23,22,0.137578,0.165662,0.000001,0.22332,2,0.003701
110166,,,6,45,51,6,45,51,21,0.147006,0.18162,0.00014,0.096471,2,0.00556
9804240,,,4,10,14,4,10,14,36,0.053305,0.06171,0.000676,0.065934,8,0.006815
9712261,,,2,6,8,2,6,8,41,0.042591,0.047428,0.000181,0.089286,8,0.001884
9701374,,,7,4,11,7,4,11,39,0.046505,0.052422,0.000061,0.181818,8,0.010179
9712450,,,1,2,3,1,2,3,34,0.059817,0.07122,0.000003,0.166667,6,0.000689
9709501,,,1,2,3,1,2,3,33,0.062743,0.073735,0,0.333333,6,0.000689
9804248,,,2,6,8,2,6,8,32,0.067838,0.088001,0.000055,0.125,1,0.001262
9804249,,,4,6,10,4,6,10,33,0.063297,0.076726,0.000001,0.311111,1,0.002692
203233,,,4,5,9,4,5,9,22,0.138512,0.1641,0.000047,0.166667,2,0.002341
9804258,,,4,11,15,4,11,15,33,0.065034,0.090612,0.000111,0.190476,4,0.003477
9707467,,,15,12,27,15,12,27,34,0.060479,0.077254,0.001893,0.082621,4,0.017907
203237,,,5,40,45,5,40,45,16,0.201089,0.228383,0.001461,0.092424,2,0.002916
202262,,,2,18,20,2,18,20,16,0.180678,0.204327,0.000096,0.152632,2,0.001358
201250,,,1,12,13,1,12,13,22,0.140428,0.168897,0.000001,0.185897,2,0.000791
203189,,,1,13,14,1,13,14,19,0.153861,0.177901,0.000657,0.126374,2,0.000791
203198,,,6,46,52,6,46,52,18,0.18952,0.221742,0.00314,0.092941,2,0.003777
9804266,,,1,13,14,1,13,14,31,0.071708,0.090506,0.000001,0.159341,1,0.002416
9804267,,,3,1,4,3,1,4,33,0.061835,0.069408,0,0.333333,2,0.003723
9804268,,,4,1,5,4,1,5,36,0.053791,0.062626,0.000239,0.1,7,0.002712
9804271,,,1,13,14,1,13,14,29,0.081346,0.099634,0.000002,0.104396,10,0.000747
9611331,,,9,2,11,9,2,11,29,0.081025,0.096972,0.000237,0.1,10,0.013038
9706543,,,4,3,7,4,3,7,35,0.056799,0.066887,0.000021,0.071429,12,0.003767
9709437,,,2,12,14,2,12,14,28,0.087101,0.10665,0.000324,0.142857,13,0.002091
9609463,,,13,3,16,13,3,16,40,0.044466,0.049928,0.000075,0.05,6,0.024538
9804279,,,2,6,8,2,6,8,32,0.06763,0.087731,0.000003,0.232143,4,0.001554
9804280,,,1,11,12,1,11,12,32,0.066857,0.080852,0.000037,0.30303,0,0.002361
9709418,,,2,1,3,2,1,3,33,0.062374,0.071657,0.000078,0.166667,0,0.001288
203261,,,2,14,16,2,14,16,18,0.178086,0.202175,0.00033,0.1375,2,0.001147
201258,,,2,3,5,2,3,5,22,0.129095,0.145961,0,0.3,2,0.001193
9804287,,,1,5,6,1,5,6,33,0.06342,0.07789,0.000008,0.1,11,0.000613
9709411,,,3,2,5,3,2,5,32,0.06651,0.078089,0.000091,0.1,7,0.003553
9801406,,,7,7,14,7,7,14,31,0.072299,0.094877,0.000018,0.175824,7,0.011387
9707441,,,3,11,14,3,11,14,35,0.056145,0.06527,0.000027,0.115385,8,0.002718
9707349,,,1,5,6,1,5,6,34,0.059372,0.069521,0.000128,0.2,11,0.001206
203273,,,1,11,12,1,11,12,23,0.130872,0.152453,0.000004,0.295455,2,0.000589
111131,,,5,13,18,5,13,18,23,0.119611,0.141636,0.000002,0.341912,2,0.003153
106210,,,2,1,3,2,1,3,23,0.114833,0.131395,0,0.166667,2,0.001267
9709495,,,3,6,9,3,6,9,34,0.060156,0.07299,0.000009,0.152778,1,0.008889
9804302,,,2,6,8,2,6,8,31,0.070374,0.082967,0.000002,0.053571,8,0.001254
9707250,,,4,5,9,4,5,9,30,0.074408,0.086475,0.000249,0.166667,8,0.003733
9708262,,,5,4,9,5,4,9,30,0.074864,0.088043,0.000218,0.069444,8,0.0032
9804304,,,3,1,4,3,1,4,30,0.074061,0.084867,0,0.5,10,0.001856
9804305,,,2,9,11,2,9,11,32,0.067485,0.084457,0.000014,0.136364,2,0.004594
9804311,,,1,1,2,1,1,2,34,0.059375,0.068949,0.000109,0,4,0.000578
9706527,,,2,2,4,2,2,4,33,0.063119,0.0755,0.000124,0.083333,4,0.002492
9707416,,,3,3,6,3,3,6,32,0.066649,0.079613,0.000442,0.1,7,0.005533
9701372,,,5,2,7,5,2,7,33,0.062548,0.073135,0.000216,0.02381,6,0.00378
9712404,,,3,9,12,3,9,12,32,0.067268,0.083462,0.000147,0.113636,8,0.004318
9804330,,,4,5,9,4,5,9,31,0.0727,0.099352,0.000034,0.125,7,0.008512
105004,,,1,31,32,1,31,32,20,0.155371,0.194101,0.000002,0.144153,6,0.000809
9711288,,,9,7,16,9,7,16,35,0.057077,0.070032,0.000184,0.05,2,0.016233
105008,,,8,54,62,8,54,62,26,0.110722,0.150401,0.000265,0.109201,1,0.005346
11379,,,4,13,17,4,13,17,28,0.085328,0.103001,0.000073,0.3125,13,0.002795
9804338,,,2,7,9,2,7,9,30,0.074987,0.087751,0.00003,0.138889,0,0.001251
9801314,,,2,3,5,2,3,5,31,0.068796,0.077013,0,0.3,0,0.001311
105011,,,5,74,79,5,74,79,21,0.153053,0.197632,0.001867,0.082928,7,0.003241
10008,,,7,49,56,7,49,56,24,0.12921,0.173453,0.004639,0.108117,7,0.005724
10181,,,3,32,35,3,32,35,24,0.126596,0.164661,0.000054,0.230252,7,0.003067
10073,,,1,5,6,1,5,6,25,0.111231,0.139445,0,0.333333,7,0.000805
105014,,,1,62,63,1,62,63,20,0.171036,0.216698,0.000009,0.208653,6,0.000709
9711399,,,1,15,16,1,15,16,32,0.067803,0.088864,0.00003,0.083333,5,0.000997
9708204,,,2,11,13,2,11,13,31,0.070702,0.084361,0.000082,0.185897,5,0.001584
9709430,,,3,7,10,3,7,10,30,0.075824,0.090924,0.00008,0.211111,12,0.004513
105017,,,1,5,6,1,5,6,23,0.110008,0.127906,0.000079,0.1,7,0.000573
103321,,,1,8,9,1,8,9,23,0.118916,0.141605,0.000047,0.083333,7,0.000568
9904311,,,3,4,7,3,4,7,25,0.101327,0.120816,0.000034,0.214286,7,0.002293
9708478,,,3,2,5,3,2,5,35,0.056758,0.066505,0.000166,0,12,0.002816
105021,,,2,14,16,2,14,16,24,0.116129,0.142219,0.000296,0.129167,3,0.001463
12213,,,1,12,13,1,12,13,26,0.092865,0.117462,0.000005,0.365385,3,0.000638
12379,,,2,4,6,2,4,6,25,0.093022,0.109784,0.000001,0.1,3,0.001691
111233,,,1,6,7,1,6,7,22,0.121597,0.141142,0.000048,0.333333,2,0.000579
9709240,,,5,6,11,5,6,11,39,0.046549,0.053063,0.000081,0.145455,11,0.004731
105026,,,1,1,2,1,1,2,30,0.075086,0.088882,0,0,6,0.000693
9804356,,,3,1,4,3,1,4,42,0.040808,0.044381,0.000002,0.083333,8,0.002032
105030,,,1,9,10,1,9,10,31,0.072854,0.094828,0.000001,0.2,8,0.000677
9804362,,,2,2,4,2,2,4,40,0.044433,0.049474,0.00004,0.083333,11,0.001802
9602335,,,8,2,10,8,2,10,32,0.06513,0.072785,0.000027,0.077778,7,0.027887
9804366,,,1,2,3,1,2,3,32,0.065696,0.075689,0.000169,0.166667,5,0.000708
105039,,,1,18,19,1,18,19,32,0.067123,0.083156,0.000081,0.114035,8,0.000632
9807527,,,7,4,11,7,4,11,38,0.048762,0.05601,0,0.209091,8,0.005205
9806371,,,7,8,15,7,8,15,34,0.059406,0.069931,0.000107,0.152381,8,0.006026
9912469,,,1,7,8,1,7,8,33,0.063441,0.077883,0.000002,0.214286,8,0.000571
9804368,,,1,1,2,1,1,2,33,0.062413,0.071825,0,0,7,0.000569
105041,,,1,41,42,1,41,42,25,0.110959,0.148045,0.000292,0.189315,5,0.000908
10002,,,2,27,29,2,27,29,33,0.06542,0.088279,0.000154,0.30665,5,0.001266
9906338,,,5,20,25,5,20,25,32,0.068332,0.090291,0.000518,0.258333,5,0.004639
8108,,,1,16,17,1,16,17,31,0.074971,0.105092,0.000171,0.128676,8,0.000584
105043,,,1,1,2,1,1,2,30,0.075393,0.089619,0.000632,0,10,0.000568
9341,,,1,10,11,1,10,11,29,0.08153,0.101188,0.000632,0.063636,10,0.000568
9804373,,,1,8,9,1,8,9,31,0.07129,0.087849,0.000006,0.208333,11,0.000568
9712256,,,3,7,10,3,7,10,31,0.070464,0.083821,0.000022,0.1,11,0.002171
9711224,,,10,12,22,10,12,22,33,0.063526,0.080457,0.000524,0.093074,11,0.009858
9712299,,,6,5,11,6,5,11,30,0.075062,0.089192,0.000654,0.1,11,0.004702
105046,,,1,15,16,1,15,16,26,0.098328,0.120137,0.000004,0.175,8,0.000682
9911381,,,4,11,15,4,11,15,30,0.077367,0.100626,0.000011,0.27619,8,0.002857
9804375,,,2,1,3,2,1,3,33,0.06202,0.070526,0.000158,0.166667,12,0.001193
9804378,,,1,1,2,1,1,2,34,0.059317,0.069955,0,0.5,4,0.000671
9804380,,,7,16,23,7,16,23,32,0.067781,0.088529,0.000159,0.124506,9,0.013361
105053,,,3,21,24,3,21,24,22,0.140172,0.174349,0.003146,0.096014,6,0.001778
9909397,,,3,16,19,3,16,19,22,0.129509,0.15433,0.000165,0.119883,6,0.00442
9804382,,,1,5,6,1,5,6,29,0.079817,0.093447,0.000088,0.133333,10,0.00081
105055,,,1,9,10,1,9,10,22,0.132422,0.156188,0.000223,0.177778,2,0.000586
8164,,,1,10,11,1,10,11,25,0.105703,0.132174,0.000017,0.136364,2,0.000568
9804389,,,4,11,15,4,11,15,32,0.067448,0.084764,0.000348,0.038095,4,0.004541
9611360,,,1,1,2,1,1,2,41,0.042557,0.04683,0.000022,0,4,0.000824
9612410,,,2,1,3,2,1,3,34,0.058753,0.066341,0,0.166667,4,0.002488
9610366,,,2,9,11,2,9,11,34,0.058841,0.067502,0.000099,0.109091,11,0.001562
9804390,,,2,2,4,2,2,4,31,0.070721,0.083556,0.000001,0.333333,7,0.004058
105063,,,1,13,14,1,13,14,28,0.094899,0.120971,0.000874,0.21978,12,0.000573
9712243,,,1,19,20,1,19,20,31,0.071363,0.09001,0,0.181579,7,0.000782
9804394,,,1,3,4,1,3,4,31,0.069942,0.080681,0,0.25,8,0.000574
105067,,,5,7,12,5,7,12,24,0.107213,0.126092,0.000003,0.219697,3,0.004956
105069,,,1,3,4,1,3,4,25,0.107102,0.128674,0.000001,0.25,6,0.000574
9158,,,4,10,14,4,10,14,25,0.103876,0.12653,0.000048,0.06044,6,0.002471
9804399,,,3,4,7,3,4,7,29,0.081787,0.100237,0.000045,0.309524,10,0.002552
9804402,,,1,6,7,1,6,7,32,0.067049,0.081934,0.00042,0.047619,2,0.000725
9710293,,,3,2,5,3,2,5,31,0.069355,0.079109,0.000223,0,8,0.002031
9712421,,,1,4,5,1,4,5,31,0.071628,0.089743,0.000183,0.1,5,0.000575
106123,,,3,4,7,3,4,7,22,0.12894,0.150437,0.000042,0.285714,3,0.00257
107027,,,1,2,3,1,2,3,31,0.070139,0.089083,0,0.166667,0,0.00086
9707248,,,2,4,6,2,4,6,33,0.063082,0.076789,0.000106,0.233333,1,0.001815
105294,,,5,15,20,5,15,20,25,0.102541,0.130598,0.000013,0.128947,2,0.005998
9710230,,,1,3,4,1,3,4,34,0.059047,0.068274,0,0.166667,4,0.000798
9804410,,,5,2,7,5,2,7,34,0.059276,0.068618,0.000157,0.142857,8,0.004323
9706502,,,8,2,10,8,2,10,36,0.053594,0.062014,0.000238,0.055556,8,0.008512
9804417,,,1,3,4,1,3,4,32,0.067815,0.088777,0.000007,0.25,10,0.000571
9709278,,,2,3,5,2,3,5,41,0.042578,0.04713,0.000157,0.25,10,0.001139
105090,,,1,9,10,1,9,10,21,0.138304,0.164826,0.000021,0.244444,3,0.000571
9804420,,,8,9,17,8,9,17,30,0.077336,0.100426,0.000372,0.132353,4,0.009773
9708497,,,13,3,16,13,3,16,34,0.059562,0.071454,0.000077,0.141667,4,0.026452
9802351,,,5,5,10,5,5,10,30,0.076104,0.092799,0.001553,0.111111,4,0.024265
105096,,,2,15,17,2,15,17,23,0.120742,0.14515,0.000226,0.308824,6,0.001211
9711358,,,10,3,13,10,3,13,37,0.050955,0.057809,0.000429,0.044872,2,0.025047
9804431,,,4,3,7,4,3,7,35,0.056007,0.063819,0.000221,0.214286,8,0.004594
9804432,,,4,1,5,4,1,5,41,0.042554,0.04674,0,0.3,8,0.002865
9809553,,,3,13,16,3,13,16,31,0.07227,0.094396,0.000242,0.158333,1,0.001854
9804443,,,1,6,7,1,6,7,34,0.058025,0.064693,0.00004,0.071429,8,0.000986
9804446,,,3,11,14,3,11,14,33,0.064148,0.08122,0.000541,0.186813,4,0.036282
9706451,,,2,2,4,2,2,4,35,0.056848,0.067496,0.000077,0,5,0.003811
105119,,,1,13,14,1,13,14,22,0.121319,0.145155,0.000005,0.126374,2,0.000638
105120,,,1,6,7,1,6,7,21,0.13252,0.156568,0.001027,0.142857,11,0.000574
9262,,,1,6,7,1,6,7,31,0.071419,0.087085,0.000003,0.190476,6,0.000568
9804450,,,6,14,20,6,14,20,31,0.071734,0.092171,0.000073,0.326316,4,0.005149
105123,,,1,5,6,1,5,6,27,0.094784,0.112054,0.000172,0.2,10,0.000683
107127,,,3,12,15,3,12,15,26,0.103259,0.126556,0.00079,0.065934,10,0.00183
105124,,,2,38,40,2,38,40,20,0.149403,0.18456,0.000225,0.077564,2,0.001403
105129,,,3,9,12,3,9,12,23,0.123556,0.147929,0.000001,0.242424,6,0.001706
9710467,,,1,4,5,1,4,5,34,0.058702,0.066556,0.000005,0.15,4,0.000945
9707285,,,2,1,3,2,1,3,32,0.065191,0.072913,0.000012,0,13,0.001513
9708249,,,1,4,5,1,4,5,29,0.080971,0.098051,0.00015,0.1,6,0.000945
9712538,,,2,6,8,2,6,8,30,0.07501,0.089027,0.000002,0.107143,6,0.001593
9804461,,,1,8,9,1,8,9,30,0.075128,0.089529,0.000001,0.222222,8,0.000574
9804463,,,1,7,8,1,7,8,35,0.055072,0.061775,0.00012,0,8,0.000571
9507367,,,5,3,8,5,3,8,39,0.046491,0.05222,0.001356,0.071429,8,0.00666
9804466,,,1,6,7,1,6,7,30,0.074197,0.085496,0.000001,0.190476,0,0.000576
105140,,,1,16,17,1,16,17,23,0.104124,0.133355,0.000079,0.125,2,0.000573
9610441,,,1,3,4,1,3,4,42,0.040822,0.044671,0,0.25,4,0.000568
9512426,,,3,1,4,3,1,4,43,0.039217,0.042463,0,0.333333,4,0.001762
9612365,,,2,3,5,2,3,5,41,0.042575,0.04729,0.000158,0.15,4,0.001971
9609359,,,2,4,6,2,4,6,42,0.040827,0.044817,0.000079,0.1,4,0.001224
3007,,,5,14,19,5,14,19,23,0.101115,0.127389,0.000133,0.078431,2,0.00512
103094,,,1,4,5,1,4,5,25,0.103432,0.120305,0.000087,0.1,7,0.000568
11155,,,1,7,8,1,7,8,32,0.068484,0.087749,0.000012,0.178571,8,0.000568
9906219,,,1,3,4,1,3,4,33,0.062839,0.074632,0.000013,0.083333,1,0.000838
9812532,,,3,1,4,3,1,4,35,0.055963,0.063397,0,0.333333,8,0.002176
12108,,,2,29,31,2,29,31,26,0.099283,0.125255,0.001506,0.158065,8,0.001521
10074,,,1,5,6,1,5,6,25,0.112637,0.142221,0.000343,0,7,0.000838
8295,,,1,19,20,1,19,20,31,0.072955,0.095496,0.000575,0.181579,8,0.000838
9150,,,3,12,15,3,12,15,31,0.077395,0.102746,0.000421,0.257143,12,0.002412
9808462,,,5,3,8,5,3,8,34,0.059953,0.072832,0.000005,0.267857,8,0.004363
9812383,,,3,46,49,3,46,49,31,0.074316,0.106592,0.000257,0.04344,8,0.002244
101325,,,1,5,6,1,5,6,32,0.068591,0.088182,0.000004,0.166667,8,0.000838
9910485,,,2,4,6,2,4,6,32,0.067151,0.081828,0.000079,0.266667,8,0.001587
8186,,,1,17,18,1,17,18,31,0.072976,0.093754,0.000578,0.107843,8,0.000838
8024,,,1,14,15,1,14,15,24,0.108958,0.137252,0.00002,0.261905,2,0.001049
9906530,,,4,7,11,4,7,11,33,0.064659,0.083309,0.000002,0.209091,2,0.00492
105160,,,3,26,29,3,26,29,21,0.151483,0.184168,0.000135,0.183498,7,0.00231
105163,,,1,15,16,1,15,16,23,0.131769,0.160046,0.000002,0.229167,2,0.000649
105089,,,4,23,27,4,23,27,23,0.137382,0.169682,0.000142,0.166667,2,0.002983
7076,,,4,9,13,4,9,13,24,0.09822,0.124277,0.000004,0.166667,2,0.002678
7281,,,8,8,16,8,8,16,24,0.103096,0.13175,0.000126,0.22381,2,0.006998
7283,,,4,14,18,4,14,18,24,0.105906,0.137855,0.000052,0.209559,2,0.003028
12153,,,2,16,18,2,16,18,22,0.128193,0.152293,0.000027,0.22549,2,0.001337
9804238,,,1,2,3,1,2,3,31,0.070024,0.080705,0.000012,0,7,0.001114
105174,,,1,28,29,1,28,29,24,0.121708,0.153367,0.000009,0.119458,8,0.000627
9912484,,,4,6,10,4,6,10,32,0.068439,0.090433,0.000056,0.188889,12,0.00402
105178,,,1,36,37,1,36,37,24,0.109039,0.130695,0.000242,0.065315,6,0.000572
9904488,,,4,10,14,4,10,14,32,0.068762,0.088938,0.000018,0.142857,6,0.002949
9612294,,,5,2,7,5,2,7,43,0.039215,0.042453,0.000005,0.309524,6,0.004227
9903247,,,2,3,5,2,3,5,33,0.063995,0.080575,0.000002,0.3,6,0.00157
9604243,,,7,1,8,7,1,8,43,0.039212,0.042377,0.000079,0.267857,6,0.005312
9904412,,,1,2,3,1,2,3,34,0.059187,0.069021,0,0.5,11,0.000568
9905330,,,3,17,20,3,17,20,31,0.073225,0.098637,0.000018,0.152632,6,0.001931
9609518,,,6,3,9,6,3,9,42,0.040837,0.045063,0.000034,0.152778,6,0.007309
9912504,,,1,14,15,1,14,15,23,0.116501,0.134059,0.000049,0.161905,4,0.000568
9910461,,,4,7,11,4,7,11,36,0.05261,0.058337,0.000001,0.172727,6,0.002363
9810303,,,1,3,4,1,3,4,33,0.06384,0.080165,0,0.333333,6,0.000568
9706203,,,6,11,17,6,11,17,33,0.062858,0.075617,0.000077,0.253676,9,0.008455
9706210,,,7,2,9,7,2,9,34,0.059324,0.068888,0.000096,0.180556,11,0.007192
9609217,,,5,1,6,5,1,6,40,0.044442,0.049443,0.00004,0.133333,8,0.005668
9706215,,,1,2,3,1,2,3,40,0.044451,0.04958,0,0.333333,12,0.001684
9705466,,,6,3,9,6,3,9,39,0.046512,0.052534,0.000429,0.111111,12,0.011036
9706217,,,1,12,13,1,12,13,34,0.060198,0.073461,0,0.185897,12,0.000814
105252,,,2,3,5,2,3,5,22,0.132534,0.154833,0.000092,0.166667,7,0.001422
9808229,,,4,3,7,4,3,7,32,0.066759,0.079914,0.000027,0.119048,8,0.007604
9706220,,,3,22,25,3,22,25,33,0.062906,0.076522,0.000058,0.223333,9,0.004401
9612276,,,1,4,5,1,4,5,32,0.067115,0.081384,0.000002,0.1,7,0.000958
105200,,,3,56,59,3,56,59,20,0.179047,0.226827,0.000291,0.08533,7,0.001979
8210,,,2,21,23,2,21,23,23,0.127453,0.159768,0.000151,0.094862,7,0.002
9706225,,,7,2,9,7,2,9,34,0.059811,0.072198,0.000094,0.138889,11,0.006565
9706228,,,9,1,10,9,1,10,37,0.050863,0.056922,0.00057,0.077778,2,0.029896
105205,,,1,28,29,1,28,29,25,0.108583,0.134777,0.000609,0.213054,8,0.000595
9704384,,,4,8,12,4,8,12,30,0.074508,0.087192,0.000758,0.143939,6,0.004095
9706233,,,3,1,4,3,1,4,42,0.040843,0.044678,0.000001,0.083333,8,0.003387
8179,,,2,6,8,2,6,8,23,0.111409,0.147323,0.001271,0.178571,2,0.001654
105213,,,1,9,10,1,9,10,21,0.146233,0.176631,0.000053,0.111111,7,0.000636
9711412,,,2,1,3,2,1,3,32,0.064366,0.070891,0.000014,0.166667,7,0.002293
105217,,,2,19,21,2,19,21,25,0.109704,0.137943,0.000185,0.161905,1,0.001196
7054,,,2,24,26,2,24,26,24,0.111802,0.136966,0.00001,0.184615,1,0.001251
12183,,,1,4,5,1,4,5,25,0.103576,0.122538,0,0.4,1,0.000625
9609509,,,1,1,2,1,1,2,47,0.033905,0.035988,0,0.5,2,0.005872
105222,,,3,10,13,3,10,13,27,0.099914,0.126719,0.000005,0.121795,12,0.00183
105230,,,2,2,4,2,2,4,35,0.056242,0.064483,0.000003,0.083333,11,0.001254
9809530,,,2,4,6,2,4,6,34,0.059568,0.069721,0.000088,0.133333,11,0.001309
105233,,,1,50,51,1,50,51,20,0.156262,0.197456,0.000036,0.07451,6,0.00057
6183,,,5,4,9,5,4,9,30,0.077556,0.097238,0,0.222222,6,0.004677
9706258,,,3,3,6,3,3,6,34,0.059985,0.071037,0.000043,0.133333,13,0.001871
107280,,,1,8,9,1,8,9,32,0.067801,0.085538,0,0.263889,0,0.000573
9609262,,,3,1,4,3,1,4,42,0.040823,0.0446,0.000002,0.166667,7,0.01227
9610230,,,7,6,13,7,6,13,30,0.076274,0.092457,0.000186,0.192308,7,0.028311
203181,,,3,5,8,3,5,8,24,0.112295,0.128066,0.000026,0.333333,2,0.001882
204111,,,3,14,17,3,14,17,23,0.122102,0.142823,0.000054,0.1,2,0.001882
108018,,,2,8,10,2,8,10,23,0.118408,0.135674,0.000023,0.122222,2,0.001312
9706267,,,7,4,11,7,4,11,34,0.059297,0.068984,0.000217,0.127273,5,0.010717
9706268,,,11,10,21,11,10,21,33,0.06322,0.077185,0.000433,0.218421,4,0.030375
9707536,,,8,11,19,8,11,19,34,0.059543,0.071731,0.000189,0.232026,4,0.0116
9706269,,,5,1,6,5,1,6,42,0.040842,0.044677,0.000071,0.133333,8,0.005751
105250,,,1,7,8,1,7,8,27,0.087996,0.10422,0.000236,0.214286,3,0.000571
9704329,,,5,3,8,5,3,8,32,0.066447,0.0777,0.000003,0.303571,4,0.013275
4244,,,2,3,5,2,3,5,25,0.101239,0.12272,0.000044,0.05,7,0.001326
105254,,,2,18,20,2,18,20,21,0.148369,0.187033,0.000243,0.057895,7,0.001193
9907361,,,2,6,8,2,6,8,31,0.072612,0.093987,0.000275,0.125,7,0.001405
11376,,,3,1,4,3,1,4,45,0.036368,0.038858,0.000001,0.083333,3,0.001876
9706280,,,1,3,4,1,3,4,35,0.055544,0.062524,0,0.25,2,0.000889
105258,,,1,1,2,1,1,2,30,0.078282,0.10023,0.000005,0,10,0.000568
9706288,,,8,24,32,8,24,32,32,0.067001,0.083744,0.000095,0.323589,9,0.012312
9706292,,,1,2,3,1,2,3,34,0.059278,0.068619,0.000001,0.166667,11,0.000568
9706300,,,11,2,13,11,2,13,42,0.040806,0.044428,0.000019,0.160256,2,0.032119
105278,,,2,11,13,2,11,13,21,0.134303,0.157509,0.000001,0.064103,2,0.00133
12085,,,3,29,32,3,29,32,23,0.123809,0.154891,0.000002,0.19254,7,0.001969
9706305,,,2,5,7,2,5,7,31,0.069803,0.080027,0.000024,0.238095,0,0.004861
9609373,,,4,2,6,4,2,6,43,0.039215,0.042493,0.000165,0.166667,6,0.011602
9706308,,,1,1,2,1,1,2,41,0.04257,0.046978,0,0.5,10,0.000623
9706310,,,1,9,10,1,9,10,33,0.062914,0.074621,0.000079,0.122222,1,0.000697
105288,,,5,38,43,5,38,43,22,0.147846,0.183219,0.021653,0.117886,3,0.003705
105027,,,3,21,24,3,21,24,21,0.129253,0.15774,0.002205,0.096014,2,0.003227
105186,,,1,13,14,1,13,14,24,0.11844,0.153858,0.000014,0.384615,3,0.000825
9705471,,,4,3,7,4,3,7,35,0.056368,0.065162,0.0002,0.166667,6,0.013299
105293,,,1,19,20,1,19,20,23,0.120068,0.146103,0.000084,0.184211,2,0.000699
8134,,,1,22,23,1,22,23,24,0.10543,0.135146,0.000001,0.225296,2,0.000574
9706319,,,1,10,11,1,10,11,30,0.074591,0.08775,0.00001,0.036364,1,0.000904
105296,,,2,6,8,2,6,8,27,0.092726,0.115608,0.000003,0.107143,10,0.001135
8064,,,5,4,9,5,4,9,31,0.073005,0.094892,0.000135,0.027778,8,0.003317
105197,,,4,3,7,4,3,7,26,0.100465,0.129551,0.000179,0.190476,8,0.00244
9706322,,,1,3,4,1,3,4,32,0.067098,0.081283,0,0.166667,7,0.003969
9706323,,,3,2,5,3,2,5,34,0.059642,0.069904,0.000144,0.2,5,0.002176
105306,,,1,55,56,1,55,56,20,0.173772,0.222162,0.000552,0.070779,7,0.000626
10222,,,7,3,10,7,3,10,26,0.094857,0.110609,0.000161,0.144444,7,0.008752
105287,,,1,9,10,1,9,10,22,0.126802,0.154477,0.000161,0.077778,2,0.00057
105073,,,1,4,5,1,4,5,21,0.134077,0.158972,0.000222,0.1,7,0.000681
9909302,,,1,2,3,1,2,3,34,0.060978,0.076471,0,0.5,4,0.001066
9902475,,,4,17,21,4,17,21,33,0.064929,0.086295,0.000131,0.064286,4,0.003825
9706341,,,2,10,12,2,10,12,35,0.056618,0.067402,0.000351,0.083333,8,0.002814
7015,,,2,1,3,2,1,3,36,0.05353,0.061431,0,0.5,0,0.001202
11308,,,2,3,5,2,3,5,35,0.056557,0.066574,0.000315,0.083333,0,0.001202
7016,,,4,51,55,4,51,55,22,0.120278,0.163789,0.000141,0.106734,9,0.003221
9712277,,,17,32,49,17,32,49,35,0.056065,0.068189,0.000483,0.096088,9,0.046428
6235,,,8,69,77,8,69,77,23,0.118809,0.159018,0.000311,0.074846,2,0.011044
7017,,,1,22,23,1,22,23,24,0.117666,0.144853,0,0.201581,7,0.000978
9908268,,,8,3,11,8,3,11,31,0.072006,0.09063,0,0.281818,7,0.015034
11141,,,8,10,18,8,10,18,21,0.141494,0.171663,0.000613,0.169118,2,0.008099
12118,,,4,13,17,4,13,17,22,0.139106,0.169953,0.000083,0.1625,4,0.003384
105324,,,1,7,8,1,7,8,27,0.097761,0.121927,0.000481,0.303571,8,0.000642
10082,,,1,9,10,1,9,10,27,0.091916,0.113297,0.000009,0.211111,8,0.000571
104198,,,3,17,20,3,17,20,26,0.106262,0.134793,0.001501,0.260234,8,0.001895
105325,,,1,21,22,1,21,22,23,0.127097,0.155943,0.000561,0.093074,6,0.000568
9611265,,,5,4,9,5,4,9,40,0.044476,0.050021,0.000001,0.111111,5,0.00358
12351,,,2,10,12,2,10,12,24,0.106888,0.124733,0.000001,0.227273,6,0.001141
105326,,,1,26,27,1,26,27,24,0.10159,0.132367,0.000003,0.333333,3,0.00076
9712379,,,4,1,5,4,1,5,43,0.039215,0.042366,0.000158,0.15,5,0.002621
9706351,,,2,14,16,2,14,16,31,0.070357,0.08382,0.000042,0.045833,8,0.001321
9703384,,,2,1,3,2,1,3,30,0.073911,0.084228,0.000121,0,8,0.00152
9706354,,,7,5,12,7,5,12,41,0.042581,0.047284,0.000002,0.25,8,0.007295
7029,,,1,2,3,1,2,3,25,0.097407,0.118348,0.000079,0.166667,2,0.000568
9706361,,,1,1,2,1,1,2,42,0.040807,0.044351,0.000079,0,10,0.000571
105338,,,1,9,10,1,9,10,30,0.068268,0.087736,0.000395,0.122222,12,0.000568
9706367,,,2,4,6,2,4,6,29,0.080051,0.094084,0.000001,0.166667,10,0.002335
7041,,,6,52,58,6,52,58,22,0.126504,0.170244,0.000277,0.140653,9,0.00546
203243,,,1,16,17,1,16,17,22,0.145139,0.171258,0.000166,0.275735,6,0.000722
106084,,,7,7,14,7,7,14,23,0.12597,0.144398,0.000001,0.274725,6,0.007956
106034,,,5,31,36,5,31,36,25,0.113518,0.143602,0.001188,0.094444,10,0.004962
201297,,,5,13,18,5,13,18,22,0.147951,0.177648,0.010314,0.316993,6,0.003063
106130,,,6,3,9,6,3,9,34,0.06077,0.076372,0,0.361111,6,0.008122
105348,,,1,12,13,1,12,13,24,0.117377,0.138735,0.000004,0.147436,0,0.000574
105349,,,2,22,24,2,22,24,24,0.115507,0.144806,0.000107,0.054348,6,0.001202
7053,,,4,1,5,4,1,5,35,0.05644,0.065997,0.000004,0.1,6,0.002983
9806451,,,5,2,7,5,2,7,37,0.051064,0.058246,0.000006,0.190476,6,0.004669
8308,,,7,14,21,7,14,21,24,0.115092,0.140922,0.001457,0.181579,6,0.004691
9706374,,,2,8,10,2,8,10,31,0.07005,0.08213,0.000068,0.166667,1,0.001878
7048,,,4,9,13,4,9,13,25,0.099075,0.125229,0.000001,0.288462,3,0.002533
7050,,,1,8,9,1,8,9,31,0.071404,0.089207,0,0.208333,8,0.000568
9911506,,,2,3,5,2,3,5,32,0.066776,0.079924,0.000001,0.3,8,0.001313
7051,,,2,4,6,2,4,6,35,0.056354,0.065972,0.000075,0.133333,11,0.001144
9904500,,,4,7,11,4,7,11,35,0.056121,0.065162,0.000079,0.109091,11,0.00267
9706380,,,3,1,4,3,1,4,32,0.066471,0.077596,0,0.333333,7,0.007054
9907323,,,1,11,12,1,11,12,29,0.080951,0.098762,0.000242,0.143939,10,0.000787
9903285,,,4,3,7,4,3,7,29,0.079916,0.094133,0.00022,0.166667,10,0.002511
9706386,,,2,7,9,2,7,9,29,0.080385,0.09614,0.003179,0.041667,1,0.002784
7059,,,1,11,12,1,11,12,26,0.098131,0.121142,0.000082,0.106061,7,0.000585
9901266,,,5,7,12,5,7,12,33,0.064306,0.081999,0.000029,0.227273,7,0.003322
9809262,,,5,11,16,5,11,16,31,0.072959,0.100875,0.000173,0.070833,7,0.003683
9812313,,,2,12,14,2,12,14,31,0.072785,0.097777,0.000002,0.087912,7,0.001196
7061,,,3,10,13,3,10,13,25,0.109736,0.135067,0.000002,0.262821,7,0.005653
7063,,,1,6,7,1,6,7,24,0.11386,0.140336,0.000018,0.357143,7,0.000641
9908399,,,2,23,25,2,23,25,25,0.105569,0.13142,0.000083,0.093333,7,0.001147
9706392,,,1,8,9,1,8,9,35,0.056813,0.067613,0.000588,0.236111,11,0.002542
7065,,,9,7,16,9,7,16,24,0.093187,0.110207,0.00001,0.079167,2,0.008756
9904320,,,9,10,19,9,10,19,31,0.071575,0.089314,0.000288,0.096491,8,0.007512
9706400,,,2,1,3,2,1,3,40,0.044441,0.049425,0.000011,0,13,0.002538
9706402,,,2,1,3,2,1,3,41,0.042537,0.04659,0,0.333333,7,0.001604
7075,,,1,7,8,1,7,8,32,0.067471,0.083055,0.000001,0.107143,7,0.000623
9707369,,,4,1,5,4,1,5,33,0.062141,0.070911,0.000078,0.05,7,0.005781
9706406,,,5,3,8,5,3,8,31,0.069014,0.077839,0.001261,0.017857,11,0.005818
7080,,,2,19,21,2,19,21,26,0.101454,0.130713,0.000002,0.207143,7,0.001863
9806472,,,10,3,13,10,3,13,31,0.069943,0.080435,0.000059,0.134615,10,0.010048
9905352,,,2,3,5,2,3,5,38,0.048666,0.056179,0.000002,0.15,8,0.001194
9904271,,,5,39,44,5,39,44,29,0.084819,0.118998,0.000763,0.067653,7,0.007286
7086,,,1,26,27,1,26,27,23,0.130843,0.170524,0.001989,0.051282,5,0.000625
7046,,,1,35,36,1,35,36,23,0.126815,0.158315,0.000372,0.078571,11,0.00057
7058,,,1,14,15,1,14,15,24,0.113886,0.140032,0.00024,0.190476,5,0.00057
9706416,,,1,2,3,1,2,3,42,0.040811,0.044433,0,0.333333,8,0.000655
9904290,,,3,4,7,3,4,7,28,0.086835,0.105202,0.000076,0.214286,10,0.001724
8123,,,1,6,7,1,6,7,28,0.087275,0.107424,0.000103,0.309524,10,0.000577
9807425,,,4,3,7,4,3,7,29,0.079756,0.093045,0.000017,0.261905,10,0.003522
9806436,,,5,1,6,5,1,6,29,0.079753,0.09294,0.000011,0.266667,10,0.004312
1182,,,1,6,7,1,6,7,27,0.083878,0.10347,0,0.285714,0,0.000573
9908333,,,8,9,17,8,9,17,27,0.08553,0.108354,0.000008,0.209559,0,0.007662
9810526,,,3,2,5,3,2,5,33,0.063484,0.078221,0.00009,0.1,0,0.001834
9706425,,,2,3,5,2,3,5,32,0.066623,0.08022,0.000874,0.05,11,0.001925
9706429,,,1,5,6,1,5,6,34,0.059051,0.068495,0.000009,0.233333,4,0.011556
7105,,,2,7,9,2,7,9,25,0.106996,0.132582,0.000127,0.027778,7,0.001208
9811506,,,1,30,31,1,30,31,30,0.076103,0.096358,0.000005,0.101075,7,0.000626
9804222,,,6,6,12,6,6,12,31,0.072271,0.093555,0.000002,0.068182,7,0.004148
9907209,,,4,14,18,4,14,18,32,0.066642,0.081481,0.000057,0.173203,8,0.004718
9706437,,,5,2,7,5,2,7,41,0.042559,0.047043,0.000005,0.238095,11,0.006741
9603250,,,3,1,4,3,1,4,42,0.040805,0.044417,0,0.333333,7,0.00686
9706445,,,1,1,2,1,1,2,41,0.042537,0.046591,0.000001,0,8,0.000673
9706447,,,2,5,7,2,5,7,40,0.044467,0.050117,0.000002,0.214286,11,0.002319
9706448,,,4,5,9,4,5,9,35,0.056485,0.066127,0.000009,0.138889,8,0.004705
9706244,,,3,1,4,3,1,4,40,0.044428,0.049196,0,0.5,10,0.0055
9706452,,,1,3,4,1,3,4,43,0.03923,0.042629,0,0.5,13,0.001039
9706454,,,7,15,22,7,15,22,32,0.067157,0.083207,0.000002,0.378788,9,0.009101
9706459,,,2,3,5,2,3,5,35,0.056857,0.06764,0.00003,0.25,8,0.003574
9910350,,,1,2,3,1,2,3,33,0.062892,0.073568,0.000079,0,7,0.00057
9909529,,,2,15,17,2,15,17,31,0.072785,0.095414,0.003037,0.165441,8,0.001882
9706462,,,5,10,15,5,10,15,36,0.053262,0.061974,0.000012,0.228571,11,0.006991
7135,,,1,9,10,1,9,10,23,0.115051,0.150353,0.000005,0.177778,2,0.001341
7137,,,2,28,30,2,28,30,25,0.114963,0.147795,0.000011,0.210345,7,0.00286
7144,,,1,2,3,1,2,3,29,0.080329,0.095503,0,0.166667,8,0.000683
7145,,,4,12,16,4,12,16,23,0.105029,0.131369,0.000024,0.170833,2,0.004412
9706474,,,1,2,3,1,2,3,46,0.03509,0.037383,0.000001,0.333333,4,0.00782
9907444,,,2,12,14,2,12,14,26,0.089408,0.113411,0.000014,0.131868,6,0.002078
9706479,,,4,13,17,4,13,17,31,0.071328,0.087068,0.000007,0.176471,4,0.003494
9706480,,,4,4,8,4,4,8,34,0.059529,0.071107,0.000057,0.196429,8,0.01534
7154,,,4,16,20,4,16,20,24,0.106274,0.14109,0.001312,0.221053,2,0.01054
9712484,,,1,4,5,1,4,5,42,0.040868,0.045386,0,0.25,9,0.000659
7160,,,5,6,11,5,6,11,24,0.120688,0.15689,0.00003,0.245455,5,0.004218
9905407,,,3,24,27,3,24,27,31,0.074136,0.10281,0.000145,0.106838,5,0.002367
9712543,,,1,14,15,1,14,15,32,0.06735,0.084327,0.000001,0.047619,1,0.00068
9808430,,,6,28,34,6,28,34,34,0.060622,0.079636,0.000626,0.08467,11,0.006209
9706497,,,6,12,18,6,12,18,33,0.06319,0.076461,0.000082,0.101307,2,0.019049
9610385,,,4,16,20,4,16,20,32,0.067094,0.081653,0.000059,0.094737,1,0.005147
9811513,,,3,4,7,3,4,7,34,0.058583,0.066836,0.00011,0.095238,11,0.003972
9908421,,,1,9,10,1,9,10,29,0.077607,0.099331,0.000003,0.177778,0,0.002837
9907562,,,4,1,5,4,1,5,33,0.062729,0.07394,0.000001,0.1,2,0.004708
9706508,,,3,7,10,3,7,10,34,0.059283,0.070734,0.000165,0.033333,6,0.003778
9703343,,,13,3,16,13,3,16,30,0.073924,0.084446,0.001257,0.141667,8,0.014742
7184,,,1,2,3,1,2,3,31,0.068923,0.077331,0,0.166667,10,0.00057
7186,,,7,4,11,7,4,11,27,0.080181,0.094161,0.000051,0.333333,2,0.005889
9510253,,,3,2,5,3,2,5,39,0.046491,0.052228,0.002644,0.1,1,0.003852
7190,,,3,14,17,3,14,17,32,0.07055,0.099264,0.000393,0.191176,12,0.001865
9911391,,,1,5,6,1,5,6,33,0.063892,0.080145,0.000059,0.433333,12,0.000684
9712432,,,4,5,9,4,5,9,33,0.063018,0.074707,0.000081,0.152778,2,0.00784
7195,,,1,5,6,1,5,6,23,0.12048,0.14555,0.000004,0.233333,9,0.000571
9612324,,,2,3,5,2,3,5,33,0.062825,0.073584,0.000001,0,12,0.001294
9706528,,,1,2,3,1,2,3,30,0.075552,0.089184,0.000068,0.333333,12,0.000571
9608355,,,2,2,4,2,2,4,34,0.059276,0.068636,0.00074,0.166667,8,0.003403
7205,,,1,1,2,1,1,2,32,0.066689,0.078568,0.000073,0,10,0.000568
9612489,,,2,17,19,2,17,19,33,0.063124,0.076863,0.000061,0.116959,12,0.006002
9612204,,,7,15,22,7,15,22,33,0.06294,0.074968,0.000029,0.093074,12,0.011306
9811259,,,7,8,15,7,8,15,33,0.064385,0.083076,0.000072,0.242857,7,0.004873
4183,,,2,36,38,2,36,38,31,0.073721,0.103424,0.000082,0.056899,7,0.001266
9909371,,,3,6,9,3,6,9,33,0.064554,0.082961,0.000055,0.319444,7,0.002312
7211,,,1,1,2,1,1,2,47,0.033929,0.036089,0,0.5,3,0.000651
9909251,,,5,2,7,5,2,7,41,0.042559,0.046865,0,0.404762,2,0.00866
9710465,,,4,4,8,4,4,8,30,0.07394,0.084667,0.000111,0.178571,8,0.003158
9905559,,,2,6,8,2,6,8,32,0.067575,0.083741,0.000254,0.125,8,0.001374
9903280,,,2,1,3,2,1,3,42,0.040835,0.044667,0,0.166667,8,0.001368
9912529,,,1,10,11,1,10,11,23,0.115453,0.154274,0.116373,0.054545,9,0.000745
9811247,,,3,12,15,3,12,15,32,0.067794,0.087059,0.000104,0.119048,8,0.00272
9908221,,,3,6,9,3,6,9,34,0.059404,0.069663,0.000548,0.166667,8,0.001935
9807487,,,3,14,17,3,14,17,33,0.064036,0.082096,0.001833,0.143382,4,0.00203
7219,,,5,24,29,5,24,29,27,0.097293,0.11979,0.000551,0.285714,0,0.002904
6354,,,3,48,51,3,48,51,26,0.10616,0.135984,0.000552,0.139608,0,0.001936
7351,,,1,25,26,1,25,26,27,0.097768,0.121394,0.000008,0.26,0,0.00079
9608246,,,1,8,9,1,8,9,34,0.060188,0.073533,0.000041,0.152778,4,0.001641
9706551,,,3,5,8,3,5,8,28,0.087487,0.107406,0.000161,0.107143,13,0.002146
9706552,,,1,2,3,1,2,3,41,0.04259,0.047205,0,0.166667,8,0.000813
9608254,,,1,11,12,1,11,12,32,0.066505,0.078771,0.000039,0.204545,4,0.000785
9905399,,,1,3,4,1,3,4,35,0.056198,0.065155,0,0.416667,3,0.000568
7240,,,3,6,9,3,6,9,32,0.068471,0.087299,0.00001,0.25,8,0.001887
9806509,,,2,5,7,2,5,7,31,0.07042,0.08186,0,0.380952,13,0.001308
9608273,,,4,2,6,4,2,6,39,0.046508,0.052555,0.00051,0,2,0.011455
9608274,,,3,1,4,3,1,4,41,0.042537,0.046587,0.000167,0,4,0.003819
5095,,,3,12,15,3,12,15,25,0.088524,0.108142,0.000005,0.1,2,0.004143
1209,,,1,5,6,1,5,6,29,0.083103,0.107051,0.001147,0.066667,8,0.000568
9911480,,,1,18,19,1,18,19,30,0.077615,0.102795,0.00047,0.02924,8,0.000568
9608280,,,9,4,13,9,4,13,41,0.042561,0.047397,0.000099,0.192308,11,0.011003
9608282,,,1,3,4,1,3,4,39,0.046513,0.052816,0.000003,0.166667,12,0.00068
9712330,,,2,13,15,2,13,15,35,0.05718,0.071147,0.000167,0.17619,11,0.002404
7265,,,2,5,7,2,5,7,30,0.075052,0.095662,0.000005,0.119048,3,0.003123
9903202,,,1,11,12,1,11,12,32,0.068871,0.09214,0.000006,0.181818,7,0.000568
9908325,,,2,4,6,2,4,6,33,0.062911,0.074167,0,0.133333,2,0.002763
9608295,,,1,2,3,1,2,3,36,0.053607,0.061165,0,0.166667,6,0.000604
7274,,,4,31,35,4,31,35,29,0.081189,0.11102,0.00009,0.12521,8,0.002669
7276,,,1,33,34,1,33,34,23,0.129238,0.166158,0.000158,0.110517,6,0.000568
9908456,,,1,22,23,1,22,23,25,0.103094,0.12484,0.000079,0.043478,8,0.000718
9903214,,,3,6,9,3,6,9,33,0.063638,0.080041,0.000035,0.097222,6,0.002248
7282,,,1,4,5,1,4,5,23,0.117745,0.14118,0.000028,0.1,4,0.001162
1214,,,1,4,5,1,4,5,42,0.040814,0.044579,0,0.25,8,0.000568
9906215,,,3,10,13,3,10,13,31,0.071988,0.093237,0.000227,0.089744,7,0.004403
9903223,,,1,1,2,1,1,2,30,0.074658,0.086698,0.000026,0,12,0.002068
9708490,,,3,9,12,3,9,12,33,0.063447,0.079513,0.000001,0.113636,9,0.002205
9912217,,,2,10,12,2,10,12,28,0.083474,0.104071,0.000078,0.090909,9,0.001214
9707265,,,4,1,5,4,1,5,35,0.055372,0.061299,0,0.25,0,0.002506
7292,,,5,5,10,5,5,10,29,0.085537,0.104302,0.000398,0.166667,1,0.003127
9903233,,,1,2,3,1,2,3,33,0.063792,0.078854,0,0.5,7,0.000741
9709305,,,7,2,9,7,2,9,32,0.065446,0.074064,0.000011,0.083333,12,0.004661
9710352,,,3,2,5,3,2,5,30,0.074714,0.086891,0.000034,0.15,12,0.002062
9903236,,,1,5,6,1,5,6,32,0.067164,0.082425,0.000001,0.166667,7,0.000568
9903221,,,3,1,4,3,1,4,42,0.040806,0.044334,0,0.333333,7,0.001819
9811242,,,3,2,5,3,2,5,34,0.058859,0.066895,0.000078,0.1,8,0.002404
9712362,,,12,9,21,12,9,21,36,0.053214,0.062025,0.000003,0.25,9,0.019445
7314,,,2,11,13,2,11,13,25,0.097484,0.122864,0.000301,0.096154,11,0.001806
6232,,,2,5,7,2,5,7,32,0.066619,0.079642,0.000215,0.166667,11,0.001253
9805248,,,1,8,9,1,8,9,34,0.059875,0.073035,0.000001,0.111111,6,0.000828
9708444,,,2,4,6,2,4,6,42,0.04082,0.044708,0.000002,0.2,9,0.002436
9805368,,,8,18,26,8,18,26,32,0.068096,0.08877,0.000208,0.144615,2,0.040223
9903263,,,1,1,2,1,1,2,35,0.055441,0.061757,0.000079,0,0,0.000578
9806329,,,1,5,6,1,5,6,34,0.058689,0.06665,0.000079,0.066667,0,0.000568
9710353,,,8,50,58,8,50,58,32,0.067783,0.090692,0.000192,0.180278,9,0.010971
9708419,,,13,34,47,13,34,47,32,0.067645,0.088254,0.000144,0.1716,9,0.014266
9608354,,,1,2,3,1,2,3,36,0.052551,0.058005,0,0.333333,2,0.000701
9903267,,,1,5,6,1,5,6,33,0.063442,0.07781,0.000079,0.233333,5,0.000726
9807212,,,4,12,16,4,12,16,32,0.067734,0.086424,0.000114,0.079167,8,0.005564
7333,,,3,12,15,3,12,15,27,0.096229,0.117963,0.000032,0.195238,1,0.001988
7336,,,7,10,17,7,10,17,25,0.103836,0.123512,0.000004,0.283333,6,0.004633
9909502,,,5,2,7,5,2,7,35,0.056953,0.069583,0,0.5,6,0.003691
9903275,,,1,10,11,1,10,11,29,0.082957,0.10735,0.000021,0.190909,7,0.000638
9805351,,,2,5,7,2,5,7,30,0.076379,0.093198,0.000004,0.095238,13,0.001171
7342,,,1,10,11,1,10,11,28,0.083679,0.106724,0.000004,0.118182,4,0.000972
9903279,,,3,6,9,3,6,9,32,0.06618,0.078447,0.000363,0.166667,12,0.002241
9712387,,,7,3,10,7,3,10,36,0.053736,0.06191,0.000004,0.311111,12,0.0055
9808233,,,6,15,21,6,15,21,36,0.053776,0.064641,0.000413,0.069048,8,0.004196
9704211,,,1,2,3,1,2,3,44,0.037745,0.040736,0,0,9,0.000943
9809304,,,9,9,18,9,9,18,33,0.063054,0.075074,0,0.261438,2,0.009872
9903283,,,1,10,11,1,10,11,32,0.068219,0.092385,0.00003,0.190909,4,0.001101
9808341,,,4,15,19,4,15,19,32,0.06783,0.088551,0.000062,0.248538,4,0.006721
9903284,,,1,7,8,1,7,8,31,0.071628,0.088934,0.000003,0.160714,7,0.000896
302264,,,1,10,11,1,10,11,20,0.161407,0.185405,0.000742,0.090909,2,0.000809
206004,,,1,14,15,1,14,15,19,0.16549,0.190727,0.000336,0.133333,2,0.000579
111205,,,1,27,28,1,27,28,21,0.147383,0.177568,0.000203,0.123016,2,0.000579
7354,,,1,18,19,1,18,19,24,0.114546,0.15296,0.000092,0.269006,3,0.000623
9811328,,,2,5,7,2,5,7,34,0.060827,0.079409,0.000004,0.190476,9,0.001194
9903291,,,2,2,4,2,2,4,32,0.065212,0.073681,0.000081,0.083333,0,0.001548
9809296,,,1,12,13,1,12,13,31,0.069752,0.080732,0.000029,0.211538,0,0.000641
7359,,,1,3,4,1,3,4,32,0.067651,0.084279,0,0.083333,8,0.000623
7361,,,1,2,3,1,2,3,32,0.065261,0.073147,0.000158,0,13,0.000568
9908331,,,1,1,2,1,1,2,31,0.069705,0.079115,0.000157,0,13,0.000568
9612388,,,4,2,6,4,2,6,34,0.060134,0.072482,0.000004,0,5,0.003205
9809590,,,9,6,15,9,6,15,31,0.071457,0.087435,0.000145,0.12381,5,0.00856
9809481,,,10,10,20,10,10,20,35,0.056029,0.0661,0.000012,0.115789,2,0.034976
9903303,,,9,6,15,9,6,15,23,0.098937,0.118592,0.000673,0.204762,2,0.034387
9809380,,,1,3,4,1,3,4,44,0.037739,0.040659,0,0.416667,0,0.000692
9810246,,,1,2,3,1,2,3,45,0.036367,0.038903,0,0.5,0,0.000692
9903310,,,2,1,3,2,1,3,34,0.060163,0.071878,0.000001,0,2,0.003096
9809499,,,3,2,5,3,2,5,33,0.064009,0.0794,0.00013,0.15,2,0.006494
9903312,,,1,3,4,1,3,4,31,0.071048,0.086649,0.000053,0.166667,8,0.000765
9903314,,,2,1,3,2,1,3,34,0.058334,0.065014,0.000089,0,6,0.001618
9805365,,,1,1,2,1,1,2,33,0.061943,0.07019,0.000089,0,1,0.000646
9608403,,,4,2,6,4,2,6,34,0.060093,0.071627,0.000132,0.2,7,0.008658
9807335,,,7,10,17,7,10,17,30,0.076884,0.096718,0.000257,0.172794,0,0.004762
9808469,,,7,10,17,7,10,17,30,0.076329,0.093496,0.000594,0.191667,0,0.004656
9608411,,,1,2,3,1,2,3,40,0.044428,0.049227,0.000004,0,8,0.000799
9903326,,,2,4,6,2,4,6,33,0.062949,0.074512,0.000039,0.233333,7,0.002258
9805452,,,5,2,7,5,2,7,34,0.059141,0.067709,0.000041,0.119048,7,0.004125
9712350,,,3,1,4,3,1,4,33,0.062841,0.073511,0.000078,0.25,1,0.002145
9809589,,,3,15,18,3,15,18,32,0.067071,0.082718,0.000037,0.094771,11,0.002636
9909498,,,1,4,5,1,4,5,28,0.086759,0.105064,0,0.45,10,0.000571
9608418,,,1,5,6,1,5,6,39,0.04652,0.053075,0,0.333333,5,0.000912
9903332,,,3,10,13,3,10,13,32,0.067022,0.080777,0.000183,0.102564,7,0.001826
9712514,,,2,6,8,2,6,8,31,0.070494,0.082561,0.000496,0.107143,12,0.001497
9807470,,,1,1,2,1,1,2,41,0.04254,0.046613,0,0,7,0.000683
9707302,,,13,12,25,13,12,25,34,0.059909,0.075388,0.000375,0.24,4,0.03385
9903335,,,3,8,11,3,8,11,31,0.071568,0.08914,0,0.290909,7,0.005185
204008,,,1,3,4,1,3,4,19,0.148127,0.171598,0.000016,0.166667,2,0.000589
104266,,,7,15,22,7,15,22,24,0.11379,0.148505,0.000084,0.075758,2,0.005516
9811260,,,3,7,10,3,7,10,31,0.070878,0.085852,0.000159,0.111111,11,0.002627
9903338,,,1,1,2,1,1,2,33,0.060515,0.066003,0,0,13,0.000626
9707426,,,12,1,13,12,1,13,42,0.040809,0.044359,0.000002,0.141026,8,0.012117
9807268,,,3,4,7,3,4,7,31,0.069806,0.081245,0.00001,0.142857,8,0.003233
9811349,,,2,18,20,2,18,20,31,0.071525,0.089142,0.000289,0.097368,8,0.00245
9707238,,,1,6,7,1,6,7,30,0.074524,0.087033,0.000357,0.02381,1,0.001792
9903342,,,1,1,2,1,1,2,36,0.053082,0.059597,0.000001,0,7,0.00069
9903344,,,1,8,9,1,8,9,34,0.060379,0.075574,0,0.194444,4,0.000583
9808414,,,2,3,5,2,3,5,42,0.040839,0.044952,0,0.35,4,0.001151
204021,,,3,15,18,3,15,18,18,0.165402,0.193756,0.000309,0.137255,2,0.00178
111319,,,2,20,22,2,20,22,21,0.149191,0.182607,0.000069,0.151515,2,0.001428
112287,,,4,40,44,4,40,44,20,0.161039,0.196011,0.000387,0.115222,2,0.002508
9903350,,,8,14,22,8,14,22,32,0.068171,0.088462,0.000197,0.145022,0,0.006897
9809489,,,8,16,24,8,16,24,32,0.06832,0.092495,0.000081,0.179348,0,0.009797
9811295,,,4,3,7,4,3,7,33,0.064236,0.083467,0.000314,0.095238,0,0.004143
9608440,,,1,2,3,1,2,3,30,0.073867,0.084085,0,0.5,0,0.000576
9903353,,,2,3,5,2,3,5,33,0.062218,0.071422,0.00015,0,0,0.003053
9801439,,,5,4,9,5,4,9,34,0.05871,0.066537,0.000008,0.138889,0,0.003275
204027,,,1,26,27,1,26,27,18,0.165579,0.195957,0.000005,0.112536,2,0.000579
9806409,,,5,1,6,5,1,6,43,0.039224,0.042469,0,0.233333,13,0.004014
9903360,,,1,3,4,1,3,4,34,0.060159,0.074446,0.000022,0.166667,6,0.000736
9903361,,,4,4,8,4,4,8,40,0.044453,0.049792,0,0.232143,11,0.003881
9903362,,,1,5,6,1,5,6,34,0.059748,0.070623,0,0.1,5,0.000571
9903366,,,1,13,14,1,13,14,31,0.073212,0.098698,0.000002,0.263736,7,0.000807
9903368,,,2,1,3,2,1,3,33,0.062346,0.071234,0.000013,0.333333,7,0.002494
9903372,,,2,3,5,2,3,5,34,0.060405,0.073473,0,0.416667,5,0.001697
9903371,,,6,13,19,6,13,19,27,0.090459,0.117431,0.000664,0.105263,6,0.012373
9807333,,,1,2,3,1,2,3,34,0.059092,0.067482,0.000095,0,7,0.001192
9810412,,,8,13,21,8,13,21,31,0.073841,0.102848,0.000138,0.107143,6,0.008273
9608461,,,1,1,2,1,1,2,34,0.060106,0.071978,0,0.5,8,0.003754
9903376,,,3,9,12,3,9,12,34,0.061343,0.082504,0.000016,0.136364,6,0.003177
9808227,,,3,8,11,3,8,11,34,0.060425,0.075606,0.000001,0.163636,6,0.003098
204050,,,1,20,21,1,20,21,17,0.174107,0.200851,0.000003,0.12619,2,0.000568
204051,,,1,37,38,1,37,38,17,0.177934,0.208739,0.000325,0.104552,2,0.000568
9904295,,,7,12,19,7,12,19,26,0.091283,0.111963,0.000344,0.076023,2,0.018178
106085,,,3,55,58,3,55,58,22,0.130151,0.174646,0.000111,0.102843,2,0.002112
102060,,,2,33,35,2,33,35,21,0.138716,0.172317,0.000042,0.089076,2,0.001199
9903381,,,3,1,4,3,1,4,33,0.064652,0.085878,0.000286,0.083333,11,0.002271
9903386,,,4,3,7,4,3,7,24,0.108202,0.128892,0.000158,0.190476,7,0.002669
9805489,,,2,2,4,2,2,4,32,0.067232,0.081552,0,0.416667,7,0.002223
9809535,,,4,11,15,4,11,15,31,0.06992,0.080953,0.000023,0.295238,0,0.0043
9903393,,,1,8,9,1,8,9,33,0.063221,0.07801,0.000012,0.222222,4,0.00112
9812290,,,5,21,26,5,21,26,32,0.067254,0.084821,0.000119,0.158462,4,0.006078
9911261,,,1,6,7,1,6,7,32,0.066771,0.08069,0.000008,0.071429,8,0.00081
9806268,,,5,8,13,5,8,13,35,0.056141,0.065187,0.000094,0.070513,8,0.003962
9903398,,,1,2,3,1,2,3,38,0.048793,0.055609,0.000072,0,11,0.000726
204073,,,1,24,25,1,24,25,20,0.153904,0.184039,0.00002,0.148333,2,0.000568
107274,,,2,12,14,2,12,14,23,0.128892,0.157756,0.000243,0.252747,2,0.001716
9707520,,,2,1,3,2,1,3,35,0.056585,0.06531,0.000001,0.333333,11,0.001668
9805364,,,2,6,8,2,6,8,34,0.059769,0.070745,0.00006,0.107143,11,0.002583
9608492,,,1,1,2,1,1,2,41,0.042536,0.046583,0,0,8,0.000568
9903405,,,3,1,4,3,1,4,41,0.042538,0.046592,0,0.083333,8,0.001929
9811339,,,3,9,12,3,9,12,34,0.06053,0.076221,0.00007,0.143939,2,0.004856
9807557,,,7,14,21,7,14,21,33,0.063401,0.077,0.000015,0.159524,2,0.008599
9903407,,,10,30,40,10,30,40,24,0.098841,0.12639,0.000331,0.123718,3,0.017166
9805478,,,8,3,11,8,3,11,34,0.060177,0.072776,0.000093,0.181818,5,0.014615
9811250,,,4,8,12,4,8,12,33,0.064504,0.083176,0.000194,0.106061,5,0.005555
9903410,,,2,9,11,2,9,11,35,0.057649,0.073464,0.000022,0.2,12,0.001441
9805482,,,3,8,11,3,8,11,34,0.060743,0.077052,0.000053,0.2,4,0.001838
9710264,,,1,6,7,1,6,7,34,0.060195,0.073071,0.000013,0.142857,10,0.002068
9902339,,,9,15,24,9,15,24,33,0.06426,0.083767,0.003547,0.068841,2,0.009757
9810513,,,8,5,13,8,5,13,32,0.06722,0.082484,0.002126,0.019231,2,0.010353
9810515,,,1,9,10,1,9,10,32,0.067456,0.083937,0.00055,0.177778,1,0.001171
204090,,,1,4,5,1,4,5,22,0.125367,0.139438,0.000034,0.15,2,0.000568
9806256,,,6,5,11,6,5,11,37,0.05065,0.057674,0.000007,0.172727,2,0.044038
108020,,,2,16,18,2,16,18,21,0.143213,0.165058,0.000126,0.065359,2,0.001197
9711376,,,1,1,2,1,1,2,31,0.07026,0.080824,0.000168,0,10,0.00075
9805319,,,3,6,9,3,6,9,30,0.074021,0.084862,0.000229,0.152778,10,0.002388
9903421,,,7,6,13,7,6,13,32,0.067847,0.086006,0.000155,0.24359,7,0.006186
9903423,,,4,12,16,4,12,16,27,0.089277,0.111495,0.000089,0.183333,4,0.01184
1248,,,2,9,11,2,9,11,24,0.100548,0.127621,0.000032,0.290909,3,0.001313
9806209,,,2,6,8,2,6,8,31,0.072034,0.091133,0.000121,0.107143,7,0.001885
9808376,,,2,9,11,2,9,11,32,0.067765,0.087219,0.00001,0.118182,7,0.001311
204100,,,1,63,64,1,63,64,18,0.181603,0.221598,0.000395,0.082341,6,0.000574
112163,,,1,27,28,1,27,28,20,0.162161,0.201061,0.000001,0.187831,6,0.000568
9812312,,,1,3,4,1,3,4,32,0.065869,0.075132,0.000079,0.166667,13,0.000647
9903433,,,1,7,8,1,7,8,32,0.069113,0.093506,0.000188,0.089286,7,0.00057
9905213,,,1,6,7,1,6,7,31,0.072696,0.09495,0.000042,0.071429,5,0.000568
9903440,,,1,7,8,1,7,8,32,0.06759,0.083786,0.000152,0.214286,8,0.000568
9908507,,,1,8,9,1,8,9,32,0.067659,0.08482,0.000002,0.291667,8,0.000568
9903441,,,5,12,17,5,12,17,31,0.071311,0.088906,0.000173,0.125,8,0.00319
9708430,,,1,6,7,1,6,7,33,0.062781,0.0744,0.000001,0.071429,8,0.000804
9809479,,,2,19,21,2,19,21,31,0.072486,0.095895,0.000096,0.085714,7,0.002284
9806523,,,4,8,12,4,8,12,33,0.063801,0.079897,0.000092,0.159091,2,0.00781
9807551,,,4,4,8,4,4,8,32,0.068036,0.088453,0.000018,0.107143,2,0.004995
9807508,,,5,15,20,5,15,20,31,0.071852,0.091552,0.000004,0.205263,7,0.00877
9807393,,,3,27,30,3,27,30,31,0.072728,0.098734,0.000003,0.186207,7,0.006602
9808290,,,7,18,25,7,18,25,30,0.077501,0.10276,0.000429,0.158333,7,0.009168
9810343,,,4,9,13,4,9,13,30,0.076878,0.097362,0.000033,0.24359,7,0.006996
9903458,,,2,1,3,2,1,3,25,0.097645,0.111304,0,0.333333,7,0.00115
9903462,,,9,6,15,9,6,15,32,0.067157,0.080982,0,0.390476,0,0.010328
204137,,,1,20,21,1,20,21,20,0.160047,0.187923,0,0.214286,2,0.000629
204138,,,1,7,8,1,7,8,23,0.122795,0.139807,0.000161,0.125,2,0.000589
9906484,,,2,3,5,2,3,5,34,0.059383,0.069386,0.000001,0.35,8,0.001341
103208,,,2,12,14,2,12,14,26,0.100355,0.125049,0.000177,0.159341,8,0.001341
109183,,,1,4,5,1,4,5,23,0.116822,0.132237,0.000017,0.1,2,0.000568
9903467,,,1,9,10,1,9,10,30,0.078616,0.104635,0.00013,0.125,6,0.001766
9812210,,,3,7,10,3,7,10,30,0.077974,0.101731,0.000014,0.266667,6,0.004721
9804349,,,1,12,13,1,12,13,31,0.0707,0.084935,0.000158,0.083333,1,0.000568
9710488,,,2,6,8,2,6,8,30,0.074785,0.08732,0.00008,0.089286,1,0.001141
9710227,,,1,7,8,1,7,8,33,0.063223,0.075595,0.000086,0.125,11,0.000568
9811215,,,3,3,6,3,3,6,34,0.060424,0.073338,0.000111,0.066667,2,0.006704
9708369,,,6,11,17,6,11,17,34,0.05966,0.073017,0.00001,0.275735,4,0.008481
9805477,,,4,2,6,4,2,6,46,0.035121,0.037627,0,0.2,3,0.003185
9810550,,,2,4,6,2,4,6,43,0.039249,0.042862,0.00008,0.2,3,0.002329
1257,,,1,24,25,1,24,25,23,0.118213,0.14009,0.000009,0.105,6,0.00109
9907204,,,3,6,9,3,6,9,22,0.127782,0.145987,0.000291,0.208333,4,0.002255
9708489,,,2,4,6,2,4,6,33,0.061852,0.070041,0.000005,0.066667,0,0.001829
9903486,,,1,15,16,1,15,16,31,0.07149,0.087254,0.000005,0.2875,0,0.001028
9903487,,,1,1,2,1,1,2,30,0.073141,0.08371,0,0.5,2,0.003761
9903488,,,1,28,29,1,28,29,31,0.072074,0.092481,0.000183,0.197044,8,0.00081
204164,,,1,31,32,1,31,32,19,0.164053,0.19849,0.001469,0.121976,4,0.000711
12266,,,1,10,11,1,10,11,24,0.100046,0.12922,0.000001,0.090909,2,0.000574
112077,,,1,35,36,1,35,36,21,0.158552,0.197513,0.000323,0.112698,2,0.000574
107100,,,2,18,20,2,18,20,22,0.135236,0.167906,0.000701,0.092105,4,0.001142
105025,,,7,32,39,7,32,39,21,0.150707,0.190298,0.000065,0.145749,6,0.005108
9903496,,,3,6,9,3,6,9,33,0.063228,0.07542,0.000147,0.194444,7,0.001893
9809232,,,1,1,2,1,1,2,35,0.055805,0.062544,0.000042,0,7,0.000686
9807500,,,4,6,10,4,6,10,33,0.063464,0.076919,0.000058,0.2,7,0.00258
9807556,,,1,2,3,1,2,3,43,0.039214,0.042454,0.000079,0.333333,1,0.002416
9903500,,,1,2,3,1,2,3,35,0.056862,0.067511,0.000001,0,5,0.000773
9807262,,,10,10,20,10,10,20,31,0.072807,0.097561,0.000407,0.097368,6,0.030785
9710295,,,5,3,8,5,3,8,31,0.069129,0.078304,0,0.339286,6,0.007316
9811347,,,5,11,16,5,11,16,31,0.071178,0.085305,0.000001,0.283333,13,0.010759
9903504,,,2,12,14,2,12,14,26,0.093215,0.115892,0.000009,0.285714,6,0.002746
9805201,,,1,5,6,1,5,6,32,0.066293,0.077957,0.000274,0.066667,7,0.00067
9712480,,,2,1,3,2,1,3,32,0.06564,0.074805,0.000076,0,7,0.001279
9903506,,,2,5,7,2,5,7,26,0.091109,0.10913,0.000064,0.119048,2,0.002474
9806466,,,3,3,6,3,3,6,38,0.048544,0.054517,0.000053,0.033333,2,0.002452
9805204,,,1,1,2,1,1,2,44,0.037766,0.04094,0.000001,0,4,0.002377
9903510,,,1,24,25,1,24,25,32,0.068607,0.092109,0.000009,0.191667,7,0.0006
9808313,,,3,7,10,3,7,10,33,0.063305,0.076908,0.000001,0.355556,1,0.002002
9805207,,,2,7,9,2,7,9,33,0.063386,0.078762,0.000018,0.277778,9,0.001249
105028,,,1,59,60,1,59,60,20,0.156571,0.200287,0.000064,0.078531,7,0.000603
8008,,,2,3,5,2,3,5,25,0.104939,0.123064,0,0.25,7,0.001546
204194,,,5,26,31,5,26,31,20,0.165277,0.193425,0.006741,0.178161,2,0.008151
204314,,,25,38,63,25,38,63,20,0.15583,0.181231,0.001691,0.084347,2,0.018533
9807482,,,3,1,4,3,1,4,33,0.064064,0.082657,0.000004,0.25,0,0.003514
9706539,,,3,3,6,3,3,6,33,0.062855,0.073662,0.000001,0.133333,7,0.003465
9805230,,,1,15,16,1,15,16,31,0.071879,0.09041,0.000184,0.15,12,0.000705
9707329,,,2,3,5,2,3,5,37,0.051021,0.057917,0.000006,0.05,8,0.003329
9611215,,,2,5,7,2,5,7,38,0.048761,0.055854,0,0.261905,12,0.001142
9611283,,,1,6,7,1,6,7,38,0.048767,0.055943,0,0.309524,12,0.000574
9611223,,,4,1,5,4,1,5,34,0.05856,0.065498,0.000001,0.15,7,0.004423
9806347,,,4,8,12,4,8,12,31,0.072046,0.093138,0.000017,0.19697,7,0.005495
9809546,,,1,7,8,1,7,8,31,0.071625,0.089212,0.000001,0.303571,0,0.001504
9806322,,,1,12,13,1,12,13,30,0.077315,0.099021,0.000022,0.173077,4,0.001504
9808245,,,1,5,6,1,5,6,30,0.076214,0.09426,0.000152,0.2,0,0.001504
9812534,,,1,2,3,1,2,3,36,0.053095,0.060767,0.000001,0.333333,0,0.001504
9903545,,,1,1,2,1,1,2,23,0.11329,0.130741,0,0.5,0,0.001001
9806524,,,2,13,15,2,13,15,34,0.060408,0.075947,0.000001,0.152381,1,0.001209
9812394,,,1,9,10,1,9,10,34,0.060829,0.077517,0.000121,0.188889,6,0.000641
9811342,,,2,5,7,2,5,7,34,0.059833,0.072796,0.000001,0.119048,11,0.001215
9810205,,,1,1,2,1,1,2,34,0.059362,0.069583,0.000003,0,11,0.000641
9903547,,,1,7,8,1,7,8,32,0.066557,0.07819,0.000004,0.303571,13,0.001719
9903550,,,5,11,16,5,11,16,27,0.084251,0.098381,0,0.316667,0,0.006345
9903553,,,4,4,8,4,4,8,32,0.066337,0.077565,0.000069,0.267857,6,0.003703
9709389,,,3,2,5,3,2,5,34,0.059227,0.07,0.000009,0.2,11,0.00302
9510339,,,1,1,2,1,1,2,28,0.086657,0.104173,0.000349,0,8,0.001014
9805252,,,1,9,10,1,9,10,31,0.072003,0.090918,0.000022,0.255556,0,0.00093
9509407,,,1,1,2,1,1,2,46,0.035088,0.037309,0,0.5,4,0.004021
9805273,,,6,5,11,6,5,11,33,0.063949,0.080425,0.000004,0.136364,4,0.004398
9612272,,,9,9,18,9,9,18,35,0.056771,0.067641,0.000275,0.081699,6,0.01526
9708252,,,2,16,18,2,16,18,31,0.07096,0.086765,0.000099,0.156863,1,0.00137
9708391,,,1,4,5,1,4,5,33,0.062434,0.072185,0,0.25,2,0.000575
9805296,,,1,2,3,1,2,3,29,0.07981,0.093179,0.000079,0.166667,13,0.000629
9712453,,,1,2,3,1,2,3,28,0.086713,0.104491,0.000079,0,13,0.00057
9805298,,,2,3,5,2,3,5,35,0.056204,0.064989,0.000206,0.15,8,0.026856
9712333,,,1,2,3,1,2,3,33,0.062795,0.073191,0.000087,0,1,0.001483
9510390,,,1,1,2,1,1,2,28,0.086661,0.104178,0.000027,0,10,0.000719
9805305,,,2,4,6,2,4,6,32,0.066485,0.078041,0.000049,0.166667,2,0.015247
9711340,,,5,1,6,5,1,6,47,0.0339,0.035875,0.000002,0.166667,2,0.020544
9805307,,,2,5,7,2,5,7,31,0.072123,0.092096,0.000019,0.261905,7,0.002888
9805309,,,1,13,14,1,13,14,30,0.075064,0.089485,0.000283,0.142857,8,0.00072
204286,,,20,15,35,20,15,35,20,0.152565,0.1717,0.002311,0.156303,2,0.016537
106168,,,5,17,22,5,17,22,22,0.124912,0.144334,0.000006,0.197619,2,0.013192
204288,,,2,56,58,2,56,58,18,0.19568,0.233572,0.002493,0.042045,2,0.001197
9905290,,,2,3,5,2,3,5,25,0.10127,0.120277,0.000003,0.05,2,0.001756
111056,,,1,8,9,1,8,9,22,0.128383,0.153238,0,0.263889,2,0.000625
109033,,,1,5,6,1,5,6,26,0.090367,0.108223,0.002247,0.3,1,0.000625
105319,,,2,7,9,2,7,9,24,0.119553,0.14386,0.000004,0.194444,2,0.001326
202239,,,3,30,33,3,30,33,18,0.163137,0.193859,0.000168,0.125947,2,0.00199
204291,,,2,30,32,2,30,32,19,0.164097,0.196145,0.000011,0.144086,2,0.001193
204273,,,2,13,15,2,13,15,19,0.159371,0.18595,0.000004,0.159341,2,0.001193
9805317,,,6,18,24,6,18,24,33,0.063619,0.081282,0.000017,0.112319,4,0.008521
9810490,,,1,14,15,1,14,15,32,0.068414,0.091926,0.000036,0.098901,5,0.001095
9805321,,,1,1,2,1,1,2,39,0.046503,0.052392,0,0.5,8,0.00119
9805322,,,1,2,3,1,2,3,38,0.048722,0.055488,0,0.333333,8,0.000782
9805323,,,2,11,13,2,11,13,34,0.059705,0.072032,0,0.410256,12,0.001357
9805324,,,5,2,7,5,2,7,34,0.059925,0.07267,0.00001,0.166667,8,0.003444
9805325,,,1,8,9,1,8,9,35,0.056263,0.065725,0,0.152778,8,0.000571
9709371,,,5,2,7,5,2,7,44,0.037753,0.040691,0.000052,0.119048,8,0.003235
204305,,,2,13,15,2,13,15,22,0.133529,0.151163,0.000685,0.12381,2,0.00121
204173,,,1,20,21,1,20,21,21,0.148819,0.170078,0.00008,0.169048,2,0.000626
8305,,,1,6,7,1,6,7,25,0.097732,0.12378,0.000163,0.119048,2,0.000626
107022,,,5,11,16,5,11,16,23,0.118481,0.135213,0.000038,0.158333,2,0.005314
103322,,,4,4,8,4,4,8,31,0.067224,0.075019,0.000169,0.053571,2,0.003493
104190,,,1,16,17,1,16,17,21,0.152086,0.187565,0.001685,0.080882,2,0.000902
204307,,,1,35,36,1,35,36,20,0.133756,0.171753,0.004426,0.103175,3,0.000569
9805332,,,3,14,17,3,14,17,31,0.071701,0.090714,0.00001,0.128676,7,0.001881
106005,,,1,3,4,1,3,4,30,0.081312,0.100833,0.000007,0,12,0.000568
9905228,,,4,2,6,4,2,6,32,0.068618,0.090643,0.000084,0.1,11,0.002392
106012,,,3,95,98,3,95,98,26,0.109844,0.149388,0.001864,0.073322,8,0.001823
9707352,,,6,1,7,6,1,7,29,0.079783,0.09306,0.00008,0.166667,8,0.005508
9909534,,,3,13,16,3,13,16,30,0.076327,0.094909,0.000107,0.2,8,0.002065
9807324,,,9,3,12,9,3,12,39,0.046515,0.052648,0.000083,0.106061,8,0.007003
4094,,,2,6,8,2,6,8,30,0.075584,0.09168,0.000036,0.178571,8,0.001601
9707356,,,3,2,5,3,2,5,42,0.040808,0.044425,0.000018,0.25,10,0.001777
11264,,,1,8,9,1,8,9,26,0.100598,0.122975,0.000087,0.097222,5,0.000838
105113,,,5,10,15,5,10,15,24,0.118205,0.143308,0.000028,0.309524,3,0.00551
106024,,,1,56,57,1,56,57,25,0.107722,0.141726,0.002435,0.087719,12,0.001125
9906358,,,7,11,18,7,11,18,31,0.072952,0.096299,0.000133,0.179739,12,0.005202
9811261,,,7,4,11,7,4,11,30,0.075951,0.092073,0.000126,0.109091,1,0.005223
9805353,,,2,7,9,2,7,9,34,0.060497,0.076054,0.000014,0.222222,12,0.001347
9709207,,,2,2,4,2,2,4,37,0.050755,0.057464,0.000078,0.25,11,0.001322
9805357,,,2,8,10,2,8,10,29,0.080775,0.097112,0,0.222222,10,0.001268
9711419,,,2,3,5,2,3,5,34,0.059372,0.069251,0.000004,0.05,5,0.001939
9707456,,,5,4,9,5,4,9,34,0.059076,0.06863,0.000287,0.111111,0,0.005249
9906518,,,2,14,16,2,14,16,32,0.067838,0.086647,0.001072,0.033333,8,0.001691
106040,,,1,6,7,1,6,7,25,0.104746,0.12553,0,0.142857,1,0.000625
105280,,,2,4,6,2,4,6,24,0.118217,0.149284,0.00003,0.166667,3,0.002458
105323,,,7,26,33,7,26,33,24,0.113013,0.146971,0.000038,0.083333,3,0.007169
106047,,,1,2,3,1,2,3,23,0.129135,0.154217,0,0.5,6,0.001125
204352,,,1,22,23,1,22,23,19,0.155884,0.179594,0.000664,0.120553,2,0.00102
110414,,,3,19,22,3,19,22,23,0.123287,0.148875,0.000394,0.106061,2,0.002168
204208,,,1,31,32,1,31,32,18,0.165819,0.1911,0.000028,0.092742,2,0.000589
12158,,,1,7,8,1,7,8,24,0.097675,0.120609,0,0.232143,2,0.000589
9911304,,,1,19,20,1,19,20,23,0.116458,0.137535,0.000023,0.268421,7,0.000688
103008,,,2,31,33,2,31,33,23,0.1312,0.166856,0.000009,0.142992,7,0.001337
9912420,,,2,17,19,2,17,19,23,0.116053,0.135835,0,0.307018,7,0.001377
103331,,,2,25,27,2,25,27,23,0.132419,0.1669,0.000014,0.200855,7,0.001679
9144,,,4,26,30,4,26,30,23,0.119954,0.145128,0.000117,0.163218,7,0.003396
10237,,,4,10,14,4,10,14,25,0.105875,0.129386,0.000171,0.082418,7,0.003202
9805379,,,1,3,4,1,3,4,32,0.066222,0.078408,0.00008,0.25,6,0.00064
9801405,,,1,11,12,1,11,12,32,0.066784,0.082131,0.00001,0.128788,9,0.000571
204357,,,1,1,2,1,1,2,25,0.096469,0.108679,0,0,0,0.000571
9805383,,,1,4,5,1,4,5,32,0.06654,0.078842,0.000018,0.1,6,0.001653
204360,,,4,38,42,4,38,42,18,0.18458,0.217208,0.000448,0.102787,2,0.002348
105261,,,7,117,124,7,117,124,20,0.165793,0.21234,0.001227,0.048912,2,0.006066
9805387,,,2,3,5,2,3,5,39,0.046312,0.051824,0,0.2,2,0.003792
9805388,,,2,3,5,2,3,5,32,0.067637,0.08444,0.000027,0.4,7,0.01353
9704299,,,6,11,17,6,11,17,36,0.053525,0.062449,0.000147,0.238971,11,0.004699
9805393,,,1,2,3,1,2,3,28,0.087007,0.105531,0,0.5,13,0.000683
9805394,,,2,5,7,2,5,7,40,0.044457,0.049673,0.000026,0.119048,8,0.001157
9707240,,,5,2,7,5,2,7,40,0.044436,0.04933,0.000001,0.142857,8,0.004848
9805397,,,6,5,11,6,5,11,31,0.07039,0.083536,0.00008,0.118182,6,0.007965
9612299,,,1,2,3,1,2,3,33,0.062254,0.071212,0,0,4,0.00102
106071,,,5,27,32,5,27,32,19,0.151232,0.17927,0.003896,0.128024,3,0.005222
106072,,,2,14,16,2,14,16,24,0.132597,0.166875,0.001719,0.225,3,0.002586
9707218,,,3,7,10,3,7,10,33,0.063401,0.076683,0.000035,0.144444,1,0.004883
105061,,,3,30,33,3,30,33,19,0.160225,0.200519,0.000026,0.160985,6,0.001904
106080,,,2,2,4,2,2,4,33,0.063256,0.075759,0.000147,0.166667,1,0.001135
9910268,,,1,1,2,1,1,2,33,0.063249,0.075684,0,0.5,1,0.000622
9904494,,,3,3,6,3,3,6,32,0.067512,0.084119,0.000277,0.1,1,0.001839
106082,,,1,19,20,1,19,20,20,0.151573,0.186176,0.000177,0.092105,6,0.001051
9811442,,,3,16,19,3,16,19,34,0.060795,0.078422,0.000018,0.146199,2,0.008889
9805411,,,2,20,22,2,20,22,32,0.06803,0.088513,0.000843,0.158009,2,0.001771
9708301,,,10,3,13,10,3,13,37,0.050888,0.057303,0.000156,0.147436,2,0.030538
9805413,,,2,3,5,2,3,5,34,0.059657,0.07134,0.000087,0.05,11,0.001993
106086,,,2,4,6,2,4,6,23,0.113759,0.132322,0,0.3,2,0.00184
9908386,,,7,4,11,7,4,11,31,0.072056,0.091166,0.000014,0.127273,7,0.012492
106089,,,7,55,62,7,55,62,20,0.168603,0.209208,0.001475,0.104178,6,0.004988
106337,,,1,6,7,1,6,7,22,0.124734,0.153994,0.003786,0.166667,0,0.001359
106093,,,1,19,20,1,19,20,22,0.150848,0.187558,0.000257,0.055263,2,0.000584
102215,,,1,12,13,1,12,13,23,0.115427,0.151021,0.000002,0.185897,2,0.000568
9805426,,,1,15,16,1,15,16,32,0.068074,0.089948,0.00024,0.1625,11,0.001161
9805430,,,2,5,7,2,5,7,29,0.079858,0.093652,0.000307,0.095238,10,0.00151
9807498,,,1,2,3,1,2,3,34,0.058971,0.06742,0,0.5,11,0.00069
9807206,,,5,6,11,5,6,11,31,0.070737,0.084776,0.000349,0.25,8,0.003689
9604255,,,3,1,4,3,1,4,32,0.066064,0.076689,0,0.5,8,0.002167
106107,,,1,11,12,1,11,12,22,0.137966,0.172086,0.000067,0.060606,2,0.000632
11357,,,6,26,32,6,26,32,22,0.140943,0.177276,0.000467,0.054435,2,0.004343
9805436,,,1,1,2,1,1,2,32,0.065819,0.07573,0,0.5,11,0.001377
105066,,,1,11,12,1,11,12,21,0.120962,0.140237,0.000007,0.257576,1,0.000625
9805441,,,1,4,5,1,4,5,34,0.060212,0.073055,0,0.3,2,0.002888
106119,,,2,14,16,2,14,16,25,0.097849,0.123059,0.000007,0.241667,0,0.001191
5031,,,2,7,9,2,7,9,32,0.067326,0.084361,0.000001,0.305556,0,0.001418
9805449,,,3,4,7,3,4,7,32,0.067541,0.086622,0,0.309524,4,0.001982
9805458,,,1,6,7,1,6,7,30,0.077041,0.099244,0.000401,0.071429,10,0.000654
106132,,,3,12,15,3,12,15,23,0.126346,0.145726,0.000041,0.209524,6,0.002018
9805461,,,3,5,8,3,5,8,33,0.062915,0.074105,0.000188,0.196429,7,0.002355
106135,,,1,32,33,1,32,33,27,0.099935,0.12786,0.001321,0.188447,1,0.00057
10159,,,1,18,19,1,18,19,27,0.096576,0.116743,0.000196,0.22807,1,0.000568
9805472,,,3,15,18,3,15,18,35,0.056395,0.067568,0.000006,0.199346,9,0.002229
9610464,,,4,1,5,4,1,5,45,0.036379,0.038982,0,0.3,9,0.00268
9709319,,,5,14,19,5,14,19,35,0.05639,0.067493,0.000013,0.190058,9,0.003613
9610506,,,12,1,13,12,1,13,37,0.050834,0.056781,0,0.224359,9,0.029425
9612254,,,6,3,9,6,3,9,36,0.053403,0.060892,0.00028,0.277778,9,0.024108
106145,,,1,4,5,1,4,5,23,0.116428,0.133056,0,0.15,6,0.001125
9805474,,,1,5,6,1,5,6,34,0.059632,0.071734,0,0.166667,4,0.002732
9704219,,,7,4,11,7,4,11,34,0.059535,0.070646,0.000008,0.154545,4,0.014281
9512438,,,1,2,3,1,2,3,33,0.063945,0.079411,0.000057,0,4,0.000783
9805476,,,4,5,9,4,5,9,34,0.058858,0.067529,0.000091,0.25,11,0.002457
9805223,,,2,3,5,2,3,5,34,0.05881,0.067039,0,0.4,11,0.001314
106153,,,1,1,2,1,1,2,26,0.089514,0.102392,0.000019,0,0,0.000568
9805487,,,1,4,5,1,4,5,31,0.069934,0.080688,0,0.2,7,0.000625
9707507,,,3,2,5,3,2,5,30,0.073934,0.084398,0.000137,0.05,7,0.001936
9805490,,,1,3,4,1,3,4,35,0.055973,0.064633,0.000079,0.083333,11,0.000568
9708458,,,1,1,2,1,1,2,41,0.042538,0.046591,0,0,11,0.000568
9705229,,,8,4,12,8,4,12,34,0.059265,0.070264,0.000237,0.212121,9,0.01072
9805493,,,5,6,11,5,6,11,31,0.071183,0.08516,0.000076,0.2,13,0.003334
9712215,,,1,2,3,1,2,3,33,0.063287,0.078117,0.000002,0,4,0.001665
9708436,,,3,2,5,3,2,5,42,0.040807,0.044393,0,0.2,4,0.003088
9709421,,,1,4,5,1,4,5,34,0.059109,0.067642,0,0.45,8,0.000894
9708435,,,4,4,8,4,4,8,28,0.086685,0.10454,0.00008,0.196429,10,0.002768
9711205,,,2,4,6,2,4,6,35,0.056961,0.068189,0.000022,0.1,12,0.001721
106174,,,2,11,13,2,11,13,25,0.105224,0.135706,0.000214,0.333333,3,0.001141
9805503,,,1,4,5,1,4,5,32,0.065772,0.074992,0.000003,0.2,1,0.000626
9711233,,,2,6,8,2,6,8,31,0.070249,0.081862,0.000145,0.125,1,0.001193
9805508,,,3,4,7,3,4,7,31,0.071902,0.091092,0.000228,0.190476,7,0.002432
9707212,,,2,1,3,2,1,3,33,0.062754,0.072659,0.000015,0.166667,7,0.008379
106113,,,2,6,8,2,6,8,29,0.081004,0.097044,0.000039,0.303571,0,0.00119
106197,,,1,2,3,1,2,3,33,0.062876,0.073539,0.000079,0,10,0.000568
106198,,,1,9,10,1,9,10,25,0.112065,0.142372,0.000395,0.133333,6,0.000693
105100,,,1,13,14,1,13,14,24,0.118461,0.147165,0.00009,0.153846,4,0.000573
2290,,,2,2,4,2,2,4,37,0.050754,0.05737,0,0.416667,6,0.001141
106199,,,1,17,18,1,17,18,24,0.122357,0.155209,0.000196,0.133987,9,0.000647
9707227,,,8,32,40,8,32,40,32,0.06744,0.086242,0.000404,0.271154,9,0.011221
9706436,,,7,1,8,7,1,8,35,0.055958,0.063358,0,0.232143,9,0.01203
9706387,,,12,28,40,12,28,40,31,0.071431,0.090507,0.001164,0.187179,9,0.02489
9707228,,,3,8,11,3,8,11,28,0.086709,0.104772,0.000015,0.172727,10,0.003059
12291,,,4,17,21,4,17,21,24,0.098053,0.119715,0.000006,0.280952,2,0.002651
108050,,,1,3,4,1,3,4,22,0.12077,0.136301,0,0.416667,3,0.000701
9608215,,,6,3,9,6,3,9,45,0.036366,0.039003,0.000003,0.222222,9,0.024518
12317,,,3,2,5,3,2,5,28,0.086302,0.108218,0.000001,0.25,2,0.001986
112158,,,1,19,20,1,19,20,21,0.137817,0.16615,0.000001,0.226316,2,0.000701
108064,,,1,30,31,1,30,31,20,0.1495,0.179922,0.000159,0.104301,2,0.000701
9909308,,,1,7,8,1,7,8,30,0.072505,0.092806,0,0.339286,0,0.000701
109118,,,1,16,17,1,16,17,20,0.153059,0.18297,0.000092,0.069853,0,0.000701
8263,,,4,13,17,4,13,17,26,0.087453,0.105705,0.000003,0.389706,2,0.002957
107095,,,1,9,10,1,9,10,23,0.122208,0.14719,0.000158,0.077778,0,0.000701
9907290,,,2,2,4,2,2,4,33,0.062827,0.074155,0.000079,0.166667,0,0.001275
6260,,,1,7,8,1,7,8,28,0.075014,0.092066,0,0.160714,2,0.000701
9904259,,,8,10,18,8,10,18,24,0.091062,0.10559,0.000334,0.133987,2,0.015551
9906335,,,6,49,55,6,49,55,24,0.100809,0.134956,0.000109,0.075084,2,0.005405
9908396,,,2,27,29,2,27,29,25,0.100336,0.130256,0.000175,0.087438,2,0.001435
9901236,,,1,9,10,1,9,10,28,0.080473,0.098661,0,0.144444,2,0.000701
9809598,,,9,10,19,9,10,19,33,0.064841,0.084339,0.000009,0.119883,2,0.007848
9710273,,,3,5,8,3,5,8,36,0.052602,0.058655,0.000062,0.071429,0,0.010921
107215,,,2,7,9,2,7,9,23,0.1248,0.150314,0.000081,0.152778,2,0.001335
111326,,,1,16,17,1,16,17,21,0.137368,0.164684,0.000002,0.216912,2,0.000701
107239,,,2,20,22,2,20,22,23,0.111304,0.149263,0.000178,0.103896,0,0.001447
107263,,,1,1,2,1,1,2,31,0.070288,0.081882,0,0.5,2,0.000701
107281,,,1,9,10,1,9,10,20,0.140163,0.163693,0,0.266667,2,0.000701
9709337,,,1,1,2,1,1,2,44,0.037729,0.040444,0,0,2,0.000701
102246,,,1,12,13,1,12,13,22,0.134008,0.165596,0.000002,0.076923,2,0.000701
7033,,,1,3,4,1,3,4,26,0.087115,0.102797,0.000079,0.166667,2,0.000701
9083,,,2,9,11,2,9,11,22,0.129857,0.155819,0.000098,0.1,2,0.001374
12194,,,4,11,15,4,11,15,24,0.091735,0.108353,0.000033,0.295238,2,0.002651
111028,,,1,9,10,1,9,10,21,0.131795,0.160039,0.000349,0.1,6,0.000701
111089,,,2,33,35,2,33,35,20,0.148643,0.182864,0.000126,0.077311,2,0.001392
9707237,,,1,3,4,1,3,4,40,0.044492,0.050069,0.000001,0.333333,8,0.000703
106214,,,1,6,7,1,6,7,31,0.073344,0.097167,0.000002,0.166667,8,0.000568
9037,,,1,10,11,1,10,11,32,0.069532,0.093748,0.000001,0.145455,8,0.000627
9910389,,,2,11,13,2,11,13,32,0.067284,0.082491,0.00008,0.108974,12,0.001431
9707514,,,4,4,8,4,4,8,34,0.060318,0.074143,0.000001,0.285714,12,0.004645
9707253,,,2,1,3,2,1,3,32,0.066255,0.077461,0.000081,0,7,0.001606
9602345,,,4,2,6,4,2,6,34,0.060015,0.071278,0.001189,0.133333,1,0.006677
9707257,,,2,1,3,2,1,3,41,0.042587,0.047131,0.000004,0.166667,8,0.003082
9707267,,,1,1,2,1,1,2,35,0.055372,0.061331,0,0.5,0,0.000723
9611210,,,3,2,5,3,2,5,30,0.073864,0.084076,0.00004,0.05,8,0.002031
9707274,,,10,42,52,10,42,52,32,0.067545,0.087837,0.000469,0.232655,9,0.016615
9707275,,,10,16,26,10,16,26,32,0.066437,0.080926,0.000006,0.284615,9,0.019993
9804418,,,1,2,3,1,2,3,44,0.037752,0.04069,0,0.333333,8,0.000801
106255,,,2,74,76,2,74,76,19,0.161734,0.206945,0.00075,0.077544,6,0.001464
9708416,,,4,2,6,4,2,6,42,0.040852,0.045169,0.000002,0.033333,6,0.002535
9906342,,,1,25,26,1,25,26,32,0.068257,0.092136,0,0.236923,4,0.000638
9808448,,,2,13,15,2,13,15,31,0.073301,0.100129,0.000097,0.038095,4,0.004273
10081,,,3,11,14,3,11,14,32,0.068098,0.090832,0,0.340659,4,0.00191
9707280,,,2,6,8,2,6,8,31,0.07098,0.086287,0,0.375,7,0.005749
105091,,,2,2,4,2,2,4,33,0.063327,0.075335,0.000007,0.083333,2,0.002418
9904253,,,4,4,8,4,4,8,32,0.0676,0.083305,0.0001,0.142857,5,0.004526
9707289,,,2,1,3,2,1,3,34,0.059273,0.068546,0,0.333333,8,0.003309
9707290,,,3,9,12,3,9,12,31,0.07104,0.086734,0.00111,0.174242,0,0.004447
106275,,,4,37,41,4,37,41,20,0.153999,0.192846,0.000233,0.101829,6,0.003019
9707304,,,2,8,10,2,8,10,30,0.075889,0.091845,0.000354,0.033333,7,0.002511
9707310,,,1,4,5,1,4,5,33,0.06335,0.078047,0.000334,0.2,8,0.003559
9707311,,,5,8,13,5,8,13,33,0.063235,0.076909,0.000261,0.076923,4,0.007379
9703235,,,4,2,6,4,2,6,33,0.062393,0.071857,0.000163,0.133333,4,0.007203
9706362,,,4,47,51,4,47,51,32,0.06743,0.086871,0.000691,0.159608,9,0.003687
9704282,,,3,1,4,3,1,4,40,0.044425,0.049155,0.000002,0,8,0.002558
9806439,,,3,6,9,3,6,9,32,0.065901,0.076593,0.000475,0.069444,8,0.002129
9905211,,,4,5,9,4,5,9,32,0.06745,0.083127,0.000003,0.152778,8,0.002702
9904268,,,2,7,9,2,7,9,31,0.071942,0.090058,0.000051,0.125,5,0.002075
11282,,,1,5,6,1,5,6,26,0.099143,0.119042,0.000059,0.133333,8,0.001471
9323,,,1,5,6,1,5,6,31,0.067957,0.080263,0.000095,0.233333,9,0.001471
9905396,,,2,6,8,2,6,8,33,0.063162,0.077555,0.000186,0.178571,9,0.002425
8013,,,1,16,17,1,16,17,23,0.11195,0.153015,0.000113,0.0625,2,0.002279
9703458,,,1,1,2,1,1,2,39,0.046502,0.052305,0,0,12,0.002263
9904321,,,9,14,23,9,14,23,31,0.073173,0.09825,0.000101,0.237154,7,0.014089
4120,,,1,9,10,1,9,10,26,0.097081,0.119691,0.000001,0.177778,7,0.000623
103319,,,1,10,11,1,10,11,26,0.104543,0.132374,0.000001,0.145455,7,0.000623
9082,,,3,14,17,3,14,17,26,0.106006,0.137262,0.00021,0.080882,7,0.001956
106332,,,1,14,15,1,14,15,23,0.133109,0.1681,0.002903,0.080952,6,0.00057
9125,,,2,23,25,2,23,25,24,0.119731,0.15149,0.000942,0.128333,6,0.001138
105312,,,2,4,6,2,4,6,21,0.129348,0.150671,0,0.266667,7,0.001894
12259,,,4,44,48,4,44,48,24,0.10658,0.142966,0.000151,0.222074,3,0.00252
9017,,,2,12,14,2,12,14,24,0.114536,0.145995,0.001103,0.120879,0,0.001301
9707365,,,9,5,14,9,5,14,32,0.066001,0.077267,0.000152,0.175824,1,0.006666
12236,,,3,14,17,3,14,17,24,0.110279,0.14294,0.000008,0.194853,2,0.003168
106345,,,2,20,22,2,20,22,20,0.158754,0.1949,0.000002,0.201299,6,0.001321
7088,,,2,11,13,2,11,13,26,0.101457,0.125699,0.000131,0.217949,12,0.00136
9707373,,,1,2,3,1,2,3,35,0.055972,0.064578,0.000079,0,11,0.000571
9707383,,,2,1,3,2,1,3,41,0.042598,0.047194,0,0.333333,8,0.002388
8062,,,1,4,5,1,4,5,26,0.096136,0.115825,0.00139,0.2,12,0.000947
8066,,,3,4,7,3,4,7,30,0.080323,0.09619,0.000122,0.190476,12,0.001703
9909349,,,3,5,8,3,5,8,34,0.060772,0.077088,0.000039,0.214286,4,0.003321
8071,,,4,17,21,4,17,21,32,0.068601,0.094342,0.000005,0.207143,7,0.003493
9707400,,,1,2,3,1,2,3,31,0.070912,0.083367,0.000081,0.166667,12,0.000639
9908204,,,1,10,11,1,10,11,28,0.084893,0.10702,0.011189,0.072727,0,0.000922
9906305,,,4,3,7,4,3,7,33,0.06108,0.067744,0.000036,0.238095,0,0.003255
9025,,,1,2,3,1,2,3,31,0.069565,0.079526,0,0.333333,13,0.000577
9707404,,,3,2,5,3,2,5,29,0.080988,0.096627,0.000031,0,10,0.002754
8081,,,1,6,7,1,6,7,23,0.122843,0.148907,0.000252,0.047619,6,0.000573
9707411,,,2,2,4,2,2,4,30,0.073978,0.084617,0.000039,0.333333,8,0.001447
8084,,,1,17,18,1,17,18,26,0.103779,0.133539,0.001685,0.081699,7,0.000952
8225,,,1,3,4,1,3,4,26,0.093843,0.110455,0.000085,0.166667,7,0.000585
9608314,,,3,1,4,3,1,4,32,0.064365,0.07089,0.000002,0.166667,7,0.005494
8090,,,4,9,13,4,9,13,25,0.109222,0.134957,0.000349,0.083333,7,0.002952
9812279,,,1,19,20,1,19,20,31,0.073036,0.098669,0.000002,0.118421,7,0.000763
10112,,,2,4,6,2,4,6,32,0.066428,0.078322,0.000001,0.266667,1,0.001488
12062,,,1,30,31,1,30,31,23,0.12265,0.151919,0.000583,0.102299,1,0.00092
9707420,,,2,29,31,2,29,31,33,0.063798,0.082578,0.000233,0.03871,9,0.002252
9706371,,,3,4,7,3,4,7,35,0.056047,0.064324,0.000034,0.119048,8,0.004879
8093,,,1,20,21,1,20,21,24,0.101593,0.130497,0.000005,0.15,2,0.000605
9908293,,,2,11,13,2,11,13,30,0.081291,0.102488,0.00014,0.147436,12,0.002154
9609296,,,2,1,3,2,1,3,40,0.044426,0.049158,0.000113,0.166667,13,0.001303
9707344,,,1,8,9,1,8,9,41,0.042591,0.047586,0.000009,0.097222,13,0.000729
8097,,,1,7,8,1,7,8,31,0.07075,0.086111,0.000282,0.089286,9,0.000691
9811271,,,4,4,8,4,4,8,35,0.056311,0.066103,0,0.178571,9,0.002451
9611286,,,2,2,4,2,2,4,43,0.039232,0.042731,0.00008,0.25,6,0.00447
9707440,,,1,2,3,1,2,3,32,0.065257,0.073351,0,0.5,0,0.000768
8113,,,2,12,14,2,12,14,27,0.092376,0.11139,0,0.340659,0,0.001135
9907249,,,1,2,3,1,2,3,35,0.05596,0.063712,0.000011,0,12,0.000578
9707443,,,1,36,37,1,36,37,31,0.071662,0.092756,0.000291,0.069069,4,0.00058
9810214,,,2,9,11,2,9,11,33,0.064168,0.081755,0.000033,0.127273,6,0.001667
9910325,,,2,7,9,2,7,9,33,0.06387,0.079798,0,0.305556,6,0.001536
9905558,,,2,10,12,2,10,12,33,0.063894,0.080331,0.000027,0.287879,6,0.001248
9708288,,,2,5,7,2,5,7,36,0.053424,0.061115,0,0.309524,6,0.001248
9912335,,,1,7,8,1,7,8,29,0.082235,0.103523,0.000009,0.107143,10,0.000641
5300,,,1,2,3,1,2,3,31,0.07039,0.081857,0,0.333333,10,0.000641
9806539,,,1,8,9,1,8,9,30,0.076013,0.092156,0,0.125,10,0.000641
9809476,,,1,7,8,1,7,8,30,0.075176,0.089689,0.000001,0.160714,10,0.000641
7095,,,1,6,7,1,6,7,26,0.094231,0.107798,0,0.214286,10,0.000641
9809231,,,1,1,2,1,1,2,31,0.069418,0.078675,0,0.5,0,0.000641
9806416,,,2,4,6,2,4,6,29,0.080173,0.094932,0.000068,0.2,10,0.001212
9911254,,,2,3,5,2,3,5,30,0.075408,0.089618,0.00004,0.15,10,0.001212
3052,,,2,12,14,2,12,14,30,0.077241,0.097446,0.000737,0.071429,0,0.001209
9906285,,,2,9,11,2,9,11,30,0.077341,0.099518,0.000005,0.163636,7,0.001209
9811433,,,2,3,5,2,3,5,30,0.073948,0.084701,0.000004,0.05,0,0.001212
8126,,,1,3,4,1,3,4,27,0.086362,0.102452,0.000079,0.166667,3,0.000568
9910235,,,1,4,5,1,4,5,27,0.088464,0.108809,0.000015,0.25,3,0.000568
9909386,,,2,14,16,2,14,16,24,0.105786,0.132255,0.000059,0.120833,6,0.001319
9905266,,,8,16,24,8,16,24,25,0.103371,0.127787,0.000119,0.125,6,0.00809
9707459,,,4,2,6,4,2,6,34,0.059451,0.069932,0.000002,0.166667,8,0.004119
8132,,,1,5,6,1,5,6,26,0.089623,0.108887,0,0.333333,3,0.000579
8133,,,1,17,18,1,17,18,24,0.099281,0.127761,0.000307,0.075163,0,0.000692
9812327,,,1,2,3,1,2,3,34,0.05773,0.064065,0.000068,0.166667,0,0.000573
9808477,,,4,5,9,4,5,9,33,0.061236,0.068983,0.000158,0.152778,0,0.002492
9704204,,,3,4,7,3,4,7,33,0.062012,0.07096,0.000023,0.071429,8,0.002092
6122,,,6,12,18,6,12,18,24,0.10555,0.135751,0.000221,0.330065,3,0.006969
9701406,,,3,8,11,3,8,11,31,0.069894,0.081973,0.000088,0.118182,5,0.007147
8153,,,2,5,7,2,5,7,25,0.106731,0.132417,0,0.285714,3,0.002239
8155,,,6,7,13,6,7,13,24,0.102014,0.130003,0.000005,0.24359,2,0.005531
9707484,,,1,3,4,1,3,4,42,0.040829,0.044782,0,0.166667,5,0.000568
9608294,,,2,1,3,2,1,3,41,0.042537,0.046586,0.000039,0.166667,5,0.001135
8161,,,1,1,2,1,1,2,41,0.042568,0.046883,0,0,8,0.000629
9904489,,,2,5,7,2,5,7,26,0.087824,0.098839,0.000082,0.166667,2,0.001424
8165,,,1,8,9,1,8,9,24,0.119287,0.150733,0.000155,0.194444,7,0.000632
9707495,,,1,3,4,1,3,4,30,0.07556,0.089255,0.000168,0,7,0.000576
9607312,,,3,5,8,3,5,8,29,0.08167,0.099454,0.00027,0.017857,7,0.002362
8168,,,4,15,19,4,15,19,25,0.104538,0.127831,0.000764,0.181287,8,0.002881
9607326,,,5,11,16,5,11,16,32,0.066518,0.078893,0.000033,0.175,4,0.010413
9707499,,,1,4,5,1,4,5,40,0.044454,0.049597,0,0.2,8,0.000648
8180,,,1,2,3,1,2,3,32,0.067203,0.081953,0,0.5,1,0.000694
8184,,,2,15,17,2,15,17,25,0.111914,0.147324,0.000129,0.180147,11,0.00129
9707513,,,2,2,4,2,2,4,35,0.055379,0.061375,0,0.416667,0,0.001193
8190,,,1,49,50,1,49,50,21,0.144481,0.193294,0.001145,0.060408,6,0.000661
9906330,,,2,9,11,2,9,11,24,0.109782,0.129685,0.000295,0.054545,7,0.001392
8192,,,2,36,38,2,36,38,22,0.136671,0.170357,0.001322,0.066066,4,0.001425
3272,,,4,10,14,4,10,14,25,0.097474,0.110706,0.000239,0.164835,4,0.002731
9606434,,,2,8,10,2,8,10,33,0.063408,0.076646,0.000578,0.077778,4,0.002177
8196,,,1,5,6,1,5,6,32,0.068138,0.087303,0.000003,0.133333,4,0.000975
8197,,,1,13,14,1,13,14,34,0.061172,0.079682,0.000276,0.230769,11,0.001545
9904274,,,3,8,11,3,8,11,34,0.060278,0.074929,0.000032,0.281818,11,0.002112
9808429,,,4,16,20,4,16,20,34,0.060342,0.076368,0.000068,0.157895,11,0.003719
9609222,,,1,1,2,1,1,2,29,0.079808,0.093197,0,0.5,8,0.000687
9707299,,,9,8,17,9,8,17,34,0.059995,0.073231,0.000226,0.198529,9,0.011115
9706357,,,3,7,10,3,7,10,34,0.059299,0.070696,0,0.411111,9,0.003329
9607318,,,3,5,8,3,5,8,40,0.044446,0.049823,0.000067,0.267857,11,0.004392
9609239,,,2,4,6,2,4,6,41,0.042554,0.046941,0,0.133333,8,0.00139
9609243,,,5,4,9,5,4,9,34,0.060129,0.0724,0.00055,0.041667,8,0.005398
9603234,,,7,1,8,7,1,8,29,0.079754,0.092928,0.000207,0.160714,13,0.020621
9608373,,,7,2,9,7,2,9,29,0.079757,0.092995,0.000217,0.097222,13,0.015654
9912325,,,1,21,22,1,21,22,24,0.110211,0.136142,0.000278,0.095238,7,0.001293
8228,,,2,15,17,2,15,17,23,0.124709,0.15151,0.000003,0.150735,6,0.002285
9710328,,,6,1,7,6,1,7,44,0.037728,0.040443,0.000003,0.119048,2,0.013455
8236,,,3,15,18,3,15,18,25,0.105718,0.126968,0.000539,0.140523,1,0.002059
9609261,,,2,1,3,2,1,3,39,0.0465,0.052302,0,0.166667,12,0.003785
8246,,,1,8,9,1,8,9,30,0.080604,0.097889,0.000013,0.333333,10,0.000568
8251,,,1,12,13,1,12,13,23,0.116036,0.150934,0.000033,0.371795,9,0.000568
8256,,,2,5,7,2,5,7,24,0.098172,0.12378,0.000009,0.285714,2,0.003007
9904201,,,7,23,30,7,23,30,28,0.086,0.114454,0.000122,0.103448,6,0.010286
9805336,,,3,22,25,3,22,25,31,0.073,0.098388,0.000259,0.123333,4,0.005904
8268,,,1,40,41,1,40,41,23,0.132785,0.173784,0.000154,0.086585,6,0.000623
9908351,,,4,7,11,4,7,11,34,0.059271,0.069883,0.000001,0.3,4,0.002366
8270,,,1,16,17,1,16,17,23,0.125883,0.157163,0.000471,0.113971,9,0.000628
7220,,,1,33,34,1,33,34,23,0.127035,0.164805,0.000174,0.04902,9,0.00057
9707517,,,8,2,10,8,2,10,40,0.044451,0.049602,0.000012,0.066667,11,0.012555
9904215,,,1,2,3,1,2,3,33,0.063299,0.076348,0.000004,0,11,0.000576
9911270,,,4,7,11,4,7,11,23,0.119571,0.141587,0.000631,0.145455,8,0.002795
7258,,,4,23,27,4,23,27,24,0.11209,0.134448,0.000107,0.206553,8,0.002614
8286,,,2,33,35,2,33,35,22,0.133402,0.163258,0.000004,0.083193,6,0.001135
9708421,,,13,2,15,13,2,15,41,0.042541,0.04668,0.000002,0.161905,6,0.013421
9710247,,,6,3,9,6,3,9,30,0.074097,0.085168,0.000303,0.138889,8,0.004729
9808202,,,3,12,15,3,12,15,31,0.071048,0.087145,0.000427,0.080952,8,0.002342
9712550,,,2,7,9,2,7,9,33,0.063423,0.079017,0,0.222222,9,0.001389
9811440,,,5,26,31,5,26,31,26,0.095461,0.126555,0.000359,0.07957,9,0.005936
9807509,,,2,15,17,2,15,17,32,0.067422,0.086197,0.000002,0.121324,9,0.001528
9709335,,,2,9,11,2,9,11,33,0.063079,0.077096,0.00008,0.136364,4,0.001455
8301,,,1,13,14,1,13,14,31,0.072039,0.091144,0.000006,0.197802,1,0.000635
4234,,,2,2,4,2,2,4,32,0.067023,0.081462,0,0.25,1,0.001206
8302,,,3,6,9,3,6,9,26,0.096768,0.113869,0.000111,0.142857,1,0.001895
8316,,,3,8,11,3,8,11,25,0.103245,0.121965,0.000281,0.111111,1,0.001895
9911276,,,3,20,23,3,20,23,29,0.084684,0.103061,0.000028,0.124506,1,0.002816
9906307,,,3,37,40,3,37,40,25,0.098056,0.130515,0.00036,0.091026,2,0.003013
9808370,,,1,4,5,1,4,5,33,0.064781,0.083665,0,0,2,0.00057
9904243,,,1,26,27,1,26,27,31,0.073356,0.100371,0.000148,0.082621,1,0.000623
9809431,,,2,15,17,2,15,17,31,0.072465,0.095947,0.000035,0.205882,1,0.003618
4248,,,2,11,13,2,11,13,23,0.128685,0.164076,0.000758,0.198718,6,0.001556
9904246,,,3,5,8,3,5,8,31,0.070353,0.081579,0.000002,0.375,13,0.001897
9806453,,,5,3,8,5,3,8,31,0.070383,0.081768,0.000003,0.428571,13,0.003624
9808263,,,5,3,8,5,3,8,31,0.070347,0.08144,0.000012,0.392857,13,0.004695
9252,,,1,5,6,1,5,6,29,0.08435,0.101771,0,0.233333,1,0.000686
9224,,,1,6,7,1,6,7,26,0.095445,0.11147,0,0.266667,1,0.000686
9904255,,,2,6,8,2,6,8,33,0.062911,0.074901,0.000033,0.107143,8,0.001193
9810370,,,10,6,16,10,6,16,32,0.06659,0.078304,0.000307,0.0875,8,0.007336
9810551,,,2,16,18,2,16,18,35,0.056363,0.066908,0.000153,0.104575,8,0.001842
8320,,,1,9,10,1,9,10,23,0.115455,0.143255,0.000008,0.188889,6,0.001206
9904258,,,1,9,10,1,9,10,32,0.068037,0.088141,0.000119,0.122222,11,0.000704
9709490,,,2,13,15,2,13,15,35,0.056838,0.068082,0.000008,0.071429,11,0.001207
9610467,,,10,6,16,10,6,16,35,0.056829,0.067249,0.000159,0.129167,11,0.010345
9710222,,,9,7,16,9,7,16,35,0.05685,0.067589,0.000144,0.125,11,0.008446
8327,,,1,28,29,1,28,29,26,0.104712,0.130744,0.000017,0.188424,1,0.000635
8328,,,1,33,34,1,33,34,27,0.098348,0.125313,0.000027,0.176471,0,0.000568
9708442,,,2,13,15,2,13,15,30,0.076177,0.09531,0.000072,0.07619,6,0.001265
9808386,,,1,11,12,1,11,12,31,0.071549,0.088734,0.000227,0.113636,7,0.000978
8338,,,3,3,6,3,3,6,24,0.113055,0.136766,0,0.366667,7,0.003034
108233,,,1,15,16,1,15,16,24,0.125424,0.159198,0.022549,0.141667,1,0.002061
9802234,,,2,6,8,2,6,8,31,0.070679,0.084867,0.000006,0.107143,1,0.002628
9904280,,,4,9,13,4,9,13,33,0.062976,0.074933,0.000353,0.230769,8,0.002617
9810465,,,2,3,5,2,3,5,40,0.044559,0.050399,0.000007,0.3,8,0.001694
9807457,,,3,6,9,3,6,9,32,0.067128,0.081437,0.000007,0.069444,2,0.0073
9807214,,,3,4,7,3,4,7,33,0.062813,0.072946,0.000001,0.285714,2,0.004599
9705335,,,3,2,5,3,2,5,33,0.062868,0.073324,0.000003,0.1,2,0.010543
9809537,,,6,2,8,6,2,8,35,0.056818,0.067151,0.000003,0.107143,4,0.006874
9807321,,,5,1,6,5,1,6,35,0.05688,0.069005,0.000009,0.2,4,0.00756
9801409,,,8,5,13,8,5,13,34,0.060252,0.074352,0.000017,0.179487,4,0.008936
9808488,,,6,9,15,6,9,15,34,0.060169,0.074701,0.000004,0.190476,4,0.006129
9806425,,,3,5,8,3,5,8,30,0.073879,0.084322,0.000702,0.196429,0,0.003686
9904302,,,1,3,4,1,3,4,27,0.083235,0.096434,0,0.166667,2,0.005542
9801333,,,1,5,6,1,5,6,34,0.059597,0.0708,0.000004,0.133333,0,0.000568
12318,,,1,39,40,1,39,40,23,0.132169,0.168964,0.000153,0.067308,6,0.00131
9905216,,,1,8,9,1,8,9,26,0.093327,0.112032,0,0.152778,6,0.000603
9812501,,,4,4,8,4,4,8,35,0.055461,0.061927,0.000079,0.214286,6,0.004781
9904318,,,9,4,13,9,4,13,26,0.090533,0.105976,0.036809,0.403846,3,0.02053
9806314,,,3,5,8,3,5,8,34,0.060122,0.074499,0.000245,0.035714,8,0.00346
9812417,,,4,2,6,4,2,6,34,0.05936,0.068605,0.000045,0.166667,1,0.006239
9810259,,,9,9,18,9,9,18,32,0.068638,0.092841,0.00054,0.169935,1,0.014452
9710429,,,2,3,5,2,3,5,34,0.059282,0.068774,0.000089,0,1,0.002195
9609422,,,2,2,4,2,2,4,43,0.039217,0.04251,0,0,12,0.001207
9609425,,,3,8,11,3,8,11,35,0.056801,0.06752,0.000263,0.045455,8,0.002746
9904340,,,1,5,6,1,5,6,27,0.083731,0.098107,0.000508,0.166667,2,0.003761
205013,,,1,8,9,1,8,9,23,0.119348,0.143527,0.000943,0.138889,4,0.00131
204348,,,1,7,8,1,7,8,22,0.123894,0.149477,0.000579,0.214286,4,0.000603
12324,,,1,3,4,1,3,4,31,0.069831,0.079735,0,0.166667,10,0.000568
9711334,,,2,1,3,2,1,3,34,0.059274,0.068548,0,0.333333,6,0.00313
9607287,,,3,1,4,3,1,4,44,0.037751,0.040654,0,0.333333,6,0.003242
9608325,,,5,5,10,5,5,10,34,0.05966,0.070089,0.001519,0.077778,11,0.00718
205022,,,5,38,43,5,38,43,16,0.189185,0.215174,0.004211,0.121371,2,0.003211
205141,,,1,45,46,1,45,46,15,0.204795,0.233408,0.003583,0.094949,2,0.000804
204254,,,2,12,14,2,12,14,17,0.170245,0.192225,0.000135,0.186813,2,0.001383
9609439,,,1,2,3,1,2,3,37,0.049865,0.054162,0.000039,0.333333,8,0.001684
9811443,,,2,22,24,2,22,24,31,0.074296,0.102582,0.000026,0.088768,4,0.001262
9806216,,,2,5,7,2,5,7,30,0.074952,0.087368,0,0.333333,13,0.006921
9807215,,,2,5,7,2,5,7,30,0.075021,0.087694,0.000011,0.285714,13,0.006926
9606418,,,3,1,4,3,1,4,44,0.037756,0.040818,0.000001,0.166667,9,0.007563
205029,,,1,6,7,1,6,7,24,0.097484,0.119997,0.000002,0.119048,2,0.000625
9908465,,,2,10,12,2,10,12,25,0.088351,0.107529,0.000323,0.106061,2,0.001418
9604333,,,5,4,9,5,4,9,40,0.044429,0.049498,0.000004,0.277778,11,0.005381
9604344,,,7,1,8,7,1,8,41,0.042537,0.046656,0.00002,0.142857,11,0.00797
9809496,,,3,8,11,3,8,11,31,0.07277,0.095642,0.000065,0.172727,7,0.002012
205035,,,2,5,7,2,5,7,22,0.142331,0.157821,0.000178,0.1,2,0.001199
205220,,,2,8,10,2,8,10,21,0.153315,0.172363,0.001712,0.017857,10,0.001259
112214,,,1,11,12,1,11,12,22,0.147297,0.169959,0.000031,0.1,2,0.000625
9904364,,,1,9,10,1,9,10,34,0.060385,0.075649,0.000159,0.155556,4,0.000893
9609454,,,1,3,4,1,3,4,34,0.059283,0.068748,0.000078,0.25,5,0.000634
9904368,,,4,15,19,4,15,19,35,0.05749,0.072778,0.000011,0.24269,8,0.00255
9904371,,,2,6,8,2,6,8,27,0.086025,0.105058,0.000002,0.232143,0,0.001332
205218,,,1,17,18,1,17,18,19,0.171241,0.195432,0.001559,0.199346,11,0.000571
111289,,,1,1,2,1,1,2,24,0.103018,0.118056,0,0,3,0.000571
205053,,,9,24,33,9,24,33,18,0.171172,0.192255,0.012939,0.165025,2,0.006873
9807426,,,13,3,16,13,3,16,38,0.048709,0.055462,0.000004,0.270833,2,0.011759
205061,,,4,5,9,4,5,9,19,0.151875,0.167349,0,0.464286,2,0.003152
9807371,,,12,2,14,12,2,14,43,0.038687,0.04169,0.000001,0.324176,2,0.011684
208089,,,2,25,27,2,25,27,17,0.177462,0.198507,0.002397,0.183077,2,0.001669
112101,,,5,8,13,5,8,13,22,0.134154,0.154657,0.000005,0.352564,2,0.003925
206308,,,3,46,49,3,46,49,17,0.200076,0.231912,0.010416,0.095301,2,0.00244
207348,,,3,21,24,3,21,24,17,0.176496,0.196738,0.00109,0.203557,2,0.002306
9904386,,,2,3,5,2,3,5,28,0.086698,0.104478,0.000201,0.2,13,0.001271
9904388,,,2,22,24,2,22,24,27,0.086013,0.107029,0.000005,0.074275,6,0.001145
9708486,,,2,3,5,2,3,5,45,0.036376,0.039076,0,0.4,6,0.0012
9702415,,,4,1,5,4,1,5,45,0.036367,0.038856,0,0.35,6,0.002715
9904397,,,1,5,6,1,5,6,33,0.063292,0.077992,0,0.433333,9,0.000713
9610277,,,4,1,5,4,1,5,42,0.040816,0.04462,0,0.3,1,0.004178
9609493,,,1,1,2,1,1,2,46,0.035096,0.03739,0,0.5,2,0.000785
9809377,,,6,20,26,6,20,26,32,0.068746,0.095849,0.000098,0.255385,7,0.007891
9708496,,,2,2,4,2,2,4,32,0.065178,0.073547,0,0.333333,1,0.001326
9806455,,,3,7,10,3,7,10,31,0.070831,0.085854,0.000042,0.177778,1,0.001911
9709226,,,5,8,13,5,8,13,35,0.056086,0.064742,0.000056,0.070513,8,0.00844
9807519,,,3,4,7,3,4,7,32,0.065887,0.075584,0.000066,0.261905,7,0.002
9811370,,,2,4,6,2,4,6,33,0.063204,0.075385,0,0.266667,7,0.001366
205094,,,2,14,16,2,14,16,21,0.159943,0.191575,0.12488,0.071429,6,0.002843
205204,,,1,27,28,1,27,28,20,0.163511,0.19578,0.077422,0.172365,6,0.000693
9904426,,,1,3,4,1,3,4,33,0.064094,0.082967,0.000063,0.166667,4,0.001286
9810537,,,3,8,11,3,8,11,33,0.064271,0.084024,0.00002,0.172727,4,0.004167
110195,,,2,24,26,2,24,26,21,0.145302,0.176983,0.003948,0.186154,7,0.002998
9904435,,,1,6,7,1,6,7,26,0.092251,0.113928,0.000222,0.071429,4,0.001337
9710478,,,2,4,6,2,4,6,34,0.06016,0.072853,0.000124,0.133333,4,0.001368
9710388,,,1,7,8,1,7,8,32,0.065277,0.074936,0.000025,0.25,4,0.001927
9904445,,,2,11,13,2,11,13,26,0.091925,0.111962,0.000006,0.217949,6,0.002567
9904449,,,1,13,14,1,13,14,31,0.071922,0.091034,0,0.164835,1,0.000626
9904454,,,3,3,6,3,3,6,33,0.062914,0.073833,0,0.3,7,0.001769
9904459,,,2,7,9,2,7,9,29,0.080316,0.095638,0.00047,0.083333,10,0.001366
9810392,,,1,1,2,1,1,2,43,0.039211,0.042307,0.000079,0,10,0.000634
9812440,,,1,8,9,1,8,9,29,0.079932,0.094004,0.00008,0.277778,10,0.000634
9904460,,,3,37,40,3,37,40,32,0.068849,0.094914,0.000012,0.108333,1,0.002625
9709396,,,2,3,5,2,3,5,34,0.059158,0.068002,0.000052,0.2,7,0.002539
9904464,,,2,15,17,2,15,17,33,0.06344,0.078204,0.000001,0.176471,8,0.00119
204317,,,1,35,36,1,35,36,22,0.150047,0.186169,0.000001,0.127778,2,0.000579
204335,,,1,39,40,1,39,40,18,0.178725,0.210182,0.00001,0.107692,2,0.000579
205032,,,1,21,22,1,21,22,16,0.193626,0.217186,0.000638,0.116883,2,0.000579
204144,,,2,2,4,2,2,4,19,0.145572,0.166237,0,0.25,2,0.001147
204278,,,1,9,10,1,9,10,18,0.164155,0.18774,0.000014,0.211111,2,0.000579
9904473,,,4,24,28,4,24,28,25,0.100456,0.129177,0.000322,0.124339,9,0.008372
9904475,,,1,14,15,1,14,15,32,0.068739,0.092312,0.000002,0.147619,1,0.001455
9903531,,,2,23,25,2,23,25,31,0.072556,0.094914,0.000152,0.196667,8,0.001791
9904479,,,1,17,18,1,17,18,31,0.071922,0.09199,0.000006,0.120915,1,0.002364
205153,,,1,6,7,1,6,7,23,0.118383,0.140234,0,0.333333,8,0.000589
110123,,,2,8,10,2,8,10,26,0.099954,0.124624,0.000002,0.333333,8,0.001322
9811421,,,1,2,3,1,2,3,34,0.059462,0.069978,0,0.333333,2,0.000637
9708221,,,3,25,28,3,25,28,30,0.075798,0.094441,0.000323,0.050265,4,0.004477
9904492,,,2,2,4,2,2,4,33,0.062835,0.075049,0.000056,0.333333,5,0.00132
9906524,,,3,6,9,3,6,9,32,0.067229,0.081589,0.000085,0.166667,8,0.002052
9808357,,,5,4,9,5,4,9,33,0.063552,0.077233,0.000169,0.125,3,0.007384
9812401,,,2,5,7,2,5,7,34,0.060314,0.073731,0.000037,0.166667,3,0.005079
9812402,,,3,2,5,3,2,5,33,0.063751,0.077629,0.000038,0.1,3,0.008062
9806206,,,1,17,18,1,17,18,32,0.068708,0.094592,0,0.117647,7,0.000697
9510356,,,2,1,3,2,1,3,41,0.042538,0.046592,0.000143,0,10,0.001544
9712452,,,1,4,5,1,4,5,41,0.042558,0.046987,0.000214,0.2,10,0.000592
9712408,,,1,4,5,1,4,5,40,0.044435,0.04941,0.000003,0.45,5,0.000571
9709236,,,4,3,7,4,3,7,40,0.044432,0.049335,0.000013,0.309524,5,0.003516
9806214,,,3,2,5,3,2,5,33,0.06337,0.077816,0,0.35,9,0.004798
9806222,,,3,9,12,3,9,12,32,0.067578,0.087143,0.000023,0.113636,4,0.00413
9806231,,,1,13,14,1,13,14,33,0.0631,0.076518,0.000005,0.307692,12,0.005841
9908294,,,3,4,7,3,4,7,33,0.063944,0.07888,0,0.166667,2,0.007329
9806248,,,1,3,4,1,3,4,34,0.059984,0.071033,0.000003,0.166667,7,0.000825
9806251,,,1,6,7,1,6,7,30,0.07574,0.090442,0.000002,0.166667,0,0.000678
205228,,,1,25,26,1,25,26,15,0.205328,0.232134,0.00993,0.12,2,0.000568
110125,,,1,5,6,1,5,6,22,0.125185,0.144165,0.000134,0.166667,2,0.000568
205234,,,1,15,16,1,15,16,20,0.150252,0.175818,0,0.141667,2,0.000629
205235,,,1,16,17,1,16,17,23,0.129192,0.156945,0.0037,0.213235,8,0.00102
106075,,,2,9,11,2,9,11,25,0.110136,0.133816,0.000089,0.254545,8,0.001404
105207,,,5,6,11,5,6,11,26,0.098468,0.119745,0.000228,0.318182,8,0.004187
205241,,,14,28,42,14,28,42,19,0.171996,0.19319,0.000375,0.153846,2,0.010147
205261,,,11,6,17,11,6,17,20,0.153125,0.168233,0,0.316667,2,0.008406
206162,,,8,25,33,8,25,33,20,0.170831,0.192844,0.007115,0.134073,2,0.006027
207227,,,5,32,37,5,32,37,19,0.179921,0.205605,0.025394,0.155971,2,0.004557
9806273,,,1,20,21,1,20,21,31,0.071936,0.09354,0,0.333333,4,0.000783
205251,,,1,5,6,1,5,6,23,0.126719,0.143606,0.001579,0.1,13,0.000749
110091,,,1,2,3,1,2,3,30,0.074759,0.086165,0.000245,0,13,0.000576
10223,,,1,6,7,1,6,7,32,0.066755,0.078742,0.00008,0.261905,13,0.000576
207191,,,1,13,14,1,13,14,22,0.143522,0.168304,0.000855,0.10989,1,0.000576
9806277,,,4,9,13,4,9,13,33,0.064073,0.082086,0.000147,0.102564,1,0.006747
9806281,,,4,5,9,4,5,9,34,0.06013,0.07405,0.000022,0.263889,0,0.013645
9710329,,,3,3,6,3,3,6,35,0.055917,0.064501,0,0.366667,0,0.009184
9711409,,,1,5,6,1,5,6,34,0.059723,0.070707,0.000055,0.366667,5,0.000958
9702330,,,2,1,3,2,1,3,44,0.037736,0.040551,0,0,6,0.001835
9706332,,,5,26,31,5,26,31,33,0.06291,0.077974,0.000036,0.150538,4,0.006961
9806295,,,1,2,3,1,2,3,41,0.042583,0.047106,0.000003,0.166667,8,0.000956
9608338,,,7,2,9,7,2,9,40,0.044428,0.049226,0.000161,0.055556,8,0.006464
9806296,,,1,1,2,1,1,2,39,0.046488,0.052082,0,0,8,0.001218
203121,,,1,54,55,1,54,55,19,0.176254,0.215509,0.166347,0.089448,6,0.002271
9806309,,,1,4,5,1,4,5,34,0.060606,0.076223,0.000001,0.15,3,0.004161
9806310,,,1,2,3,1,2,3,31,0.070871,0.085135,0,0.166667,7,0.000638
12369,,,2,29,31,2,29,31,20,0.14324,0.166828,0.000568,0.147312,0,0.001429
11134,,,1,19,20,1,19,20,30,0.072928,0.095551,0.000116,0.315789,0,0.000637
9710423,,,6,9,15,6,9,15,33,0.063468,0.079938,0.000253,0.128571,9,0.004105
205293,,,1,2,3,1,2,3,16,0.170902,0.185832,0.009934,0.333333,2,0.000569
9806318,,,2,1,3,2,1,3,38,0.048431,0.053823,0,0,2,0.003559
205295,,,1,38,39,1,38,39,18,0.157855,0.185861,0.000319,0.200405,2,0.00057
204171,,,1,17,18,1,17,18,19,0.142811,0.164306,0,0.343137,2,0.000568
9806323,,,2,4,6,2,4,6,33,0.063564,0.0775,0.000141,0.2,5,0.001793
9806327,,,1,1,2,1,1,2,40,0.043539,0.046766,0.000011,0,0,0.000682
9709285,,,2,2,4,2,2,4,39,0.045516,0.049337,0.000079,0,0,0.001141
9806331,,,2,8,10,2,8,10,32,0.068213,0.090006,0.000125,0.088889,6,0.003068
107004,,,2,10,12,2,10,12,23,0.117251,0.138752,0.000347,0.090909,2,0.002233
102001,,,2,6,8,2,6,8,24,0.099253,0.12432,0.000015,0.125,2,0.001304
9907382,,,3,7,10,3,7,10,33,0.064007,0.0796,0.000004,0.122222,2,0.001934
9708286,,,2,2,4,2,2,4,34,0.059614,0.070709,0.000079,0.083333,6,0.002797
11394,,,1,46,47,1,46,47,27,0.094726,0.119231,0.000048,0.226642,13,0.00057
9707439,,,3,10,13,3,10,13,33,0.062838,0.076034,0.000001,0.262821,4,0.00295
205327,,,1,30,31,1,30,31,16,0.189495,0.217195,0.012419,0.12043,3,0.000606
111465,,,3,18,21,3,18,21,19,0.17236,0.201981,0.001363,0.242857,3,0.001798
9712413,,,1,5,6,1,5,6,31,0.071206,0.085535,0.000053,0.066667,13,0.001215
205331,,,1,25,26,1,25,26,18,0.169834,0.195486,0.017629,0.124615,3,0.000606
9806359,,,2,11,13,2,11,13,32,0.066916,0.081738,0.000033,0.166667,9,0.004551
9806363,,,2,1,3,2,1,3,38,0.048324,0.054612,0,0.333333,8,0.001709
9806365,,,2,1,3,2,1,3,34,0.059095,0.067419,0.000079,0,7,0.001256
107040,,,1,35,36,1,35,36,21,0.150187,0.191515,0.000734,0.138889,6,0.000568
9907542,,,4,14,18,4,14,18,22,0.128525,0.15078,0.000025,0.124183,6,0.002606
104243,,,1,18,19,1,18,19,20,0.149264,0.183069,0.000566,0.099415,6,0.000568
9806378,,,1,6,7,1,6,7,32,0.06804,0.088547,0.000011,0.238095,2,0.0019
9806384,,,1,2,3,1,2,3,38,0.048328,0.054688,0,0.333333,8,0.000568
107057,,,6,20,26,6,20,26,23,0.121334,0.156793,0.002594,0.195385,3,0.006366
107060,,,2,18,20,2,18,20,26,0.101619,0.126037,0.000076,0.184211,12,0.001199
105253,,,4,23,27,4,23,27,26,0.09576,0.114591,0.00008,0.185185,12,0.002568
9609258,,,3,5,8,3,5,8,33,0.063816,0.078243,0.000721,0.125,12,0.00446
9806389,,,1,3,4,1,3,4,31,0.071103,0.084652,0.000007,0.083333,12,0.000625
10298,,,1,6,7,1,6,7,30,0.077135,0.097884,0,0.214286,8,0.000677
9806395,,,3,5,8,3,5,8,31,0.069891,0.080355,0.000229,0.214286,13,0.002424
9712530,,,1,6,7,1,6,7,33,0.063553,0.077865,0.000082,0.166667,4,0.003584
9806411,,,4,2,6,4,2,6,39,0.046355,0.051831,0.000079,0.2,2,0.002472
9806417,,,1,1,2,1,1,2,34,0.058405,0.065267,0,0.5,12,0.000623
9806420,,,1,3,4,1,3,4,30,0.074163,0.085314,0.000079,0.25,8,0.000692
9608469,,,1,1,2,1,1,2,40,0.044424,0.049152,0,0.5,8,0.000573
9806421,,,1,2,3,1,2,3,31,0.069745,0.07952,0.000039,0,13,0.000568
106060,,,1,8,9,1,8,9,24,0.09588,0.116574,0.000001,0.236111,4,0.000995
104091,,,2,9,11,2,9,11,23,0.102928,0.126053,0.000228,0.272727,4,0.001581
9806427,,,1,3,4,1,3,4,43,0.039263,0.043055,0,0.166667,2,0.000571
103022,,,2,7,9,2,7,9,24,0.109225,0.131021,0.000091,0.083333,7,0.001193
105270,,,1,15,16,1,15,16,22,0.131077,0.159579,0.000002,0.1,6,0.000623
107104,,,1,6,7,1,6,7,30,0.077374,0.098286,0.000002,0.119048,8,0.000568
9806433,,,1,4,5,1,4,5,33,0.06253,0.073644,0,0.4,0,0.000886
9610317,,,1,1,2,1,1,2,45,0.036365,0.038889,0.000003,0,2,0.001377
9806438,,,1,2,3,1,2,3,46,0.035124,0.037663,0,0.5,3,0.000678
9706257,,,1,1,2,1,1,2,42,0.040827,0.044522,0,0,8,0.000631
9806443,,,1,2,3,1,2,3,36,0.053855,0.06286,0.000001,0.166667,4,0.000704
9611355,,,3,5,8,3,5,8,35,0.056868,0.067982,0.000092,0.107143,4,0.0025
9807225,,,3,2,5,3,2,5,33,0.062834,0.073139,0.000314,0.1,1,0.002233
9806445,,,2,14,16,2,14,16,33,0.063451,0.078913,0.000009,0.141667,12,0.002154
107124,,,1,10,11,1,10,11,26,0.109091,0.13897,0.001031,0.1,12,0.000686
10050,,,1,2,3,1,2,3,26,0.093153,0.10606,0.000004,0.166667,12,0.000573
10217,,,2,9,11,2,9,11,25,0.103604,0.121151,0.000007,0.172727,1,0.001152
9810547,,,1,8,9,1,8,9,31,0.070451,0.08453,0.000236,0.222222,1,0.000568
10137,,,2,17,19,2,17,19,26,0.100895,0.12441,0.000719,0.108187,1,0.00142
9259,,,1,2,3,1,2,3,31,0.070631,0.08262,0,0.5,8,0.000683
12273,,,1,3,4,1,3,4,31,0.070645,0.082793,0.000036,0.333333,8,0.000683
9907515,,,4,1,5,4,1,5,31,0.071016,0.083937,0.000018,0.25,8,0.002568
107129,,,1,16,17,1,16,17,18,0.133888,0.15382,0.003454,0.205882,0,0.000573
9806458,,,3,2,5,3,2,5,35,0.056022,0.063968,0.000039,0.15,12,0.005129
9806460,,,1,9,10,1,9,10,28,0.086969,0.105753,0,0.188889,10,0.000568
9806461,,,4,7,11,4,7,11,35,0.056105,0.065688,0,0.245455,0,0.002343
9806464,,,1,3,4,1,3,4,35,0.055976,0.063489,0.000417,0.166667,5,0.000665
107138,,,1,34,35,1,34,35,23,0.130103,0.166599,0.000221,0.071429,11,0.000624
9806470,,,1,1,2,1,1,2,34,0.059981,0.070857,0,0.5,7,0.000568
9710348,,,5,1,6,5,1,6,33,0.063801,0.077734,0.000149,0.166667,7,0.003102
9710503,,,1,9,10,1,9,10,32,0.067327,0.083308,0.001081,0.266667,12,0.010617
107144,,,1,55,56,1,55,56,24,0.127148,0.165956,0.005271,0.127273,1,0.000632
104169,,,1,9,10,1,9,10,27,0.098568,0.121705,0.000006,0.355556,1,0.00057
12069,,,1,2,3,1,2,3,31,0.073891,0.095978,0.000111,0,8,0.000868
9908261,,,2,10,12,2,10,12,29,0.080818,0.0979,0.000033,0.128788,10,0.001508
112184,,,1,18,19,1,18,19,22,0.145194,0.171917,0.003908,0.173203,6,0.000868
106287,,,1,16,17,1,16,17,22,0.13187,0.167076,0.00257,0.091912,2,0.001091
107158,,,1,15,16,1,15,16,27,0.103313,0.13461,0.000132,0.0625,8,0.000568
9711270,,,2,8,10,2,8,10,34,0.059615,0.072134,0.000001,0.288889,4,0.001823
9806488,,,3,4,7,3,4,7,34,0.059413,0.069965,0.000035,0.142857,6,0.00291
107162,,,1,10,11,1,10,11,25,0.102054,0.130702,0.000118,0.309091,3,0.000623
9909208,,,4,3,7,4,3,7,32,0.068008,0.086141,0.000047,0.119048,2,0.008163
107163,,,3,15,18,3,15,18,22,0.132545,0.160683,0,0.30719,7,0.002627
9806494,,,6,9,15,6,9,15,32,0.067843,0.087296,0.000059,0.085714,9,0.008451
9806499,,,8,1,9,8,1,9,46,0.035098,0.037348,0.000138,0.152778,11,0.005455
9806504,,,1,3,4,1,3,4,35,0.056332,0.065035,0.000003,0.083333,4,0.004575
107177,,,1,3,4,1,3,4,22,0.121601,0.141763,0,0.25,6,0.000633
107182,,,5,20,25,5,20,25,21,0.152287,0.189638,0.000134,0.128333,6,0.003676
9709448,,,1,9,10,1,9,10,31,0.071536,0.089448,0,0.166667,7,0.000663
9712422,,,1,4,5,1,4,5,33,0.063235,0.076669,0.000002,0.1,2,0.000975
107197,,,2,11,13,2,11,13,23,0.134133,0.165019,0.000401,0.211538,8,0.001569
106049,,,2,12,14,2,12,14,22,0.13879,0.171487,0.000069,0.225275,11,0.001213
9806528,,,4,1,5,4,1,5,30,0.074866,0.086762,0.000168,0.2,13,0.003351
107201,,,7,17,24,7,17,24,23,0.130306,0.160809,0.000386,0.264493,4,0.006742
9608225,,,2,2,4,2,2,4,34,0.059984,0.071035,0,0.25,6,0.007879
9806533,,,1,29,30,1,29,30,31,0.072851,0.097712,0.000192,0.11954,12,0.001587
9712539,,,1,2,3,1,2,3,34,0.059302,0.068805,0,0.166667,8,0.000613
106159,,,4,25,29,4,25,29,23,0.129193,0.158007,0.000083,0.12931,7,0.00301
9708234,,,1,2,3,1,2,3,38,0.048767,0.055771,0,0.333333,12,0.000801
107218,,,2,31,33,2,31,33,22,0.146853,0.191137,0.000185,0.081439,9,0.0012
6261,,,1,4,5,1,4,5,21,0.142918,0.167283,0.000012,0.05,6,0.000626
9811381,,,4,4,8,4,4,8,26,0.081337,0.095635,0.000367,0.107143,2,0.016405
9909559,,,2,5,7,2,5,7,31,0.070793,0.084102,0,0.214286,12,0.001963
107232,,,2,1,3,2,1,3,26,0.085921,0.102333,0.000005,0,5,0.001196
9708258,,,1,3,4,1,3,4,43,0.039236,0.042688,0,0.083333,13,0.000568
105236,,,2,17,19,2,17,19,28,0.086787,0.108154,0.00038,0.140351,0,0.001383
12057,,,2,11,13,2,11,13,27,0.083848,0.103802,0,0.262821,0,0.001211
9708266,,,1,4,5,1,4,5,28,0.086711,0.104733,0.002827,0.1,8,0.001684
107245,,,2,1,3,2,1,3,30,0.073891,0.084191,0.000007,0.166667,4,0.001572
107249,,,1,6,7,1,6,7,20,0.158708,0.185557,0.000007,0.142857,6,0.000572
107254,,,2,8,10,2,8,10,21,0.148591,0.177434,0.000325,0.25,7,0.001193
9706364,,,4,1,5,4,1,5,44,0.037728,0.040446,0.000236,0,2,0.003817
10092,,,2,9,11,2,9,11,24,0.103115,0.130632,0.000183,0.145455,2,0.001819
9707512,,,6,5,11,6,5,11,34,0.059617,0.071071,0.000163,0.145455,6,0.008212
107298,,,1,19,20,1,19,20,23,0.131096,0.161536,0.000003,0.173684,2,0.00097
106350,,,1,3,4,1,3,4,22,0.132233,0.155238,0.000307,0.166667,2,0.00097
107148,,,1,4,5,1,4,5,21,0.133347,0.158606,0.000143,0.1,3,0.00156
9708292,,,1,8,9,1,8,9,35,0.05727,0.072472,0.000103,0.194444,11,0.002018
9711356,,,1,4,5,1,4,5,33,0.063053,0.076333,0.000081,0.05,6,0.002155
9708368,,,1,1,2,1,1,2,34,0.059488,0.069939,0,0.5,6,0.000638
9706504,,,3,4,7,3,4,7,42,0.040815,0.044581,0.000064,0.309524,13,0.002266
107271,,,2,33,35,2,33,35,22,0.143074,0.183105,0.003865,0.094958,6,0.001208
9708296,,,4,5,9,4,5,9,40,0.044469,0.049998,0.000182,0.152778,8,0.004771
107231,,,1,26,27,1,26,27,23,0.133497,0.166245,0.000009,0.15812,2,0.000649
103312,,,1,27,28,1,27,28,23,0.116104,0.1521,0.000083,0.224868,3,0.000994
107287,,,1,7,8,1,7,8,23,0.117026,0.14653,0.000001,0.392857,3,0.000884
9708314,,,2,2,4,2,2,4,35,0.056743,0.066681,0.000004,0.166667,12,0.001453
107291,,,1,7,8,1,7,8,21,0.136365,0.161954,0.000018,0.285714,3,0.000571
106356,,,3,7,10,3,7,10,21,0.136207,0.161492,0.000018,0.188889,3,0.00188
9908510,,,1,7,8,1,7,8,32,0.067294,0.082145,0,0.303571,8,0.000678
106320,,,4,7,11,4,7,11,27,0.087678,0.106208,0.000002,0.245455,0,0.003535
9909293,,,3,12,15,3,12,15,24,0.10146,0.130469,0.000009,0.10989,2,0.008465
9906421,,,3,9,12,3,9,12,30,0.078558,0.100012,0.000042,0.189394,4,0.002374
9708330,,,3,39,42,3,39,42,32,0.067626,0.088575,0.00001,0.20151,9,0.003443
9003,,,1,6,7,1,6,7,26,0.096279,0.11388,0.000702,0.190476,11,0.001208
9912514,,,1,10,11,1,10,11,25,0.096498,0.109121,0.000274,0.181818,11,0.000599
9708332,,,1,5,6,1,5,6,33,0.063291,0.078145,0.000001,0.166667,9,0.00104
9910479,,,2,4,6,2,4,6,32,0.066862,0.078835,0.000153,0.2,13,0.00161
9807261,,,6,4,10,6,4,10,32,0.066859,0.078832,0.000137,0.188889,13,0.00415
107311,,,1,4,5,1,4,5,26,0.096123,0.11319,0.00001,0.15,8,0.001017
9708337,,,3,3,6,3,3,6,34,0.059272,0.068746,0.000065,0.166667,4,0.002426
107316,,,3,91,94,3,91,94,19,0.181023,0.227875,0.000743,0.052391,6,0.002036
107317,,,1,6,7,1,6,7,31,0.073638,0.097536,0.00008,0.190476,8,0.000568
107318,,,4,9,13,4,9,13,23,0.133056,0.156924,0.000208,0.160256,6,0.002501
9022,,,1,1,2,1,1,2,28,0.080664,0.09651,0,0,9,0.000568
107328,,,1,3,4,1,3,4,23,0.115556,0.132236,0,0.333333,1,0.000735
10130,,,1,3,4,1,3,4,26,0.09212,0.103387,0.000004,0.25,1,0.000735
10131,,,1,5,6,1,5,6,29,0.084273,0.099195,0.000064,0.133333,1,0.000735
7278,,,2,2,4,2,2,4,33,0.063127,0.074398,0.000002,0.166667,1,0.001311
9708361,,,1,11,12,1,11,12,33,0.06312,0.077816,0.000001,0.106061,4,0.000636
9708362,,,5,1,6,5,1,6,41,0.042556,0.046939,0,0.166667,11,0.005719
9036,,,1,30,31,1,30,31,26,0.105538,0.132414,0.000002,0.146237,1,0.000568
9911507,,,3,16,19,3,16,19,27,0.096498,0.117101,0.000001,0.263158,1,0.001714
9906276,,,3,7,10,3,7,10,34,0.060038,0.072855,0.000172,0.188889,8,0.004409
9809444,,,4,3,7,4,3,7,41,0.042611,0.047434,0.000052,0.119048,8,0.002972
9907370,,,1,15,16,1,15,16,31,0.073638,0.101256,0,0.1875,7,0.000638
9708371,,,3,2,5,3,2,5,36,0.053593,0.06096,0,0.45,1,0.002588
9610205,,,7,2,9,7,2,9,40,0.044445,0.049518,0.000103,0.111111,8,0.006203
9906396,,,1,8,9,1,8,9,31,0.072167,0.092566,0.000034,0.236111,7,0.000638
9711359,,,2,5,7,2,5,7,29,0.080552,0.095816,0.000519,0.047619,13,0.001491
9057,,,1,10,11,1,10,11,33,0.064534,0.083731,0.000158,0.227273,7,0.000631
5026,,,1,5,6,1,5,6,33,0.063891,0.079459,0.000001,0.3,7,0.000571
9910558,,,1,8,9,1,8,9,33,0.064406,0.082991,0,0.291667,7,0.000571
9711461,,,1,2,3,1,2,3,34,0.058803,0.066984,0,0.5,6,0.001562
9707415,,,3,21,24,3,21,24,31,0.071119,0.087737,0.000435,0.202899,0,0.002722
9073,,,3,39,42,3,39,42,24,0.127861,0.168608,0.000069,0.217189,7,0.002996
9809330,,,2,1,3,2,1,3,34,0.057838,0.063597,0.000003,0,1,0.001651
9708407,,,1,8,9,1,8,9,33,0.06308,0.075772,0,0.236111,4,0.000568
9708409,,,1,5,6,1,5,6,32,0.067031,0.082941,0.000313,0.066667,11,0.000838
9708410,,,2,5,7,2,5,7,35,0.056549,0.068845,0.000005,0.190476,4,0.002389
9086,,,1,27,28,1,27,28,25,0.101704,0.135705,0.000535,0.099206,8,0.000568
9909519,,,1,2,3,1,2,3,32,0.066156,0.077952,0,0.166667,8,0.000568
9087,,,1,13,14,1,13,14,21,0.13324,0.161862,0.000037,0.115385,2,0.000629
9092,,,1,14,15,1,14,15,24,0.097101,0.123328,0.000022,0.219048,2,0.001046
9708425,,,8,1,9,8,1,9,34,0.059976,0.07086,0.000073,0.194444,13,0.005735
9102,,,2,11,13,2,11,13,31,0.072547,0.093743,0.000097,0.121795,8,0.0012
9910531,,,1,10,11,1,10,11,31,0.070861,0.086019,0.000001,0.109091,8,0.000626
9105,,,1,5,6,1,5,6,24,0.11074,0.131314,0,0.366667,7,0.00131
9108,,,1,10,11,1,10,11,31,0.074745,0.097892,0.000108,0.218182,12,0.000641
9909322,,,4,3,7,4,3,7,32,0.066962,0.080136,0.00045,0.047619,12,0.003102
9708451,,,1,2,3,1,2,3,37,0.05064,0.056699,0.000058,0.166667,4,0.000935
7310,,,2,14,16,2,14,16,24,0.108596,0.128658,0.000004,0.1375,4,0.001195
9132,,,1,31,32,1,31,32,24,0.11459,0.141009,0.00002,0.13004,0,0.000573
9910348,,,3,11,14,3,11,14,30,0.078791,0.100404,0.00049,0.324176,0,0.002134
9709201,,,3,4,7,3,4,7,30,0.075167,0.088502,0.000051,0.095238,7,0.002082
9708474,,,1,1,2,1,1,2,41,0.042598,0.047194,0,0.5,8,0.001684
9148,,,1,1,2,1,1,2,35,0.056847,0.067422,0,0.5,2,0.000702
9708477,,,1,2,3,1,2,3,33,0.062987,0.074445,0,0.333333,7,0.000601
9152,,,1,2,3,1,2,3,25,0.093398,0.104197,0,0.166667,3,0.001024
105291,,,1,6,7,1,6,7,33,0.063624,0.078212,0.000087,0.214286,11,0.000746
7172,,,1,11,12,1,11,12,32,0.067395,0.084371,0.000071,0.121212,11,0.000576
9159,,,1,9,10,1,9,10,28,0.087568,0.109116,0.000265,0.133333,10,0.000568
9708491,,,2,3,5,2,3,5,37,0.050786,0.057797,0.000015,0.15,4,0.001448
9708493,,,1,4,5,1,4,5,31,0.06986,0.080211,0.000048,0.25,0,0.001678
9708498,,,4,2,6,4,2,6,31,0.069536,0.079249,0.000288,0.233333,12,0.003075
9171,,,1,12,13,1,12,13,31,0.07355,0.09464,0.000406,0.115385,13,0.00057
5330,,,1,5,6,1,5,6,30,0.076472,0.093625,0.000046,0.166667,13,0.000568
9176,,,2,2,4,2,2,4,36,0.053146,0.060297,0,0.416667,11,0.00126
9180,,,1,8,9,1,8,9,24,0.113465,0.143858,0.000167,0.152778,9,0.000571
9610207,,,2,5,7,2,5,7,38,0.048775,0.056268,0,0.452381,12,0.006414
9610221,,,4,6,10,4,6,10,45,0.036378,0.039294,0.00018,0.188889,2,0.00355
9608209,,,5,4,9,5,4,9,45,0.036375,0.039145,0.00002,0.222222,2,0.008282
9607467,,,2,12,14,2,12,14,34,0.059699,0.071146,0.000091,0.159341,4,0.003203
9218,,,1,17,18,1,17,18,27,0.098151,0.12236,0.000043,0.153595,1,0.000568
9812340,,,2,6,8,2,6,8,34,0.060255,0.074986,0.000009,0.321429,4,0.001643
7161,,,1,48,49,1,48,49,22,0.144224,0.196183,0.000305,0.03699,2,0.000605
8294,,,4,19,23,4,19,23,29,0.080049,0.104161,0.00027,0.2,8,0.002568
9512223,,,2,1,3,2,1,3,39,0.046488,0.052076,0.000001,0.166667,8,0.001463
9606414,,,1,2,3,1,2,3,43,0.039219,0.042563,0,0.166667,6,0.001385
9811345,,,2,9,11,2,9,11,35,0.056145,0.06501,0.000132,0.1,8,0.0012
5318,,,1,31,32,1,31,32,26,0.09969,0.128539,0.000354,0.091398,8,0.00136
9263,,,1,2,3,1,2,3,25,0.10201,0.118797,0.000004,0,12,0.000768
9811474,,,3,2,5,3,2,5,31,0.068909,0.07726,0,0.1,10,0.002073
9267,,,1,6,7,1,6,7,31,0.070545,0.082795,0.000144,0.119048,12,0.000574
9710462,,,5,3,8,5,3,8,41,0.042574,0.047243,0.000091,0.053571,12,0.003986
9907353,,,1,6,7,1,6,7,31,0.070604,0.083056,0.000002,0.142857,12,0.000568
9709470,,,2,1,3,2,1,3,35,0.056734,0.066494,0,0.333333,12,0.001146
9905207,,,1,2,3,1,2,3,37,0.050851,0.056941,0,0.166667,12,0.000742
9811255,,,2,8,10,2,8,10,33,0.064121,0.08338,0,0.233333,0,0.001152
9911447,,,1,16,17,1,16,17,26,0.094048,0.117158,0.000201,0.113971,0,0.000584
9610298,,,1,3,4,1,3,4,43,0.03923,0.042807,0.000001,0.166667,6,0.000756
9809474,,,4,9,13,4,9,13,35,0.05612,0.064956,0.000115,0.192308,8,0.004275
9810359,,,1,7,8,1,7,8,36,0.053178,0.060564,0.000075,0.196429,8,0.002247
9908436,,,2,16,18,2,16,18,24,0.097969,0.121561,0.000012,0.251634,2,0.005134
9812385,,,4,8,12,4,8,12,37,0.050723,0.058231,0.000247,0.151515,8,0.003534
9905219,,,5,27,32,5,27,32,25,0.103528,0.134937,0.000275,0.150202,3,0.010858
9284,,,1,27,28,1,27,28,24,0.124577,0.161669,0,0.222222,7,0.00131
9610309,,,1,1,2,1,1,2,34,0.05963,0.069705,0.000002,0,11,0.000568
9905223,,,2,3,5,2,3,5,32,0.066593,0.078809,0.000013,0.15,7,0.002449
9905225,,,1,7,8,1,7,8,33,0.065116,0.087008,0.000085,0.160714,4,0.000742
9809454,,,2,1,3,2,1,3,36,0.053794,0.062289,0,0.166667,8,0.001875
9808475,,,1,5,6,1,5,6,32,0.067023,0.080536,0,0.3,8,0.001218
9710384,,,1,3,4,1,3,4,41,0.04254,0.046731,0,0.416667,8,0.001218
9808450,,,1,1,2,1,1,2,42,0.040812,0.044423,0,0.5,8,0.001218
9510291,,,2,2,4,2,2,4,39,0.04649,0.052169,0.000138,0.166667,8,0.002178
9807287,,,2,5,7,2,5,7,31,0.070273,0.082335,0.000001,0.333333,8,0.001917
9809374,,,1,14,15,1,14,15,31,0.0696,0.080932,0.000081,0.152381,8,0.001218
9091,,,9,16,25,9,16,25,24,0.10229,0.128577,0.000015,0.203333,2,0.008941
9812288,,,1,1,2,1,1,2,32,0.067768,0.086552,0.000006,0,1,0.000576
9905233,,,1,9,10,1,9,10,31,0.070843,0.085723,0.000005,0.255556,8,0.000649
9298,,,1,20,21,1,20,21,32,0.070197,0.095827,0.000984,0.061905,11,0.000569
9908408,,,2,5,7,2,5,7,34,0.061329,0.07775,0.000373,0.142857,11,0.003519
9807537,,,2,13,15,2,13,15,29,0.08151,0.100936,0.000812,0.080952,10,0.002167
9307,,,2,9,11,2,9,11,24,0.117512,0.150619,0.000083,0.209091,3,0.001724
4233,,,1,13,14,1,13,14,25,0.094762,0.118315,0,0.241758,3,0.000651
9309,,,5,10,15,5,10,15,30,0.077129,0.09828,0.000164,0.203297,8,0.003884
9905247,,,2,2,4,2,2,4,38,0.047816,0.052304,0.000079,0.166667,13,0.001208
9912337,,,1,3,4,1,3,4,30,0.074827,0.08781,0.000002,0,13,0.000623
110186,,,1,20,21,1,20,21,28,0.097414,0.123447,0.00236,0.178571,10,0.000623
9905251,,,1,6,7,1,6,7,30,0.075984,0.091995,0.000007,0.214286,8,0.00078
9610342,,,1,1,2,1,1,2,41,0.04254,0.046594,0,0.5,8,0.000678
9908347,,,2,4,6,2,4,6,36,0.053911,0.062816,0,0.266667,3,0.004987
9906526,,,2,1,3,2,1,3,33,0.061942,0.07019,0.000154,0,1,0.003274
9321,,,2,19,21,2,19,21,24,0.119155,0.148882,0.000003,0.22381,7,0.001264
9909224,,,3,7,10,3,7,10,24,0.109687,0.129083,0.000001,0.322222,7,0.002414
9610353,,,1,6,7,1,6,7,34,0.060056,0.071939,0.000007,0.142857,13,0.000875
9902316,,,2,14,16,2,14,16,30,0.076598,0.094556,0.000012,0.15,13,0.001326
9612459,,,5,1,6,5,1,6,43,0.039208,0.042365,0.000019,0.2,13,0.004971
9807380,,,3,4,7,3,4,7,35,0.056968,0.067924,0.000218,0.214286,13,0.002236
9710326,,,3,3,6,3,3,6,35,0.056594,0.065491,0.000002,0.333333,13,0.002032
9807279,,,2,3,5,2,3,5,34,0.059789,0.071984,0,0.45,11,0.001763
9807515,,,3,4,7,3,4,7,34,0.059979,0.07362,0.000308,0.214286,11,0.009209
9338,,,1,15,16,1,15,16,24,0.105714,0.136215,0.000053,0.141667,4,0.000641
9807341,,,2,5,7,2,5,7,31,0.071672,0.088954,0.000039,0.238095,4,0.00154
9907476,,,2,2,4,2,2,4,26,0.094946,0.112046,0.00001,0.333333,2,0.001685
9811464,,,2,11,13,2,11,13,34,0.060492,0.076159,0,0.326923,11,0.0016
9812433,,,2,14,16,2,14,16,33,0.06568,0.088632,0.000012,0.328571,11,0.001815
9811465,,,3,12,15,3,12,15,34,0.062072,0.082387,0.000002,0.335165,11,0.002469
9811391,,,1,1,2,1,1,2,28,0.086667,0.104229,0.000028,0,13,0.000568
9905280,,,1,5,6,1,5,6,32,0.067025,0.080808,0.000002,0.233333,8,0.000629
9904346,,,1,6,7,1,6,7,30,0.075002,0.0883,0.000001,0.166667,10,0.000921
9610375,,,1,1,2,1,1,2,44,0.037732,0.040502,0.000001,0,11,0.000796
9905288,,,1,5,6,1,5,6,32,0.066704,0.079892,0,0.233333,8,0.000649
9810316,,,1,18,19,1,18,19,34,0.06079,0.080266,0.000085,0.038012,11,0.000714
8336,,,4,14,18,4,14,18,23,0.117639,0.147102,0.000116,0.156863,6,0.00525
9905294,,,4,6,10,4,6,10,31,0.07187,0.09047,0.000049,0.144444,8,0.00355
9905299,,,1,1,2,1,1,2,32,0.066619,0.078963,0.000001,0,8,0.000629
9812372,,,3,1,4,3,1,4,32,0.067585,0.08453,0.000001,0,7,0.001898
9809204,,,4,21,25,4,21,25,31,0.072498,0.095979,0.000005,0.235,7,0.00246
9712498,,,1,5,6,1,5,6,32,0.0667,0.079787,0,0.233333,1,0.000697
9905301,,,2,1,3,2,1,3,32,0.067127,0.07958,0,0.333333,4,0.003778
9905302,,,1,3,4,1,3,4,33,0.061843,0.070101,0,0.166667,0,0.000574
9905307,,,1,2,3,1,2,3,24,0.103066,0.11834,0.000012,0.166667,3,0.001024
9905308,,,1,12,13,1,12,13,32,0.06671,0.081087,0.000632,0.166667,8,0.000791
9810546,,,3,23,26,3,23,26,31,0.070383,0.085262,0.000305,0.073846,8,0.002589
9904244,,,4,7,11,4,7,11,33,0.063622,0.078987,0.000067,0.245455,8,0.004048
9902240,,,5,9,14,5,9,14,32,0.067619,0.085194,0.00001,0.137363,2,0.008918
9905319,,,1,10,11,1,10,11,33,0.063558,0.078123,0.0001,0.154545,8,0.000874
9905328,,,4,9,13,4,9,13,36,0.054039,0.064747,0.000015,0.096154,12,0.00341
9905331,,,1,1,2,1,1,2,34,0.060733,0.076191,0,0.5,11,0.000751
9905333,,,1,2,3,1,2,3,26,0.093556,0.110281,0,0,0,0.000573
9905336,,,1,7,8,1,7,8,31,0.070948,0.085959,0.000016,0.196429,8,0.000629
9805425,,,2,10,12,2,10,12,32,0.067417,0.083875,0.000115,0.083333,7,0.001909
9905346,,,6,3,9,6,3,9,26,0.087509,0.10416,0.000079,0.291667,0,0.003545
9609316,,,3,2,5,3,2,5,40,0.044452,0.049671,0.000021,0.1,5,0.002664
9905348,,,2,6,8,2,6,8,31,0.070511,0.083987,0.000017,0.214286,11,0.001135
9808223,,,2,1,3,2,1,3,34,0.059275,0.068548,0.000001,0.333333,11,0.00119
9906372,,,1,6,7,1,6,7,31,0.073968,0.097513,0,0.4,7,0.0008
9908214,,,2,20,22,2,20,22,31,0.072274,0.094074,0.000081,0.181818,7,0.001566
9908217,,,4,15,19,4,15,19,31,0.073145,0.096808,0.000007,0.166667,7,0.002561
9711302,,,8,7,15,8,7,15,32,0.066936,0.081001,0.000843,0.047619,11,0.008181
9905355,,,2,11,13,2,11,13,33,0.064612,0.083967,0.000004,0.185897,7,0.001529
9905364,,,1,2,3,1,2,3,32,0.068376,0.088036,0,0.166667,9,0.000713
9812300,,,1,2,3,1,2,3,33,0.06329,0.077482,0.000001,0.166667,4,0.000773
9812242,,,1,2,3,1,2,3,33,0.062079,0.071675,0.000001,0,11,0.000773
9807469,,,3,8,11,3,8,11,33,0.064089,0.081079,0.00004,0.109091,5,0.002963
9905374,,,1,22,23,1,22,23,29,0.079506,0.103745,0.000982,0.06917,0,0.000741
9809477,,,1,11,12,1,11,12,30,0.075619,0.090943,0.000177,0.219697,0,0.000576
9904361,,,1,6,7,1,6,7,31,0.070583,0.083209,0.000191,0.142857,8,0.000576
9905379,,,1,6,7,1,6,7,32,0.068128,0.088409,0,0.309524,11,0.000704
9905380,,,1,5,6,1,5,6,34,0.060868,0.077742,0.000202,0.233333,11,0.000568
9808294,,,5,4,9,5,4,9,41,0.042602,0.047431,0.000041,0.208333,11,0.00296
9905522,,,1,1,2,1,1,2,33,0.062738,0.073839,0.00086,0,8,0.006559
7037,,,1,14,15,1,14,15,27,0.088866,0.111159,0.000822,0.052381,0,0.000978
9712399,,,2,1,3,2,1,3,37,0.051043,0.057824,0,0.166667,7,0.002211
9711352,,,2,30,32,2,30,32,32,0.067351,0.08678,0.000076,0.238911,9,0.001261
9808413,,,3,5,8,3,5,8,35,0.056339,0.06643,0.000049,0.303571,9,0.002021
9810325,,,3,11,14,3,11,14,31,0.07274,0.098273,0.000065,0.164835,7,0.004612
206078,,,1,10,11,1,10,11,20,0.156525,0.174635,0.000039,0.145455,2,0.000576
9905411,,,1,1,2,1,1,2,31,0.070599,0.082688,0,0,12,0.000571
9809343,,,2,19,21,2,19,21,32,0.068735,0.09486,0.000008,0.121429,7,0.00228
9610508,,,1,1,2,1,1,2,45,0.036363,0.038822,0.000001,0,6,0.000977
9610510,,,1,14,15,1,14,15,36,0.053868,0.063671,0.000123,0.17619,11,0.003364
9905434,,,1,5,6,1,5,6,32,0.067097,0.082394,0.000001,0.3,8,0.000629
9905435,,,3,8,11,3,8,11,30,0.076645,0.095624,0.000067,0.190909,12,0.002412
9609477,,,3,10,13,3,10,13,34,0.060017,0.071787,0,0.192308,6,0.002963
9812493,,,1,26,27,1,26,27,22,0.130091,0.155209,0.000063,0.047009,6,0.001225
9810523,,,2,6,8,2,6,8,31,0.071509,0.088954,0.000001,0.267857,7,0.004222
9703217,,,7,2,9,7,2,9,34,0.058654,0.065979,0.000013,0.055556,2,0.018184
9905254,,,3,8,11,3,8,11,26,0.090989,0.110218,0.000002,0.118182,2,0.003454
9610531,,,3,8,11,3,8,11,36,0.053825,0.06314,0.000019,0.109091,11,0.004356
9811455,,,5,1,6,5,1,6,32,0.066193,0.077394,0.000008,0.2,11,0.003263
9610535,,,1,1,2,1,1,2,42,0.040843,0.044679,0.000001,0,8,0.000876
9905458,,,5,2,7,5,2,7,38,0.0487,0.05524,0,0.238095,2,0.010962
9810295,,,1,4,5,1,4,5,31,0.072318,0.091839,0.000377,0.05,13,0.001019
9905466,,,4,99,103,4,99,103,23,0.10506,0.141722,0.000808,0.068437,4,0.003486
9811203,,,4,18,22,4,18,22,33,0.063917,0.083068,0.000022,0.090909,9,0.006555
9712397,,,3,8,11,3,8,11,32,0.067227,0.083981,0.000001,0.218182,4,0.002284
9807231,,,3,9,12,3,9,12,32,0.06809,0.090832,0.000024,0.151515,4,0.005468
9809484,,,1,20,21,1,20,21,31,0.072231,0.09496,0,0.169048,4,0.000783
9707357,,,3,4,7,3,4,7,33,0.062799,0.075277,0.000095,0.261905,4,0.007323
9810334,,,5,8,13,5,8,13,32,0.06805,0.089273,0.000055,0.320513,4,0.004023
9807265,,,5,28,33,5,28,33,31,0.072692,0.098075,0.000161,0.15625,4,0.004234
9811451,,,2,11,13,2,11,13,32,0.068068,0.089507,0.000002,0.237179,4,0.00135
9807226,,,3,4,7,3,4,7,32,0.065712,0.075721,0.000178,0.119048,11,0.00969
9905476,,,1,5,6,1,5,6,26,0.088726,0.106353,0.000007,0.2,0,0.000648
9904427,,,1,18,19,1,18,19,25,0.104597,0.131936,0.000595,0.163743,7,0.001659
9905482,,,1,6,7,1,6,7,31,0.071048,0.085187,0.000373,0.071429,0,0.000571
9611461,,,3,7,10,3,7,10,30,0.075626,0.089801,0.000163,0.222222,13,0.002073
9905488,,,1,4,5,1,4,5,30,0.074726,0.087252,0,0.35,7,0.000625
9905489,,,1,3,4,1,3,4,31,0.070546,0.083255,0.000167,0.25,8,0.000629
9812520,,,1,3,4,1,3,4,31,0.070542,0.083247,0,0.333333,8,0.00057
9812380,,,2,1,3,2,1,3,31,0.070533,0.083107,0,0.5,8,0.001138
9905490,,,1,3,4,1,3,4,31,0.070265,0.082439,0.000007,0.25,8,0.000629
9905491,,,2,5,7,2,5,7,33,0.064353,0.084186,0.000083,0.190476,9,0.001211
9812481,,,3,6,9,3,6,9,32,0.067882,0.088396,0.000031,0.194444,9,0.001833
9809439,,,4,15,19,4,15,19,32,0.067584,0.087285,0.000233,0.140351,9,0.002883
9905497,,,2,4,6,2,4,6,30,0.075747,0.091336,0.000068,0.2,8,0.001204
206171,,,3,5,8,3,5,8,21,0.160332,0.193653,0.005025,0.142857,7,0.001709
9905502,,,1,4,5,1,4,5,31,0.071268,0.085463,0.000021,0.35,13,0.0007
9809251,,,5,15,20,5,15,20,31,0.071364,0.08678,0.000443,0.118421,13,0.003229
9905505,,,7,10,17,7,10,17,31,0.07169,0.090202,0.000271,0.088235,8,0.005265
9905506,,,3,3,6,3,3,6,29,0.077505,0.090405,0.000315,0.033333,2,0.001832
9905507,,,1,3,4,1,3,4,33,0.0626,0.07261,0.000001,0.083333,8,0.000649
9905510,,,1,7,8,1,7,8,30,0.076452,0.094897,0.000075,0.142857,6,0.001094
9905514,,,1,7,8,1,7,8,31,0.071196,0.088154,0.000009,0.178571,8,0.000649
9905515,,,1,9,10,1,9,10,32,0.065708,0.076435,0.001193,0.1,13,0.000638
9809412,,,1,2,3,1,2,3,33,0.060976,0.067569,0,0.5,13,0.000571
9810486,,,1,7,8,1,7,8,31,0.069371,0.079538,0.00025,0.160714,13,0.000571
9710288,,,2,18,20,2,18,20,34,0.059702,0.072851,0.000301,0.094737,8,0.001513
9811216,,,1,10,11,1,10,11,31,0.071199,0.088318,0.00016,0.036364,5,0.000568
206193,,,1,10,11,1,10,11,21,0.139337,0.157803,0.000157,0.236364,2,0.000581
9905524,,,2,4,6,2,4,6,32,0.066279,0.077456,0.000001,0.266667,8,0.001197
9905525,,,1,8,9,1,8,9,42,0.040883,0.045449,0.0004,0.111111,11,0.000694
9808246,,,1,1,2,1,1,2,46,0.035098,0.037348,0,0.5,11,0.000574
9809418,,,2,4,6,2,4,6,41,0.042605,0.047467,0.00004,0.266667,11,0.001199
9905527,,,1,2,3,1,2,3,30,0.074918,0.086951,0.000157,0,13,0.000568
9809333,,,4,9,13,4,9,13,31,0.072685,0.095967,0.000312,0.121795,7,0.003448
9905530,,,1,7,8,1,7,8,32,0.066944,0.081667,0.000002,0.107143,8,0.00058
9709394,,,4,1,5,4,1,5,46,0.035095,0.037319,0,0.15,8,0.004251
9905532,,,1,9,10,1,9,10,25,0.094526,0.114319,0.000033,0.244444,0,0.000568
9807398,,,2,9,11,2,9,11,31,0.072228,0.093511,0.000003,0.218182,7,0.001408
9905534,,,1,7,8,1,7,8,36,0.053219,0.060949,0,0.285714,8,0.000791
9706389,,,1,12,13,1,12,13,31,0.070527,0.084665,0,0.423077,0,0.000723
9807233,,,1,5,6,1,5,6,34,0.059918,0.072781,0.000236,0.166667,0,0.000626
9707360,,,3,1,4,3,1,4,40,0.044431,0.049209,0.000079,0.166667,11,0.001989
9809226,,,1,5,6,1,5,6,31,0.069796,0.079976,0.000001,0.2,1,0.001444
9709238,,,2,1,3,2,1,3,32,0.06442,0.071132,0,0.166667,1,0.002079
9905544,,,1,3,4,1,3,4,32,0.066122,0.077477,0.000083,0.083333,8,0.000629
9905545,,,1,7,8,1,7,8,34,0.059648,0.071613,0,0.232143,1,0.000826
9905546,,,1,3,4,1,3,4,35,0.056638,0.067842,0,0.083333,11,0.000629
9807243,,,2,10,12,2,10,12,30,0.075635,0.091278,0.000106,0.234848,13,0.001455
9812245,,,2,12,14,2,12,14,31,0.071881,0.090265,0.000177,0.131868,12,0.001595
9809325,,,2,1,3,2,1,3,43,0.03922,0.042397,0.000009,0.166667,8,0.001294
9808308,,,2,2,4,2,2,4,42,0.040821,0.044555,0.00001,0.166667,8,0.001407
9807316,,,3,4,7,3,4,7,35,0.056095,0.064575,0,0.238095,11,0.00296
9905563,,,1,4,5,1,4,5,33,0.062603,0.072943,0.000001,0.3,8,0.000628
9905564,,,1,1,2,1,1,2,32,0.064943,0.073172,0.000228,0,8,0.000581
9711492,,,4,19,23,4,19,23,33,0.063935,0.083664,0.000431,0.067194,11,0.009589
9809224,,,2,4,6,2,4,6,30,0.075054,0.087884,0.000006,0.366667,10,0.00177
9905570,,,1,11,12,1,11,12,35,0.056343,0.06646,0.000387,0.159091,8,0.000649
9708285,,,3,9,12,3,9,12,30,0.075214,0.090474,0.00139,0.121212,4,0.010305
9905574,,,1,1,2,1,1,2,38,0.048278,0.054169,0,0,8,0.000649
9807373,,,3,11,14,3,11,14,33,0.064156,0.085561,0.000047,0.148352,9,0.002582
9807312,,,1,17,18,1,17,18,32,0.067583,0.087314,0.000001,0.196078,9,0.000713
9709413,,,1,4,5,1,4,5,42,0.04081,0.044601,0,0.25,11,0.000625
9710259,,,4,14,18,4,14,18,33,0.062815,0.075781,0.000005,0.196078,4,0.008397
206258,,,2,51,53,2,51,53,16,0.196366,0.227294,0.001064,0.078431,2,0.001256
112230,,,1,38,39,1,38,39,17,0.174975,0.198784,0.00032,0.230094,4,0.000628
9512372,,,1,3,4,1,3,4,39,0.046496,0.052258,0.000001,0.166667,8,0.000682
9807289,,,1,5,6,1,5,6,35,0.05704,0.069427,0.000001,0.066667,4,0.000692
9510323,,,3,1,4,3,1,4,34,0.059974,0.070855,0,0.333333,7,0.050302
9807299,,,2,10,12,2,10,12,31,0.070548,0.084181,0.0001,0.181818,0,0.004369
9807302,,,1,3,4,1,3,4,29,0.079782,0.093162,0,0.25,10,0.00057
9807303,,,2,1,3,2,1,3,34,0.057839,0.063598,0.00042,0,13,0.00115
9807306,,,4,1,5,4,1,5,38,0.048427,0.053739,0.000001,0.15,2,0.013495
9807329,,,1,3,4,1,3,4,32,0.065629,0.075549,0.000023,0.083333,1,0.001015
205066,,,1,11,12,1,11,12,19,0.159323,0.185308,0.000439,0.113636,2,0.000711
201128,,,2,26,28,2,26,28,18,0.152693,0.182029,0.000034,0.166667,3,0.001341
204265,,,3,5,8,3,5,8,25,0.101943,0.11709,0,0.071429,2,0.002064
206077,,,2,194,196,2,194,196,16,0.221772,0.268331,0.00446,0.043825,2,0.001282
205047,,,1,18,19,1,18,19,20,0.167829,0.196201,0.000009,0.114035,2,0.000711
108006,,,1,8,9,1,8,9,25,0.103872,0.130078,0.000016,0.125,4,0.000626
108008,,,1,10,11,1,10,11,27,0.092628,0.112649,0.000783,0.309091,0,0.000573
9093,,,1,12,13,1,12,13,27,0.09252,0.112071,0.000158,0.358974,0,0.000568
9805237,,,2,17,19,2,17,19,30,0.077116,0.100197,0.000097,0.157895,4,0.001294
108017,,,4,12,16,4,12,16,26,0.104781,0.134232,0.000389,0.154167,1,0.002753
9810358,,,4,3,7,4,3,7,35,0.057171,0.070613,0.000001,0.166667,1,0.002959
9807346,,,3,3,6,3,3,6,39,0.046507,0.052425,0.000132,0.166667,13,0.002126
9710340,,,3,1,4,3,1,4,38,0.048757,0.055625,0.000215,0.166667,13,0.002137
108024,,,2,24,26,2,24,26,21,0.157769,0.191258,0.001582,0.075,7,0.001312
110159,,,1,16,17,1,16,17,20,0.150265,0.180181,0.000005,0.040441,7,0.000631
110301,,,2,60,62,2,60,62,20,0.176053,0.219078,0.001054,0.069804,7,0.00122
110115,,,2,23,25,2,23,25,21,0.146179,0.182874,0.000764,0.1,7,0.001199
11183,,,2,27,29,2,27,29,25,0.115654,0.152432,0.000087,0.133005,7,0.001202
9907378,,,1,6,7,1,6,7,32,0.06723,0.081957,0.000079,0.047619,1,0.000631
109238,,,1,36,37,1,36,37,20,0.158104,0.192336,0.000046,0.197619,7,0.000631
9807355,,,1,4,5,1,4,5,33,0.062743,0.073948,0.000002,0.15,8,0.000695
9711425,,,5,5,10,5,5,10,45,0.036371,0.039122,0.000002,0.333333,2,0.007229
9807362,,,1,12,13,1,12,13,31,0.071456,0.086973,0,0.24359,13,0.000875
9807367,,,2,8,10,2,8,10,31,0.071728,0.09012,0.000015,0.277778,7,0.002064
9712427,,,3,7,10,3,7,10,33,0.062947,0.076607,0.000119,0.166667,4,0.003235
9802407,,,7,19,26,7,19,26,33,0.063506,0.081408,0.000481,0.190769,9,0.010636
9709509,,,8,13,21,8,13,21,33,0.063681,0.079302,0.000206,0.140476,12,0.016011
9608420,,,2,11,13,2,11,13,33,0.06255,0.073857,0.000012,0.198718,4,0.003556
9706345,,,1,3,4,1,3,4,30,0.076277,0.092289,0.000034,0.083333,7,0.00286
9807379,,,1,1,2,1,1,2,41,0.042545,0.046633,0.000039,0,11,0.000573
9807388,,,1,4,5,1,4,5,30,0.075235,0.088866,0.000007,0.05,11,0.000568
108063,,,1,43,44,1,43,44,19,0.171342,0.213218,0.000951,0.105708,6,0.000681
9908506,,,1,5,6,1,5,6,38,0.048747,0.055856,0,0.2,2,0.000574
9908211,,,2,1,3,2,1,3,40,0.044306,0.048859,0,0.5,2,0.001142
9807397,,,2,1,3,2,1,3,32,0.065905,0.076379,0,0.5,8,0.003554
9807402,,,1,4,5,1,4,5,32,0.065544,0.07525,0.000001,0.1,11,0.00057
9807407,,,1,1,2,1,1,2,32,0.064513,0.071512,0,0.5,8,0.000576
108080,,,3,14,17,3,14,17,21,0.142438,0.17627,0.000025,0.161765,6,0.001761
9810252,,,3,5,8,3,5,8,35,0.056843,0.0675,0,0.178571,5,0.001886
101231,,,6,13,19,6,13,19,23,0.122274,0.145255,0.000125,0.154971,2,0.005149
108089,,,1,7,8,1,7,8,22,0.122545,0.145275,0.00003,0.089286,4,0.00058
108090,,,5,8,13,5,8,13,22,0.128783,0.150661,0.000006,0.237179,2,0.00436
108109,,,2,23,25,2,23,25,23,0.121063,0.147284,0.000031,0.213333,2,0.002627
108110,,,5,12,17,5,12,17,27,0.098943,0.125846,0.000034,0.191176,1,0.003202
108115,,,3,13,16,3,13,16,24,0.110576,0.13618,0.000122,0.154167,3,0.002498
108116,,,1,7,8,1,7,8,28,0.092531,0.11217,0,0.357143,10,0.00057
12229,,,1,7,8,1,7,8,23,0.123992,0.151867,0.000021,0.178571,6,0.000572
107325,,,1,55,56,1,55,56,20,0.164114,0.207923,0.001068,0.167857,6,0.000572
108121,,,1,51,52,1,51,52,22,0.149568,0.188854,0.000067,0.079563,7,0.000569
9807451,,,1,4,5,1,4,5,40,0.044509,0.050017,0.000091,0.25,8,0.000979
9805245,,,5,5,10,5,5,10,40,0.044499,0.049929,0.000105,0.188889,8,0.004006
9802240,,,4,10,14,4,10,14,31,0.071334,0.089039,0.000026,0.417582,0,0.009028
108131,,,2,27,29,2,27,29,20,0.152669,0.179442,0.000081,0.139163,4,0.001254
108049,,,1,4,5,1,4,5,24,0.111447,0.137154,0,0.35,4,0.000628
108135,,,4,24,28,4,24,28,22,0.143749,0.180217,0.001577,0.118234,1,0.002461
108227,,,2,32,34,2,32,34,26,0.106355,0.134222,0.000907,0.170455,12,0.001312
108242,,,2,20,22,2,20,22,22,0.135365,0.17133,0.002419,0.092857,1,0.001428
109084,,,3,25,28,3,25,28,23,0.124522,0.156259,0.003776,0.148148,1,0.001891
110304,,,1,8,9,1,8,9,22,0.12845,0.154534,0.000178,0.194444,7,0.000741
110175,,,1,8,9,1,8,9,22,0.127802,0.14755,0.000001,0.222222,2,0.000742
9807468,,,2,1,3,2,1,3,45,0.036359,0.038778,0.00003,0,2,0.017357
108141,,,1,59,60,1,59,60,20,0.163393,0.203445,0.001883,0.118936,7,0.001017
9912201,,,2,10,12,2,10,12,31,0.071932,0.091243,0.000084,0.25,7,0.001714
110411,,,1,28,29,1,28,29,21,0.146152,0.181844,0.000699,0.16133,7,0.000589
9811217,,,2,1,3,2,1,3,31,0.069657,0.078982,0,0.333333,7,0.001435
108148,,,5,1,6,5,1,6,38,0.048689,0.05508,0,0.2,2,0.009687
9807477,,,1,3,4,1,3,4,41,0.042606,0.047184,0.000024,0.333333,8,0.001039
9908435,,,9,8,17,9,8,17,24,0.09957,0.126741,0.000425,0.205882,2,0.015486
9911247,,,1,4,5,1,4,5,32,0.066962,0.081111,0,0.15,0,0.000573
11115,,,2,3,5,2,3,5,29,0.077458,0.090329,0.000118,0.2,0,0.001146
9710357,,,4,6,10,4,6,10,31,0.070221,0.08328,0.000279,0.133333,1,0.012144
108167,,,1,15,16,1,15,16,21,0.156423,0.193746,0.000002,0.129167,6,0.000628
107279,,,2,28,30,2,28,30,20,0.167725,0.207286,0.000022,0.16092,6,0.001198
108174,,,1,27,28,1,27,28,24,0.103746,0.138397,0.000021,0.218254,3,0.001001
105077,,,3,74,77,3,74,77,20,0.173012,0.224773,0.000546,0.135167,6,0.002388
9709202,,,1,1,2,1,1,2,38,0.04757,0.051501,0,0,2,0.001062
108181,,,2,5,7,2,5,7,22,0.130495,0.149681,0.000002,0.166667,2,0.001806
108187,,,2,9,11,2,9,11,29,0.08495,0.116555,0.00004,0.290909,7,0.001135
7293,,,2,12,14,2,12,14,28,0.090933,0.123712,0.00007,0.159341,7,0.00119
102338,,,2,3,5,2,3,5,31,0.069972,0.080469,0.000082,0.15,12,0.001135
108189,,,1,19,20,1,19,20,28,0.087076,0.119307,0.000199,0.121053,7,0.000568
9910451,,,4,8,12,4,8,12,32,0.066041,0.07711,0,0.310606,0,0.002574
6205,,,2,15,17,2,15,17,30,0.077551,0.097535,0.000651,0.195833,0,0.001144
9807520,,,1,3,4,1,3,4,33,0.061862,0.070148,0,0.083333,4,0.000625
108195,,,4,11,15,4,11,15,19,0.168051,0.203757,0.00179,0.142857,5,0.002453
108041,,,2,26,28,2,26,28,24,0.12748,0.16788,0.000034,0.112434,5,0.001311
9910400,,,1,6,7,1,6,7,25,0.096328,0.115788,0,0.238095,6,0.000622
108198,,,1,19,20,1,19,20,22,0.136549,0.166806,0.000005,0.236842,3,0.000687
10026,,,3,3,6,3,3,6,33,0.063039,0.074755,0,0.233333,2,0.001979
108205,,,1,31,32,1,31,32,21,0.139741,0.176817,0.000321,0.111895,1,0.000625
104078,,,1,14,15,1,14,15,26,0.097937,0.121826,0.000241,0.204762,8,0.00057
9807536,,,1,2,3,1,2,3,33,0.063449,0.077398,0.000004,0,6,0.000915
9612277,,,2,7,9,2,7,9,41,0.042578,0.04749,0.000001,0.263889,9,0.003469
9801210,,,2,6,8,2,6,8,30,0.075747,0.09042,0.000017,0.178571,10,0.001321
9709235,,,1,30,31,1,30,31,32,0.067577,0.087193,0.000148,0.175269,9,0.000568
9709237,,,1,1,2,1,1,2,31,0.0703,0.080967,0.000003,0,10,0.000635
9807546,,,3,2,5,3,2,5,33,0.062439,0.071841,0.000123,0.1,13,0.002079
102245,,,2,3,5,2,3,5,27,0.087355,0.101429,0.000174,0.15,8,0.001142
106052,,,1,13,14,1,13,14,25,0.106138,0.13845,0.000008,0.153846,11,0.000625
9709239,,,2,7,9,2,7,9,32,0.066585,0.078936,0.000003,0.291667,4,0.008002
106343,,,1,9,10,1,9,10,24,0.111419,0.138677,0.000009,0.244444,3,0.000746
10056,,,1,3,4,1,3,4,33,0.063508,0.0774,0,0.25,12,0.000631
105227,,,1,28,29,1,28,29,26,0.104182,0.129428,0.000574,0.097291,12,0.000631
9812497,,,4,8,12,4,8,12,32,0.067338,0.08402,0.000073,0.227273,12,0.002395
107187,,,1,27,28,1,27,28,25,0.109016,0.133281,0.000007,0.236467,12,0.000631
108232,,,1,21,22,1,21,22,26,0.102431,0.127969,0.000823,0.093074,12,0.000568
108234,,,2,23,25,2,23,25,20,0.14656,0.176471,0.000047,0.295,3,0.001214
108235,,,1,22,23,1,22,23,20,0.146157,0.175899,0.000038,0.3083,3,0.000643
9807564,,,1,1,2,1,1,2,30,0.074441,0.085621,0,0.5,10,0.001402
9609300,,,2,3,5,2,3,5,30,0.073946,0.084538,0.000284,0.1,6,0.005681
9810211,,,3,10,13,3,10,13,33,0.063366,0.0764,0.000002,0.269231,2,0.002434
207231,,,1,67,68,1,67,68,16,0.204108,0.237652,0.0052,0.078797,2,0.000683
108250,,,2,80,82,2,80,82,20,0.181111,0.230169,0.001405,0.14589,6,0.001249
106280,,,1,57,58,1,57,58,20,0.159435,0.203013,0.00045,0.092257,6,0.000628
9709279,,,1,1,2,1,1,2,34,0.059527,0.07025,0.000004,0,3,0.000965
9709281,,,1,6,7,1,6,7,34,0.059787,0.071218,0.000001,0.238095,11,0.001354
9709282,,,1,8,9,1,8,9,34,0.059813,0.071659,0.000003,0.291667,11,0.001354
108261,,,1,14,15,1,14,15,19,0.150084,0.1854,0.000015,0.090476,9,0.000629
108264,,,4,26,30,4,26,30,22,0.141609,0.178517,0.002887,0.028736,6,0.0026
9907201,,,2,6,8,2,6,8,33,0.063764,0.077848,0.00008,0.160714,5,0.001954
108207,,,1,22,23,1,22,23,23,0.129747,0.172102,0.001716,0.055336,9,0.000746
108268,,,1,10,11,1,10,11,21,0.132929,0.159841,0.000193,0.263636,3,0.000643
209192,,,1,26,27,1,26,27,18,0.168742,0.188269,0.002858,0.150769,2,0.000868
208132,,,2,25,27,2,25,27,18,0.173957,0.195791,0.000589,0.163077,2,0.001275
207326,,,3,20,23,3,20,23,19,0.164917,0.184796,0.000408,0.202381,2,0.002078
108274,,,2,34,36,2,34,36,24,0.132563,0.169566,0.001462,0.080952,11,0.001257
9706359,,,1,2,3,1,2,3,32,0.066983,0.079895,0,0.333333,7,0.003969
9709303,,,1,2,3,1,2,3,34,0.059283,0.068689,0,0.333333,8,0.000731
9910240,,,4,13,17,4,13,17,33,0.064348,0.083224,0.000006,0.375,5,0.004068
9013,,,1,13,14,1,13,14,32,0.068937,0.090573,0.000008,0.406593,5,0.000629
9906492,,,2,14,16,2,14,16,32,0.067493,0.085144,0.000012,0.170833,5,0.002038
8125,,,4,15,19,4,15,19,23,0.121296,0.146352,0.000223,0.169591,6,0.00254
9709336,,,2,2,4,2,2,4,39,0.046506,0.052453,0,0.166667,8,0.001215
10010,,,1,16,17,1,16,17,24,0.113518,0.148858,0.000111,0.231618,3,0.000881
9908216,,,1,3,4,1,3,4,35,0.056168,0.064709,0,0.25,8,0.000744
9911278,,,1,11,12,1,11,12,32,0.068758,0.089814,0.000048,0.204545,8,0.000744
10012,,,1,10,11,1,10,11,24,0.114358,0.13753,0.00053,0.118182,11,0.001208
9712412,,,1,2,3,1,2,3,36,0.053436,0.061115,0,0.166667,6,0.000586
9906216,,,2,2,4,2,2,4,33,0.06244,0.07156,0,0.416667,8,0.001516
10031,,,3,10,13,3,10,13,28,0.078297,0.094836,0.000003,0.403846,11,0.003479
10036,,,1,6,7,1,6,7,26,0.097771,0.12142,0.00004,0.095238,6,0.001206
9910273,,,1,4,5,1,4,5,33,0.065185,0.084467,0.000004,0.4,6,0.001016
10042,,,1,19,20,1,19,20,24,0.118675,0.147463,0.00004,0.260526,7,0.00131
9706463,,,2,1,3,2,1,3,44,0.037743,0.040649,0,0.166667,7,0.001211
9907455,,,1,6,7,1,6,7,32,0.068449,0.089471,0.000001,0.285714,7,0.000749
10051,,,3,13,16,3,13,16,24,0.108846,0.142175,0.000097,0.333333,3,0.004555
9612246,,,2,1,3,2,1,3,29,0.079753,0.092919,0.002038,0,10,0.003549
10062,,,1,1,2,1,1,2,38,0.048466,0.05454,0.000001,0,8,0.000623
9709315,,,2,5,7,2,5,7,35,0.055985,0.065128,0.000002,0.166667,9,0.001332
10069,,,1,7,8,1,7,8,24,0.101563,0.127254,0,0.232143,3,0.000632
10080,,,2,45,47,2,45,47,26,0.103641,0.13566,0.003712,0.111111,5,0.002091
9910371,,,4,16,20,4,16,20,33,0.06457,0.085181,0.000144,0.181579,12,0.003123
10083,,,1,12,13,1,12,13,31,0.073942,0.095377,0.000489,0.143939,13,0.000623
10103,,,1,29,30,1,29,30,23,0.118217,0.15601,0.000225,0.163218,3,0.000579
9709433,,,3,4,7,3,4,7,34,0.059293,0.068868,0.000158,0.119048,8,0.002875
10107,,,1,21,22,1,21,22,21,0.142192,0.179398,0.000187,0.188312,7,0.00131
9910394,,,1,14,15,1,14,15,24,0.11411,0.140823,0,0.257143,7,0.000603
10111,,,2,16,18,2,16,18,23,0.127701,0.157617,0.000085,0.287582,7,0.001899
9156,,,5,14,19,5,14,19,24,0.123213,0.157652,0.000052,0.260234,7,0.004429
9902342,,,1,1,2,1,1,2,42,0.040809,0.04441,0,0,13,0.000744
9709444,,,1,1,2,1,1,2,35,0.056029,0.063928,0,0,11,0.000677
10118,,,1,15,16,1,15,16,23,0.118005,0.146528,0.000397,0.1375,9,0.000647
10133,,,1,14,15,1,14,15,27,0.096921,0.122918,0,0.261905,1,0.001118
9709466,,,2,3,5,2,3,5,39,0.046296,0.05161,0.00008,0,2,0.005296
9707372,,,2,9,11,2,9,11,38,0.048532,0.055032,0.00008,0.209091,2,0.007079
9707358,,,1,3,4,1,3,4,46,0.035113,0.037808,0,0.25,2,0.000784
9709467,,,3,3,6,3,3,6,35,0.055518,0.062207,0.000001,0.166667,6,0.002583
10142,,,1,3,4,1,3,4,24,0.10763,0.12491,0,0.5,7,0.00131
10144,,,1,5,6,1,5,6,24,0.092522,0.110424,0,0.366667,2,0.000765
10149,,,1,10,11,1,10,11,25,0.105343,0.126177,0.000144,0.1,5,0.000601
9709222,,,1,2,3,1,2,3,41,0.042579,0.047008,0.000008,0,8,0.000762
9706525,,,4,1,5,4,1,5,44,0.037733,0.040472,0,0.15,13,0.002767
9709488,,,1,9,10,1,9,10,33,0.064049,0.080992,0.000069,0.177778,12,0.001936
9709503,,,4,8,12,4,8,12,35,0.0563,0.066853,0.000088,0.219697,5,0.004383
9709512,,,2,1,3,2,1,3,44,0.037734,0.040517,0,0.333333,4,0.001948
10193,,,3,9,12,3,9,12,24,0.120448,0.160213,0.000701,0.05303,2,0.002266
9812370,,,5,12,17,5,12,17,30,0.076174,0.093481,0.000197,0.136029,6,0.012879
10197,,,1,1,2,1,1,2,33,0.064064,0.082656,0,0.5,0,0.000711
9611233,,,1,1,2,1,1,2,33,0.060661,0.066538,0,0,8,0.00068
9610416,,,3,10,13,3,10,13,32,0.066598,0.07986,0.000659,0.070513,4,0.012419
9611240,,,1,11,12,1,11,12,34,0.059883,0.073065,0.000401,0.113636,5,0.002553
9611244,,,7,2,9,7,2,9,31,0.068847,0.077186,0.000002,0.291667,5,0.011894
10225,,,1,10,11,1,10,11,30,0.07574,0.091352,0.000318,0.263636,13,0.000738
10233,,,2,3,5,2,3,5,24,0.093198,0.110309,0.000002,0.35,2,0.001767
9611259,,,3,19,22,3,19,22,32,0.067057,0.081841,0.000041,0.12987,1,0.004278
10238,,,1,5,6,1,5,6,24,0.122274,0.149693,0,0.1,7,0.000858
8021,,,4,3,7,4,3,7,26,0.093884,0.109533,0,0.238095,7,0.002616
10248,,,1,26,27,1,26,27,31,0.073797,0.101816,0.000177,0.088319,8,0.000568
9702236,,,3,1,4,3,1,4,40,0.044424,0.049147,0,0.166667,8,0.002556
9810331,,,5,5,10,5,5,10,36,0.054309,0.066362,0.000003,0.211111,8,0.003762
9214,,,1,10,11,1,10,11,24,0.110059,0.1288,0.000043,0.281818,1,0.000568
9611282,,,2,1,3,2,1,3,44,0.03775,0.040739,0,0.333333,4,0.001675
10262,,,1,11,12,1,11,12,30,0.077673,0.099978,0.000321,0.242424,8,0.000738
9906203,,,2,1,3,2,1,3,39,0.046471,0.052179,0.000004,0,8,0.001464
10270,,,1,23,24,1,23,24,23,0.119182,0.161285,0.000082,0.099638,2,0.000568
9906208,,,1,5,6,1,5,6,26,0.090746,0.106287,0.000066,0.133333,5,0.000568
9806385,,,3,8,11,3,8,11,30,0.076139,0.092954,0.000216,0.145455,0,0.001987
10275,,,2,34,36,2,34,36,24,0.115438,0.144601,0.000491,0.179365,0,0.002198
9612320,,,5,2,7,5,2,7,34,0.059282,0.068671,0.000001,0.333333,6,0.006475
9812382,,,2,45,47,2,45,47,32,0.070231,0.104843,0.00049,0.057971,8,0.001889
9906227,,,1,2,3,1,2,3,31,0.069755,0.080364,0.000007,0.166667,8,0.000629
9906229,,,1,57,58,1,57,58,22,0.124357,0.169677,0.000583,0.023291,6,0.000573
9811270,,,3,10,13,3,10,13,33,0.062568,0.073912,0.000401,0.089744,11,0.001771
9906235,,,1,3,4,1,3,4,32,0.066986,0.079621,0.000011,0.083333,7,0.000573
10304,,,1,13,14,1,13,14,24,0.11676,0.145858,0.000149,0.142857,7,0.00131
9906247,,,1,1,2,1,1,2,33,0.063644,0.076315,0,0.5,7,0.000849
9912459,,,1,20,21,1,20,21,23,0.118734,0.144328,0.000184,0.02619,6,0.001522
9910280,,,1,2,3,1,2,3,35,0.05765,0.070307,0,0.333333,11,0.000742
9908422,,,2,2,4,2,2,4,34,0.060113,0.073953,0.000001,0.25,11,0.001315
10322,,,2,2,4,2,2,4,41,0.042542,0.046668,0.000079,0.166667,3,0.001411
10323,,,2,1,3,2,1,3,42,0.040806,0.044322,0,0.5,3,0.001411
9906261,,,4,7,11,4,7,11,31,0.071714,0.088856,0.000036,0.281818,8,0.003392
10326,,,1,40,41,1,40,41,24,0.123292,0.159353,0.000028,0.091463,7,0.000626
9611351,,,1,5,6,1,5,6,34,0.059321,0.069571,0.000002,0.033333,9,0.002115
10007,,,2,29,31,2,29,31,24,0.116148,0.147824,0.000626,0.08172,7,0.001469
5179,,,1,8,9,1,8,9,26,0.092853,0.111357,0,0.347222,2,0.000781
9906272,,,2,1,3,2,1,3,34,0.059602,0.069261,0,0.166667,7,0.004231
9809292,,,7,6,13,7,6,13,34,0.060784,0.077509,0.000051,0.108974,11,0.005236
9807413,,,7,8,15,7,8,15,33,0.064377,0.084072,0.000492,0.033333,4,0.010258
9811415,,,2,3,5,2,3,5,33,0.06442,0.081217,0.000121,0.3,11,0.00239
10349,,,1,17,18,1,17,18,24,0.117066,0.146902,0.000007,0.264706,7,0.000568
9906289,,,2,28,30,2,28,30,32,0.069662,0.097425,0.001296,0.009195,8,0.001266
9906201,,,1,3,4,1,3,4,32,0.066659,0.078696,0.000001,0.25,8,0.000629
9905535,,,1,6,7,1,6,7,33,0.062606,0.073038,0,0.285714,8,0.000629
9604224,,,3,1,4,3,1,4,41,0.042535,0.046578,0.000079,0,13,0.001831
9712298,,,1,5,6,1,5,6,31,0.070102,0.082227,0.000014,0.233333,1,0.000583
9809294,,,2,6,8,2,6,8,32,0.06682,0.081038,0.000001,0.25,1,0.001251
9810349,,,1,1,2,1,1,2,32,0.064528,0.071556,0,0.5,0,0.000741
9808249,,,1,8,9,1,8,9,32,0.067952,0.088358,0.000017,0.236111,0,0.000741
9906304,,,1,5,6,1,5,6,30,0.07563,0.091104,0,0.333333,12,0.001041
9808206,,,2,5,7,2,5,7,34,0.05948,0.070146,0.000001,0.214286,12,0.001631
9809379,,,5,4,9,5,4,9,32,0.064969,0.072869,0.000199,0.263889,0,0.004835
9809527,,,2,1,3,2,1,3,32,0.067159,0.081505,0.000001,0.333333,7,0.001306
9808484,,,5,14,19,5,14,19,31,0.071275,0.088805,0.000258,0.076023,5,0.004897
9811508,,,1,5,6,1,5,6,32,0.068931,0.092576,0.000168,0.1,7,0.000731
9906320,,,2,2,4,2,2,4,33,0.062834,0.073457,0.000001,0,12,0.001217
9809248,,,2,1,3,2,1,3,40,0.044479,0.050049,0.000001,0.166667,12,0.00205
9712456,,,2,2,4,2,2,4,33,0.06153,0.068976,0.000083,0.166667,8,0.001694
9906325,,,1,5,6,1,5,6,30,0.074696,0.087009,0.000128,0.066667,13,0.000577
9905234,,,1,1,2,1,1,2,36,0.053709,0.06151,0.000017,0,10,0.00321
9906337,,,1,5,6,1,5,6,32,0.06936,0.09265,0.000003,0.1,8,0.000625
9906339,,,4,27,31,4,27,31,31,0.072792,0.097162,0.000091,0.098925,12,0.003132
9808465,,,2,18,20,2,18,20,30,0.076911,0.101014,0.000238,0.039474,6,0.002745
9611435,,,1,2,3,1,2,3,45,0.036364,0.038895,0.000001,0.166667,2,0.005169
9906349,,,1,1,2,1,1,2,22,0.126165,0.142976,0.000047,0,6,0.000743
9906361,,,2,8,10,2,8,10,29,0.080732,0.097559,0.000091,0.111111,10,0.001193
9711475,,,2,1,3,2,1,3,30,0.073873,0.084081,0,0.333333,10,0.001251
9608459,,,1,2,3,1,2,3,29,0.079766,0.093018,0.000439,0,13,0.000899
9911330,,,1,1,2,1,1,2,41,0.042538,0.046592,0,0,3,0.000776
9810273,,,5,2,7,5,2,7,35,0.056302,0.064579,0.000012,0.285714,4,0.005463
9711204,,,4,3,7,4,3,7,34,0.059654,0.070022,0.000086,0.166667,4,0.004457
9906387,,,4,2,6,4,2,6,36,0.053103,0.0598,0,0.2,8,0.002376
9906401,,,1,10,11,1,10,11,31,0.071713,0.087934,0.000395,0.281818,0,0.00057
9905540,,,1,7,8,1,7,8,30,0.076156,0.092248,0.000047,0.303571,0,0.000568
9904377,,,2,4,6,2,4,6,31,0.071254,0.085296,0.00004,0.366667,0,0.001135
9811243,,,1,5,6,1,5,6,31,0.070218,0.082011,0.000079,0.166667,0,0.000568
9906402,,,3,5,8,3,5,8,31,0.071381,0.087921,0.000116,0.303571,8,0.003419
9906507,,,4,9,13,4,9,13,27,0.09019,0.114781,0.000026,0.320513,6,0.006746
9906420,,,1,10,11,1,10,11,33,0.06308,0.075845,0.00019,0.190909,1,0.001209
9710351,,,2,7,9,2,7,9,32,0.066142,0.078078,0.000012,0.138889,5,0.002233
9809552,,,4,8,12,4,8,12,31,0.073983,0.102954,0.000012,0.257576,6,0.004798
207096,,,1,15,16,1,15,16,18,0.175837,0.197923,0.000077,0.125,2,0.000738
9907271,,,1,3,4,1,3,4,29,0.080131,0.094357,0.000002,0.166667,13,0.000698
9902235,,,1,24,25,1,24,25,23,0.117766,0.142129,0.000447,0.103333,7,0.006371
9906441,,,2,3,5,2,3,5,31,0.070055,0.08127,0.000003,0.1,13,0.001182
9906444,,,1,17,18,1,17,18,29,0.083104,0.109369,0.000015,0.101307,12,0.000623
9710534,,,2,2,4,2,2,4,30,0.075813,0.090592,0.000002,0.25,8,0.001667
9810548,,,3,3,6,3,3,6,36,0.05311,0.060044,0,0.233333,12,0.002125
9906455,,,1,1,2,1,1,2,34,0.057041,0.061582,0.000001,0,8,0.000581
9906459,,,2,9,11,2,9,11,30,0.077402,0.099671,0.000075,0.227273,7,0.00221
9906480,,,3,35,38,3,35,38,25,0.102883,0.131957,0.000013,0.216216,3,0.004975
207157,,,3,44,47,3,44,47,18,0.183049,0.211767,0.006654,0.134598,2,0.002767
204236,,,1,27,28,1,27,28,21,0.151475,0.183235,0.000508,0.12963,2,0.000727
9906488,,,1,5,6,1,5,6,31,0.071092,0.086734,0.000321,0.2,8,0.00072
9906499,,,1,4,5,1,4,5,34,0.060458,0.075244,0.00027,0.15,8,0.000581
9906502,,,1,8,9,1,8,9,32,0.068673,0.089025,0.000321,0.111111,7,0.000651
9710304,,,3,6,9,3,6,9,32,0.067206,0.081694,0.000052,0.166667,7,0.00179
9606444,,,6,2,8,6,2,8,43,0.039246,0.042825,0,0.214286,7,0.004551
9610255,,,4,3,7,4,3,7,43,0.039249,0.042902,0,0.261905,7,0.002637
9808368,,,3,5,8,3,5,8,30,0.07417,0.085474,0.000425,0.107143,8,0.002006
9808201,,,1,8,9,1,8,9,29,0.08059,0.097097,0.000041,0.083333,8,0.000568
9906506,,,1,6,7,1,6,7,33,0.064013,0.081903,0,0.357143,6,0.003
207183,,,1,16,17,1,16,17,22,0.145911,0.173507,0.000054,0.136029,1,0.000568
9906515,,,1,2,3,1,2,3,32,0.067016,0.081563,0.000072,0,1,0.000753
9905517,,,1,8,9,1,8,9,31,0.071754,0.089917,0.000036,0.222222,8,0.000649
9806321,,,1,1,2,1,1,2,41,0.042573,0.046988,0,0,8,0.000694
9812266,,,7,7,14,7,7,14,32,0.067215,0.081626,0.000426,0.098901,8,0.005213
9812244,,,2,30,32,2,30,32,26,0.08587,0.109405,0.000348,0.035282,2,0.004902
9811475,,,1,5,6,1,5,6,34,0.058679,0.066394,0,0.233333,1,0.000881
9906541,,,1,9,10,1,9,10,31,0.071166,0.086947,0.00004,0.166667,11,0.000669
9808238,,,3,18,21,3,18,21,31,0.072525,0.097348,0.000003,0.242857,7,0.002101
9910427,,,1,5,6,1,5,6,28,0.086804,0.105376,0.000018,0.3,10,0.000683
9808274,,,2,1,3,2,1,3,43,0.038687,0.041611,0.00002,0,2,0.003076
9611319,,,3,2,5,3,2,5,32,0.066989,0.079975,0.00003,0,6,0.012204
9712255,,,2,7,9,2,7,9,32,0.066884,0.081641,0.000003,0.111111,7,0.005843
9808281,,,1,20,21,1,20,21,32,0.06747,0.085365,0.000239,0.080952,2,0.000634
9712455,,,1,6,7,1,6,7,45,0.036377,0.039234,0,0.47619,2,0.000571
9808285,,,1,2,3,1,2,3,32,0.067078,0.081383,0,0.333333,12,0.000568
9711210,,,3,4,7,3,4,7,29,0.081371,0.099482,0.000057,0.095238,7,0.002356
9710544,,,4,3,7,4,3,7,30,0.075326,0.089817,0.000003,0.238095,7,0.003428
9710233,,,2,9,11,2,9,11,32,0.066945,0.08271,0.0001,0.154545,9,0.004331
9808295,,,1,1,2,1,1,2,31,0.071721,0.088139,0,0.5,0,0.00097
9808300,,,1,5,6,1,5,6,37,0.050671,0.057793,0.000024,0.166667,8,0.000657
9802390,,,4,12,16,4,12,16,32,0.067021,0.083422,0.00004,0.0875,9,0.014175
9712219,,,5,63,68,5,63,68,31,0.072264,0.097506,0.001694,0.164179,9,0.018184
9808319,,,1,2,3,1,2,3,38,0.048492,0.054186,0.000063,0,2,0.002409
109004,,,5,19,24,5,19,24,24,0.113904,0.140422,0.000015,0.25,3,0.003648
11374,,,3,8,11,3,8,11,24,0.105525,0.131362,0.000295,0.2,3,0.002685
110153,,,1,11,12,1,11,12,25,0.108344,0.131092,0.000004,0.106061,10,0.000568
111243,,,3,24,27,3,24,27,21,0.156838,0.189604,0.007117,0.185185,6,0.003178
9808336,,,1,1,2,1,1,2,33,0.06288,0.07457,0.000081,0,0,0.001561
9808338,,,1,2,3,1,2,3,33,0.063863,0.080563,0,0.5,9,0.000689
9908267,,,2,4,6,2,4,6,33,0.062101,0.071577,0.000358,0.2,11,0.001441
109018,,,2,26,28,2,26,28,23,0.118682,0.153514,0.000001,0.138889,2,0.001197
9808354,,,2,13,15,2,13,15,30,0.076375,0.097066,0.000014,0.080952,6,0.002105
9808356,,,1,7,8,1,7,8,29,0.079921,0.093929,0,0.357143,10,0.000571
9808359,,,1,3,4,1,3,4,31,0.069366,0.078993,0.00038,0.25,0,0.000577
109034,,,2,8,10,2,8,10,27,0.095876,0.124141,0.004498,0.266667,13,0.00239
11068,,,1,2,3,1,2,3,28,0.076142,0.089923,0.000001,0.166667,2,0.000751
109037,,,1,3,4,1,3,4,30,0.075991,0.090451,0.00008,0.333333,6,0.000574
106312,,,1,6,7,1,6,7,30,0.076684,0.094674,0.000004,0.214286,6,0.000568
9808366,,,1,8,9,1,8,9,30,0.076116,0.092541,0.000027,0.208333,0,0.000928
9912340,,,2,52,54,2,52,54,25,0.104921,0.134731,0.000385,0.030398,8,0.001521
106294,,,1,24,25,1,24,25,24,0.126076,0.158175,0.000528,0.028333,8,0.000722
9808378,,,6,2,8,6,2,8,35,0.054753,0.059816,0.000123,0.142857,8,0.004671
9808389,,,1,7,8,1,7,8,31,0.072141,0.092636,0.000005,0.25,12,0.000681
107059,,,1,4,5,1,4,5,25,0.100309,0.128909,0.000049,0.15,8,0.000703
9808392,,,1,6,7,1,6,7,41,0.042653,0.048256,0,0.190476,12,0.000772
9712380,,,2,3,5,2,3,5,33,0.06364,0.08019,0,0.4,6,0.002663
9712381,,,3,7,10,3,7,10,33,0.06312,0.077098,0.000139,0.066667,9,0.022352
109097,,,2,19,21,2,19,21,21,0.132693,0.164041,0.000053,0.057143,5,0.001141
9810531,,,2,7,9,2,7,9,31,0.072172,0.091234,0.000086,0.138889,4,0.001251
9808427,,,1,9,10,1,9,10,32,0.068188,0.088798,0.000001,0.133333,9,0.000576
9610552,,,2,2,4,2,2,4,34,0.059186,0.067888,0.000002,0.083333,11,0.001955
9808432,,,3,2,5,3,2,5,41,0.042609,0.04736,0.000001,0.3,8,0.002361
9902231,,,1,3,4,1,3,4,32,0.065314,0.074705,0,0.333333,0,0.000571
9711508,,,1,1,2,1,1,2,34,0.059083,0.067189,0,0.5,8,0.000799
109113,,,4,13,17,4,13,17,21,0.142999,0.175687,0.000386,0.129167,7,0.002598
108240,,,4,30,34,4,30,34,22,0.132936,0.165281,0.001545,0.137311,7,0.002598
9808442,,,1,2,3,1,2,3,32,0.066819,0.08082,0.000002,0,1,0.000571
109121,,,2,12,14,2,12,14,21,0.151803,0.185508,0.000151,0.217949,3,0.001395
109258,,,2,15,17,2,15,17,22,0.13956,0.17075,0.000007,0.191667,3,0.001395
107046,,,2,45,47,2,45,47,21,0.135338,0.178606,0.000275,0.086494,7,0.001526
9808457,,,2,8,10,2,8,10,32,0.068011,0.08701,0.000058,0.177778,12,0.002428
9808350,,,1,6,7,1,6,7,33,0.063109,0.076872,0.000001,0.071429,9,0.000692
9806330,,,1,40,41,1,40,41,32,0.068906,0.098816,0.00001,0.081707,4,0.000854
9903204,,,1,4,5,1,4,5,32,0.067475,0.084045,0.000009,0.2,7,0.000594
9709477,,,1,2,3,1,2,3,40,0.044447,0.049519,0.000003,0,10,0.000742
109150,,,1,34,35,1,34,35,21,0.148815,0.177405,0.000082,0.081513,2,0.000571
3210,,,1,10,11,1,10,11,24,0.094833,0.114733,0,0.190909,2,0.000568
9808362,,,2,1,3,2,1,3,34,0.057793,0.063631,0.000037,0.166667,0,0.001414
110072,,,2,15,17,2,15,17,21,0.13745,0.162685,0.000075,0.2125,0,0.001416
109155,,,1,22,23,1,22,23,22,0.115835,0.137806,0.000401,0.203557,2,0.000687
106339,,,1,10,11,1,10,11,23,0.118035,0.134929,0,0.136364,2,0.001808
109174,,,2,21,23,2,21,23,27,0.099875,0.128472,0.004683,0.17316,8,0.001554
9710201,,,1,2,3,1,2,3,32,0.06583,0.075836,0.000079,0,8,0.000579
109179,,,1,16,17,1,16,17,20,0.145339,0.174189,0,0.286765,3,0.000643
9612354,,,1,3,4,1,3,4,34,0.060167,0.072528,0.000001,0.25,4,0.001014
109184,,,3,16,19,3,16,19,19,0.138013,0.159579,0.000042,0.216374,3,0.002967
103043,,,3,18,21,3,18,21,20,0.135105,0.157035,0.00011,0.211905,3,0.002678
9710212,,,2,8,10,2,8,10,30,0.076093,0.09323,0.000093,0.2,12,0.003809
9710218,,,3,5,8,3,5,8,33,0.063158,0.076086,0.000125,0.142857,4,0.002463
102290,,,6,16,22,6,16,22,24,0.101424,0.127371,0.00007,0.194805,3,0.005101
110235,,,1,7,8,1,7,8,21,0.138196,0.163196,0.000683,0.160714,3,0.001161
9611241,,,1,4,5,1,4,5,35,0.056598,0.065649,0,0.35,6,0.001153
109200,,,4,7,11,4,7,11,23,0.119033,0.138465,0.000001,0.227273,2,0.007178
7279,,,1,13,14,1,13,14,26,0.097403,0.121763,0.000273,0.120879,8,0.001097
109213,,,1,7,8,1,7,8,28,0.094151,0.115707,0.001717,0.178571,10,0.00057
103263,,,1,26,27,1,26,27,27,0.103391,0.132781,0.000982,0.098291,10,0.000568
9710238,,,2,10,12,2,10,12,29,0.08142,0.1007,0.000002,0.128788,6,0.002288
111047,,,3,35,38,3,35,38,18,0.184754,0.219128,0.001879,0.110953,3,0.002116
9710252,,,2,2,4,2,2,4,37,0.049865,0.054162,0.000041,0.166667,8,0.002324
9710253,,,2,5,7,2,5,7,32,0.06556,0.074967,0.000079,0.142857,8,0.00124
9705291,,,3,1,4,3,1,4,43,0.039227,0.042497,0,0.166667,8,0.001971
9909294,,,3,7,10,3,7,10,26,0.092108,0.11102,0,0.322222,3,0.003204
9709252,,,5,4,9,5,4,9,36,0.053515,0.061831,0,0.166667,6,0.006466
9710291,,,1,2,3,1,2,3,31,0.069664,0.080102,0,0.333333,1,0.001159
109268,,,1,4,5,1,4,5,30,0.083635,0.100365,0.000082,0.1,10,0.000568
9710297,,,1,3,4,1,3,4,33,0.0631,0.075713,0.000158,0.166667,6,0.000887
9710307,,,1,10,11,1,10,11,32,0.067301,0.08367,0.000001,0.3,1,0.000828
9902241,,,3,10,13,3,10,13,31,0.072369,0.093707,0.000084,0.173077,12,0.002429
9906483,,,1,6,7,1,6,7,32,0.069117,0.094904,0.000111,0.095238,5,0.000992
9912543,,,2,1,3,2,1,3,36,0.053054,0.059462,0,0.166667,8,0.002827
11021,,,1,12,13,1,12,13,24,0.124065,0.159656,0.000062,0.147436,1,0.00131
9910450,,,1,1,2,1,1,2,30,0.073861,0.084007,0.000152,0,13,0.000722
9710363,,,1,1,2,1,1,2,34,0.059512,0.070621,0,0.5,5,0.001333
9710381,,,2,2,4,2,2,4,42,0.040827,0.044634,0.000001,0.25,8,0.00156
9707295,,,1,6,7,1,6,7,30,0.075022,0.088008,0.000371,0.02381,10,0.000576
9710395,,,2,8,10,2,8,10,34,0.060608,0.07722,0.000119,0.166667,4,0.002684
9706393,,,1,12,13,1,12,13,33,0.063722,0.080457,0.000023,0.083333,4,0.00069
9710400,,,3,1,4,3,1,4,42,0.040808,0.044358,0,0.333333,8,0.00222
9710407,,,1,4,5,1,4,5,34,0.060078,0.071812,0.000001,0.3,2,0.000571
11080,,,1,4,5,1,4,5,25,0.10652,0.128395,0,0.4,11,0.000625
10171,,,4,7,11,4,7,11,26,0.097359,0.116981,0.000431,0.090909,7,0.003557
9606292,,,3,4,7,3,4,7,42,0.040819,0.044693,0.000036,0.190476,12,0.003315
11099,,,1,4,5,1,4,5,26,0.099965,0.121697,0.000123,0.05,1,0.000577
9905531,,,2,7,9,2,7,9,33,0.062143,0.071753,0.000001,0.194444,8,0.001314
9710439,,,1,8,9,1,8,9,34,0.059979,0.07373,0.000003,0.111111,6,0.002155
9710440,,,1,17,18,1,17,18,33,0.063432,0.079332,0.000034,0.094771,6,0.00129
9912383,,,2,3,5,2,3,5,37,0.05103,0.057885,0,0.25,1,0.00119
9709233,,,2,1,3,2,1,3,43,0.039227,0.042497,0.000001,0,8,0.002314
9710454,,,2,2,4,2,2,4,41,0.042584,0.047341,0,0.416667,8,0.002002
11135,,,2,28,30,2,28,30,27,0.089584,0.113277,0.000314,0.088506,12,0.001938
11142,,,1,4,5,1,4,5,24,0.119872,0.152156,0,0.5,5,0.000684
11148,,,1,6,7,1,6,7,25,0.09332,0.114797,0.000001,0.380952,3,0.000741
9710477,,,1,9,10,1,9,10,29,0.080755,0.097869,0.000002,0.088889,6,0.001082
9705420,,,2,3,5,2,3,5,41,0.042579,0.04754,0.000001,0.1,4,0.001401
11156,,,1,2,3,1,2,3,34,0.060398,0.073681,0,0.333333,3,0.000574
9710495,,,2,2,4,2,2,4,35,0.056818,0.067186,0,0.25,6,0.001488
9710499,,,1,2,3,1,2,3,36,0.053122,0.059933,0.000001,0,8,0.000721
9912304,,,1,7,8,1,7,8,26,0.093381,0.119465,0.000003,0.071429,4,0.000975
7306,,,1,14,15,1,14,15,32,0.069519,0.091112,0.000604,0.071429,4,0.000975
9911226,,,1,8,9,1,8,9,26,0.093643,0.113094,0.000056,0.166667,4,0.000975
9809488,,,1,12,13,1,12,13,30,0.076175,0.093481,0.000009,0.173077,6,0.000881
9710507,,,1,1,2,1,1,2,30,0.07387,0.084052,0,0,13,0.000683
10067,,,2,34,36,2,34,36,24,0.113783,0.142328,0.000141,0.207937,4,0.001484
9612210,,,1,1,2,1,1,2,32,0.066959,0.079757,0.000001,0,1,0.000576
9710515,,,2,2,4,2,2,4,44,0.03778,0.041216,0.000001,0.083333,7,0.001264
11188,,,2,2,4,2,2,4,26,0.092103,0.112289,0,0.083333,3,0.002535
9710518,,,2,1,3,2,1,3,30,0.074836,0.087836,0.000002,0.166667,8,0.001417
11196,,,1,7,8,1,7,8,23,0.11138,0.138493,0.000058,0.125,6,0.000771
9710528,,,1,4,5,1,4,5,42,0.040819,0.04465,0.000007,0.3,10,0.000568
9609348,,,2,2,4,2,2,4,41,0.042546,0.046765,0.000026,0.333333,10,0.001136
11201,,,1,4,5,1,4,5,34,0.059657,0.071404,0,0.3,4,0.001144
9710530,,,1,5,6,1,5,6,30,0.07437,0.086166,0,0.2,8,0.001088
9707348,,,3,6,9,3,6,9,36,0.053877,0.063304,0.000157,0.125,8,0.004859
9710532,,,1,1,2,1,1,2,44,0.037733,0.040472,0,0.5,13,0.001039
9710548,,,1,2,3,1,2,3,28,0.086665,0.104265,0.0002,0.166667,10,0.000631
9710559,,,1,1,2,1,1,2,41,0.042598,0.047194,0,0.5,8,0.001684
9710564,,,1,3,4,1,3,4,37,0.050814,0.057907,0.000001,0,4,0.000623
11240,,,1,14,15,1,14,15,24,0.108457,0.142433,0.000114,0.152381,2,0.001046
2241,,,1,8,9,1,8,9,28,0.086073,0.11291,0.000092,0.083333,8,0.00057
6257,,,3,5,8,3,5,8,29,0.076611,0.095088,0.000027,0.357143,8,0.001885
7338,,,6,6,12,6,6,12,26,0.095326,0.112423,0.00013,0.219697,7,0.004972
9811491,,,1,6,7,1,6,7,30,0.077375,0.099163,0.000002,0.238095,7,0.000913
9908264,,,2,23,25,2,23,25,30,0.07735,0.102026,0.000196,0.230072,8,0.001438
9907212,,,1,6,7,1,6,7,33,0.064781,0.083292,0.000018,0.095238,2,0.00248
9810493,,,3,24,27,3,24,27,32,0.069179,0.094387,0.000475,0.145299,2,0.01533
9907213,,,3,9,12,3,9,12,23,0.117967,0.139184,0.008983,0,6,0.003213
9608226,,,3,8,11,3,8,11,28,0.086841,0.105294,0.002343,0.1,10,0.003401
7347,,,1,11,12,1,11,12,24,0.107832,0.138828,0.00005,0.25,3,0.000804
9808219,,,3,9,12,3,9,12,34,0.060186,0.073238,0.000079,0.227273,6,0.006676
9809314,,,1,2,3,1,2,3,36,0.053593,0.06221,0,0.5,8,0.000631
9907269,,,1,4,5,1,4,5,31,0.070266,0.082507,0.000069,0.3,8,0.000581
9906212,,,1,15,16,1,15,16,32,0.069331,0.094813,0.000107,0.220833,1,0.001276
9907275,,,5,20,25,5,20,25,24,0.107353,0.137179,0.000024,0.18,9,0.006534
9612366,,,1,1,2,1,1,2,41,0.042552,0.046901,0.000001,0,1,0.003718
9907280,,,2,4,6,2,4,6,35,0.056569,0.067251,0.000002,0.1,11,0.001358
9907285,,,1,1,2,1,1,2,32,0.067114,0.080967,0,0.5,8,0.001003
12195,,,1,19,20,1,19,20,23,0.121624,0.147554,0.000051,0.15,6,0.000886
11366,,,3,7,10,3,7,10,24,0.110744,0.133103,0.000012,0.111111,6,0.00216
9911516,,,1,3,4,1,3,4,31,0.069975,0.080623,0.000093,0.166667,13,0.001545
9909412,,,1,1,2,1,1,2,34,0.060276,0.071985,0,0.5,8,0.000625
10187,,,1,3,4,1,3,4,34,0.059918,0.071965,0.000002,0.083333,6,0.00057
9807259,,,1,4,5,1,4,5,32,0.06704,0.081958,0.000002,0.3,6,0.00057
9907431,,,3,16,19,3,16,19,32,0.068387,0.089995,0.00029,0.166667,11,0.002314
9907316,,,1,11,12,1,11,12,26,0.092484,0.117424,0.000066,0.128788,9,0.000923
9809222,,,3,4,7,3,4,7,34,0.058889,0.067376,0.000002,0.214286,13,0.001882
9711237,,,1,3,4,1,3,4,43,0.039236,0.042688,0.000001,0.083333,13,0.000628
11382,,,1,19,20,1,19,20,24,0.115078,0.144437,0.000001,0.131579,4,0.00057
11391,,,1,5,6,1,5,6,27,0.091483,0.111641,0.000234,0.1,7,0.00131
9507316,,,1,1,2,1,1,2,32,0.06815,0.086696,0,0,7,0.000603
9906357,,,3,3,6,3,3,6,32,0.068486,0.088599,0.000002,0.333333,7,0.001861
9197,,,1,8,9,1,8,9,26,0.099652,0.12421,0.000091,0.222222,7,0.000661
9155,,,3,21,24,3,21,24,24,0.126517,0.162631,0.000013,0.222826,7,0.002385
11400,,,1,2,3,1,2,3,26,0.094896,0.113129,0.000001,0,7,0.00131
9809340,,,1,13,14,1,13,14,31,0.070166,0.082378,0,0.197802,0,0.000571
9510424,,,4,2,6,4,2,6,35,0.056597,0.065492,0.000152,0.233333,4,0.016751
9811457,,,1,12,13,1,12,13,22,0.128394,0.151481,0.000216,0.121795,7,0.000809
9907342,,,5,9,14,5,9,14,28,0.086703,0.104955,0.000322,0.203297,13,0.003644
9907344,,,1,11,12,1,11,12,26,0.094252,0.117891,0.000001,0.280303,9,0.000632
9907346,,,2,18,20,2,18,20,31,0.072463,0.094725,0.001587,0.055263,8,0.001252
9812364,,,1,1,2,1,1,2,45,0.036365,0.038801,0,0.5,13,0.000571
208026,,,1,30,31,1,30,31,17,0.192113,0.219618,0.00043,0.123656,2,0.000629
9606221,,,1,2,3,1,2,3,46,0.035091,0.037411,0.000078,0.166667,2,0.00556
111130,,,4,11,15,4,11,15,23,0.118649,0.140295,0.000076,0.346154,2,0.003049
9907359,,,3,2,5,3,2,5,24,0.104204,0.125356,0,0.5,9,0.005688
9809402,,,3,15,18,3,15,18,31,0.072252,0.093696,0.000124,0.098039,7,0.001831
9811258,,,1,6,7,1,6,7,31,0.071673,0.089142,0.000001,0.261905,7,0.000635
9907366,,,1,7,8,1,7,8,30,0.07478,0.088118,0.000384,0.053571,11,0.000568
9810321,,,2,3,5,2,3,5,35,0.055721,0.063235,0.000084,0.05,5,0.001691
9610351,,,1,3,4,1,3,4,34,0.060122,0.072315,0.000036,0.25,10,0.003266
208044,,,1,1,2,1,1,2,22,0.113318,0.126287,0.000004,0,4,0.000738
9709400,,,2,2,4,2,2,4,43,0.039206,0.042369,0.000001,0.083333,5,0.001377
9711301,,,1,9,10,1,9,10,32,0.067449,0.084303,0.000002,0.155556,7,0.000703
9907392,,,1,15,16,1,15,16,31,0.07324,0.097443,0.000176,0.104167,8,0.000829
9608230,,,1,10,11,1,10,11,35,0.055505,0.062726,0,0.227273,4,0.002611
9612491,,,1,7,8,1,7,8,33,0.062891,0.074404,0.000064,0.071429,1,0.008802
9912225,,,1,6,7,1,6,7,38,0.048734,0.055783,0,0.309524,2,0.000647
12203,,,1,60,61,1,60,61,23,0.109699,0.150158,0.00001,0.039071,2,0.000647
9907429,,,1,6,7,1,6,7,32,0.067767,0.084826,0.000976,0.142857,8,0.000581
9611350,,,3,2,5,3,2,5,41,0.042542,0.046669,0.000219,0.05,8,0.001709
9907430,,,4,10,14,4,10,14,33,0.063635,0.079571,0.000535,0.164835,8,0.010005
9907451,,,1,3,4,1,3,4,41,0.042675,0.047853,0.000001,0.166667,8,0.000622
9907453,,,1,10,11,1,10,11,31,0.071881,0.090062,0.000005,0.227273,8,0.00109
9907454,,,2,11,13,2,11,13,32,0.0689,0.093333,0.000129,0.089744,7,0.001289
9812263,,,5,27,32,5,27,32,26,0.097317,0.130726,0.000275,0.09879,6,0.006649
9810353,,,1,4,5,1,4,5,31,0.071864,0.09204,0.000004,0.25,7,0.000822
9705308,,,2,2,4,2,2,4,31,0.06979,0.080654,0,0.416667,5,0.001447
9907465,,,2,7,9,2,7,9,31,0.071471,0.088759,0.000068,0.25,8,0.001214
9907470,,,2,3,5,2,3,5,32,0.067033,0.081676,0,0.3,8,0.001151
9907473,,,2,14,16,2,14,16,23,0.118508,0.142046,0.000034,0.158333,6,0.001327
111151,,,1,28,29,1,28,29,22,0.144119,0.170881,0.000001,0.179803,6,0.000582
9712311,,,1,1,2,1,1,2,41,0.042538,0.046591,0,0,11,0.000686
9711380,,,2,4,6,2,4,6,30,0.075719,0.090333,0.000273,0.066667,12,0.003063
9802404,,,5,6,11,5,6,11,30,0.075746,0.091066,0.000398,0.136364,7,0.006084
9810227,,,3,4,7,3,4,7,36,0.053739,0.061984,0.000023,0.309524,12,0.004998
9711459,,,1,1,2,1,1,2,35,0.056754,0.066402,0,0,12,0.001875
9809213,,,3,2,5,3,2,5,34,0.059249,0.068716,0.000153,0.1,11,0.002435
9812250,,,2,1,3,2,1,3,37,0.050839,0.057887,0.000001,0.166667,11,0.003001
9511322,,,1,1,2,1,1,2,41,0.042535,0.046579,0,0,11,0.001299
9907503,,,5,12,17,5,12,17,23,0.099991,0.123113,0.000017,0.297794,2,0.00866
9805410,,,1,4,5,1,4,5,31,0.068948,0.077724,0.000036,0.2,8,0.000691
9906356,,,3,3,6,3,3,6,24,0.09692,0.119706,0.000277,0.133333,11,0.004738
9907528,,,2,6,8,2,6,8,26,0.087605,0.104875,0.000082,0.25,0,0.001203
9907535,,,1,2,3,1,2,3,34,0.060011,0.071203,0.000011,0.166667,12,0.000577
9511403,,,2,1,3,2,1,3,43,0.039204,0.042295,0.000079,0.166667,4,0.001775
9907543,,,1,5,6,1,5,6,32,0.066282,0.077527,0.000068,0.266667,8,0.000581
9906365,,,2,7,9,2,7,9,33,0.06411,0.083394,0.000007,0.208333,0,0.002743
9907560,,,1,9,10,1,9,10,31,0.072628,0.093543,0.000081,0.111111,8,0.000631
110200,,,1,6,7,1,6,7,23,0.122934,0.146075,0,0.428571,11,0.00057
108030,,,1,11,12,1,11,12,23,0.124902,0.150372,0.000634,0.242424,6,0.00057
9712202,,,2,5,7,2,5,7,31,0.071231,0.087372,0,0.119048,7,0.001452
9809270,,,1,3,4,1,3,4,35,0.056175,0.065092,0,0.083333,12,0.001136
9809273,,,1,9,10,1,9,10,30,0.075469,0.090094,0.000022,0.288889,0,0.000568
9809283,,,1,1,2,1,1,2,34,0.059094,0.067419,0,0,8,0.000755
9809284,,,1,19,20,1,19,20,31,0.072887,0.099079,0.000044,0.202632,7,0.001635
9807516,,,1,2,3,1,2,3,30,0.074885,0.086904,0.000169,0,0,0.000648
9809300,,,2,2,4,2,2,4,36,0.051927,0.056233,0.000039,0.333333,13,0.001251
9809302,,,1,22,23,1,22,23,31,0.072539,0.097632,0,0.258893,7,0.005696
9809324,,,1,2,3,1,2,3,33,0.063375,0.077811,0,0.166667,6,0.000623
9809331,,,1,1,2,1,1,2,36,0.053692,0.061535,0.000079,0,12,0.000585
9807391,,,1,1,2,1,1,2,35,0.056733,0.066494,0.000079,0,12,0.000568
9809334,,,2,3,5,2,3,5,34,0.058738,0.066414,0.000057,0.1,0,0.00175
110020,,,1,33,34,1,33,34,22,0.144358,0.181893,0.003073,0.181818,6,0.000638
10253,,,3,40,43,3,40,43,21,0.147438,0.180198,0.000781,0.114064,6,0.001776
102116,,,1,28,29,1,28,29,22,0.13182,0.15961,0.000001,0.160099,6,0.00057
12192,,,2,12,14,2,12,14,24,0.115892,0.144554,0.000157,0.324176,4,0.001376
110023,,,1,23,24,1,23,24,22,0.131321,0.161838,0.000085,0.146739,7,0.000576
9809354,,,1,3,4,1,3,4,32,0.06763,0.083523,0,0,4,0.000594
110037,,,1,2,3,1,2,3,23,0.132151,0.15609,0.000285,0.166667,2,0.000932
110045,,,2,17,19,2,17,19,18,0.166372,0.194544,0.000085,0.201754,3,0.001973
110050,,,2,2,4,2,2,4,39,0.046516,0.052467,0.000001,0.083333,3,0.001249
9809387,,,1,17,18,1,17,18,32,0.067942,0.089329,0.000012,0.156863,7,0.001085
9809390,,,3,9,12,3,9,12,32,0.066643,0.078863,0.00023,0.159091,0,0.001923
104131,,,3,12,15,3,12,15,23,0.116091,0.145866,0.00006,0.233333,2,0.00294
110071,,,1,14,15,1,14,15,25,0.10927,0.13657,0.000153,0.104762,2,0.001324
9809409,,,2,1,3,2,1,3,38,0.047572,0.051549,0,0.166667,0,0.001441
9809413,,,3,11,14,3,11,14,31,0.070218,0.083262,0.000341,0.21978,1,0.001878
9711290,,,2,9,11,2,9,11,31,0.070111,0.08266,0.000003,0.236364,1,0.001309
110095,,,1,17,18,1,17,18,22,0.141867,0.174855,0.000002,0.042484,5,0.000568
9809436,,,1,6,7,1,6,7,33,0.062049,0.071103,0.000075,0.119048,0,0.000781
9809440,,,3,3,6,3,3,6,30,0.074897,0.087165,0.000241,0.2,13,0.002422
9809442,,,1,2,3,1,2,3,34,0.05929,0.068706,0,0,8,0.000573
9801379,,,3,10,13,3,10,13,28,0.086949,0.106279,0.001141,0.128205,8,0.003313
9809449,,,1,1,2,1,1,2,37,0.051208,0.059008,0,0.5,8,0.000568
9809452,,,1,2,3,1,2,3,35,0.055506,0.062041,0,0.5,0,0.000568
9809461,,,1,5,6,1,5,6,30,0.074048,0.085222,0,0.4,0,0.000626
9809464,,,2,5,7,2,5,7,33,0.062341,0.072949,0.000027,0.142857,2,0.001935
110164,,,1,15,16,1,15,16,23,0.124272,0.153763,0,0.216667,4,0.00057
102052,,,1,39,40,1,39,40,21,0.137187,0.163738,0.000014,0.163462,2,0.000942
9712332,,,1,3,4,1,3,4,42,0.040846,0.044833,0.000158,0.166667,13,0.000628
9707524,,,4,1,5,4,1,5,32,0.066428,0.07728,0.000126,0.2,12,0.006631
9807241,,,5,8,13,5,8,13,35,0.057218,0.071842,0.000015,0.134615,12,0.004394
9711206,,,1,1,2,1,1,2,43,0.039255,0.042806,0,0,2,0.00064
110210,,,1,5,6,1,5,6,23,0.120998,0.142179,0.000001,0.1,2,0.000576
110217,,,1,14,15,1,14,15,22,0.134946,0.165617,0.000027,0.185714,3,0.000643
9609351,,,3,3,6,3,3,6,34,0.059295,0.068837,0.000196,0.133333,8,0.004863
9711253,,,2,4,6,2,4,6,31,0.070731,0.084016,0.000003,0.133333,5,0.001258
110232,,,1,4,5,1,4,5,21,0.131719,0.153714,0.000002,0.15,2,0.002175
9809564,,,2,3,5,2,3,5,35,0.05559,0.062674,0.000005,0.2,11,0.001471
9610501,,,2,7,9,2,7,9,32,0.066607,0.079298,0,0.180556,7,0.001801
9711269,,,2,9,11,2,9,11,31,0.070519,0.083001,0.000142,0.109091,1,0.001421
110247,,,1,13,14,1,13,14,32,0.068963,0.090448,0.000083,0.230769,8,0.000754
9711274,,,1,4,5,1,4,5,30,0.07529,0.089119,0,0.25,8,0.000721
9709441,,,2,4,6,2,4,6,31,0.072026,0.091592,0.000234,0.133333,6,0.003051
9608323,,,1,2,3,1,2,3,34,0.060144,0.072597,0.00004,0,4,0.001422
9809597,,,1,4,5,1,4,5,49,0.031765,0.033676,0,0.55,4,0.00063
110275,,,1,59,60,1,59,60,20,0.154542,0.186311,0.00066,0.164124,3,0.000632
9711305,,,2,5,7,2,5,7,33,0.063931,0.082272,0.000018,0.071429,11,0.0013
9903395,,,1,10,11,1,10,11,32,0.067665,0.087181,0.000001,0.263636,4,0.000753
9711326,,,1,7,8,1,7,8,30,0.074193,0.085836,0.000025,0.125,8,0.000707
8321,,,2,9,11,2,9,11,22,0.127856,0.147312,0.000162,0.081818,6,0.001753
8300,,,1,21,22,1,21,22,26,0.101258,0.128688,0.0001,0.0671,1,0.000819
110309,,,1,7,8,1,7,8,25,0.099235,0.126028,0.000118,0.446429,3,0.000623
9711338,,,1,4,5,1,4,5,32,0.066995,0.080251,0,0.2,7,0.000683
10232,,,1,13,14,1,13,14,24,0.098585,0.124379,0,0.258242,2,0.002359
9702256,,,1,1,2,1,1,2,41,0.042541,0.046676,0,0.5,1,0.000713
6074,,,1,2,3,1,2,3,42,0.040834,0.044817,0,0.166667,12,0.000568
12031,,,1,16,17,1,16,17,23,0.124626,0.15459,0.000004,0.202206,6,0.001236
110339,,,2,7,9,2,7,9,25,0.102288,0.126949,0.000104,0.236111,3,0.001214
9711372,,,1,1,2,1,1,2,44,0.037735,0.040519,0.000065,0,6,0.000819
9711374,,,1,17,18,1,17,18,35,0.055993,0.066939,0.000001,0.084967,9,0.00078
204077,,,1,22,23,1,22,23,18,0.176024,0.201257,0.000184,0.146245,2,0.000629
9711382,,,2,4,6,2,4,6,30,0.075025,0.087756,0.000042,0.133333,8,0.001424
110371,,,1,8,9,1,8,9,22,0.121238,0.142988,0.002125,0.138889,11,0.000702
3061,,,1,1,2,1,1,2,32,0.066094,0.0765,0.000003,0,8,0.000582
12072,,,2,1,3,2,1,3,24,0.111605,0.129665,0,0.333333,7,0.002056
110383,,,1,27,28,1,27,28,20,0.162796,0.20019,0.000001,0.261905,6,0.000568
110386,,,1,2,3,1,2,3,30,0.076893,0.098491,0.000005,0.333333,8,0.000754
12086,,,1,7,8,1,7,8,27,0.09195,0.110096,0.000134,0.125,1,0.000779
9809522,,,1,3,4,1,3,4,33,0.063393,0.076078,0,0.25,3,0.000775
7321,,,1,13,14,1,13,14,23,0.111439,0.142258,0.000177,0.192308,3,0.001073
9909492,,,1,5,6,1,5,6,33,0.063595,0.077775,0,0.1,7,0.000568
9910533,,,1,6,7,1,6,7,30,0.074379,0.086357,0.000092,0.142857,0,0.000641
9711437,,,1,10,11,1,10,11,36,0.053866,0.063714,0.000094,0.136364,11,0.002018
10124,,,3,5,8,3,5,8,23,0.118146,0.13948,0.000044,0.142857,4,0.002143
9909275,,,1,2,3,1,2,3,33,0.064703,0.081292,0.000002,0.166667,6,0.000917
9711474,,,2,2,4,2,2,4,36,0.053808,0.062691,0.000046,0.333333,6,0.002521
12151,,,1,4,5,1,4,5,27,0.084045,0.097683,0,0.4,3,0.000579
12162,,,2,26,28,2,26,28,25,0.117357,0.156598,0.000224,0.064815,7,0.00188
9912353,,,3,16,19,3,16,19,32,0.068614,0.090792,0.000004,0.099415,7,0.001858
9711502,,,1,4,5,1,4,5,41,0.042561,0.047096,0,0.15,4,0.001161
12178,,,2,13,15,2,13,15,22,0.137839,0.16459,0.000152,0.104396,2,0.001196
103013,,,2,2,4,2,2,4,23,0.121941,0.139953,0,0.166667,2,0.001196
9811280,,,2,5,7,2,5,7,31,0.071068,0.085805,0.00005,0.047619,7,0.001493
12205,,,1,18,19,1,18,19,23,0.132891,0.168709,0.000015,0.128655,4,0.000941
9810300,,,1,21,22,1,21,22,31,0.071673,0.091065,0,0.231602,7,0.000884
9711464,,,1,4,5,1,4,5,35,0.056531,0.066526,0,0.1,6,0.001215
9909484,,,1,12,13,1,12,13,31,0.072034,0.092066,0,0.230769,7,0.000623
6275,,,2,21,23,2,21,23,25,0.098403,0.125791,0.000012,0.256917,3,0.00165
9911324,,,2,2,4,2,2,4,32,0.065163,0.072838,0.00001,0.083333,0,0.00117
12215,,,2,13,15,2,13,15,25,0.109854,0.138706,0.00016,0.157143,7,0.004207
10219,,,1,5,6,1,5,6,26,0.098167,0.121315,0.000056,0.033333,7,0.000766
9911263,,,5,26,31,5,26,31,26,0.100552,0.130128,0.000158,0.129032,7,0.006078
9905425,,,3,11,14,3,11,14,31,0.073696,0.102762,0.000406,0.115385,7,0.002635
9712288,,,2,3,5,2,3,5,33,0.062892,0.073582,0.000001,0.25,7,0.001243
12218,,,1,3,4,1,3,4,32,0.067083,0.081785,0,0.25,7,0.000568
9912234,,,1,15,16,1,15,16,28,0.083753,0.104832,0.000021,0.179167,10,0.00091
9811368,,,1,4,5,1,4,5,32,0.065857,0.076231,0.000025,0.2,11,0.000848
12257,,,1,4,5,1,4,5,27,0.084085,0.097193,0.000002,0.15,3,0.000699
12261,,,2,9,11,2,9,11,32,0.069465,0.091474,0.00008,0.211111,8,0.001138
12262,,,1,9,10,1,9,10,32,0.069473,0.091555,0,0.194444,8,0.000623
12268,,,1,1,2,1,1,2,30,0.071936,0.081482,0.000081,0,2,0.000788
9904437,,,1,26,27,1,26,27,24,0.10072,0.125863,0.000036,0.15812,2,0.00112
207059,,,1,25,26,1,25,26,17,0.187959,0.216564,0.048068,0.12,3,0.00139
9908228,,,1,12,13,1,12,13,27,0.089259,0.11297,0.000108,0.173077,0,0.000634
9812341,,,1,4,5,1,4,5,35,0.056,0.06392,0.00008,0.1,8,0.000808
9908244,,,1,8,9,1,8,9,32,0.064731,0.072956,0.000119,0.138889,13,0.000678
10213,,,1,8,9,1,8,9,25,0.093136,0.110372,0,0.194444,2,0.001995
9908253,,,1,6,7,1,6,7,33,0.062912,0.074272,0.000076,0.261905,12,0.00077
9908262,,,3,9,12,3,9,12,26,0.092216,0.114331,0.000016,0.159091,2,0.00601
9711468,,,1,1,2,1,1,2,40,0.044425,0.049148,0,0,6,0.000698
9908266,,,1,13,14,1,13,14,27,0.088377,0.111945,0.000016,0.142857,0,0.000638
9908271,,,2,11,13,2,11,13,26,0.090462,0.114191,0.000029,0.134615,0,0.001157
9909320,,,1,14,15,1,14,15,31,0.071051,0.087304,0.000728,0.12381,11,0.000572
9812255,,,1,2,3,1,2,3,34,0.059322,0.068932,0.000001,0.166667,8,0.000572
9911476,,,2,5,7,2,5,7,33,0.06336,0.076522,0.0001,0.166667,8,0.001258
9912361,,,1,11,12,1,11,12,33,0.064292,0.082177,0.000315,0.083333,8,0.000684
9911485,,,1,2,3,1,2,3,30,0.07711,0.094664,0,0.5,1,0.000568
9712396,,,1,3,4,1,3,4,34,0.059129,0.068524,0.000055,0.083333,11,0.001315
9908298,,,1,4,5,1,4,5,32,0.06802,0.087952,0.000001,0.05,7,0.00078
9908304,,,2,6,8,2,6,8,33,0.06244,0.073086,0.000012,0.196429,8,0.001433
9908318,,,1,3,4,1,3,4,28,0.088724,0.105098,0.000002,0.166667,1,0.001191
9908319,,,2,4,6,2,4,6,27,0.08729,0.108499,0.000055,0.2,9,0.001203
9807486,,,3,1,4,3,1,4,31,0.069737,0.079417,0.000129,0.25,13,0.001764
9909221,,,1,10,11,1,10,11,31,0.071748,0.090052,0.000074,0.177778,1,0.00063
9712547,,,2,7,9,2,7,9,33,0.064423,0.084386,0.000051,0.125,4,0.002157
9908350,,,1,7,8,1,7,8,33,0.063919,0.080901,0.000079,0.232143,0,0.000568
9807544,,,1,6,7,1,6,7,32,0.068179,0.090752,0.000077,0.333333,0,0.000568
9908353,,,1,2,3,1,2,3,34,0.059987,0.070933,0,0.5,7,0.000568
9807430,,,2,2,4,2,2,4,33,0.063808,0.07781,0.000044,0.333333,7,0.001136
9907312,,,1,4,5,1,4,5,32,0.066463,0.077354,0,0.5,13,0.001719
9810281,,,4,14,18,4,14,18,28,0.087049,0.107081,0.001887,0.03268,13,0.003229
111298,,,1,11,12,1,11,12,20,0.133401,0.157711,0,0.280303,3,0.000705
9908372,,,3,5,8,3,5,8,32,0.066026,0.076893,0,0.464286,0,0.00267
9908373,,,1,32,33,1,32,33,24,0.116571,0.151086,0.000207,0.149621,6,0.002507
9908374,,,1,14,15,1,14,15,32,0.066342,0.079601,0.000097,0.119048,1,0.000625
9908377,,,2,3,5,2,3,5,29,0.080801,0.097386,0,0.4,10,0.001312
9706296,,,1,1,2,1,1,2,41,0.042565,0.046962,0,0,2,0.000635
9908400,,,2,11,13,2,11,13,29,0.082456,0.104662,0.000162,0.076923,7,0.001536
9908402,,,1,2,3,1,2,3,36,0.053343,0.060391,0.000079,0,4,0.000568
9908410,,,1,1,2,1,1,2,33,0.063829,0.078524,0.000102,0,1,0.000648
9908306,,,2,30,32,2,30,32,31,0.074071,0.105581,0.000055,0.211694,7,0.001513
9908426,,,1,2,3,1,2,3,25,0.097653,0.111375,0.000076,0.333333,7,0.000896
9908428,,,1,3,4,1,3,4,32,0.067012,0.079755,0.000006,0.083333,7,0.000568
9904350,,,1,11,12,1,11,12,31,0.073208,0.100058,0.000051,0.075758,1,0.001209
202275,,,1,71,72,1,71,72,20,0.18344,0.230375,0.018832,0.112872,6,0.000568
112086,,,1,4,5,1,4,5,23,0.111723,0.122752,0.000157,0.15,5,0.000568
9906435,,,4,15,19,4,15,19,24,0.097962,0.12149,0.000005,0.248538,2,0.007629
9811336,,,1,2,3,1,2,3,29,0.0799,0.093878,0.000153,0.166667,10,0.000646
9908442,,,2,17,19,2,17,19,24,0.115475,0.146315,0.000889,0.192982,7,0.005776
9908460,,,2,6,8,2,6,8,30,0.072162,0.090604,0.000144,0.160714,0,0.001509
9907394,,,2,1,3,2,1,3,36,0.053715,0.061564,0.000002,0,12,0.001385
9905557,,,2,5,7,2,5,7,39,0.046587,0.053284,0.000022,0.190476,8,0.001382
9908469,,,2,20,22,2,20,22,26,0.095517,0.119942,0.000015,0.231602,3,0.004879
9908470,,,1,9,10,1,9,10,28,0.087296,0.107783,0.000001,0.277778,10,0.000689
9908474,,,2,14,16,2,14,16,24,0.114164,0.140916,0.00001,0.183333,7,0.002194
9903548,,,1,3,4,1,3,4,32,0.067579,0.086906,0.000039,0.166667,4,0.001094
9907569,,,1,7,8,1,7,8,30,0.077229,0.10143,0.000121,0.089286,8,0.000581
9907417,,,2,5,7,2,5,7,32,0.067453,0.082665,0.000001,0.333333,8,0.001311
9908521,,,1,1,2,1,1,2,27,0.080474,0.092424,0,0.5,0,0.000578
9908524,,,1,11,12,1,11,12,27,0.085761,0.110145,0.000067,0.098485,4,0.005798
9810222,,,1,4,5,1,4,5,33,0.062785,0.072853,0.000001,0.25,7,0.00059
9709219,,,2,2,4,2,2,4,34,0.058805,0.066978,0.000077,0.166667,5,0.001269
9809560,,,1,4,5,1,4,5,48,0.032807,0.03492,0,0.3,4,0.000636
212126,,,2,2,4,2,2,4,20,0.138712,0.153661,0.000024,0.083333,2,0.002745
9810278,,,1,7,8,1,7,8,31,0.069576,0.079905,0.00005,0.160714,0,0.000694
9810279,,,1,18,19,1,18,19,30,0.077109,0.099075,0.000002,0.140351,6,0.001082
9807566,,,1,1,2,1,1,2,35,0.055622,0.062549,0.000001,0,4,0.001167
9807201,,,3,1,4,3,1,4,44,0.03774,0.040565,0.000124,0.083333,4,0.002708
9810283,,,2,10,12,2,10,12,30,0.075531,0.09169,0.000169,0.166667,1,0.001667
9810292,,,3,38,41,3,38,41,32,0.0682,0.090815,0.0001,0.242683,12,0.002924
9712549,,,1,1,2,1,1,2,30,0.074865,0.086759,0.00001,0,13,0.000585
9810332,,,1,4,5,1,4,5,39,0.046513,0.052501,0.000002,0.2,13,0.000625
9810352,,,1,5,6,1,5,6,48,0.032806,0.034958,0.000005,0.433333,4,0.00451
9612400,,,5,3,8,5,3,8,34,0.059471,0.07036,0.000057,0.035714,4,0.007889
9809529,,,3,17,20,3,17,20,31,0.072439,0.094543,0.000139,0.339474,0,0.006663
9810407,,,1,7,8,1,7,8,31,0.071136,0.087583,0.000026,0.25,1,0.000859
9810421,,,2,12,14,2,12,14,32,0.067305,0.082517,0.000088,0.120879,7,0.004076
9607295,,,1,5,6,1,5,6,40,0.044467,0.049863,0,0.166667,7,0.000748
9810430,,,1,1,2,1,1,2,31,0.069654,0.078979,0,0.5,7,0.001319
9247,,,1,3,4,1,3,4,26,0.090944,0.109674,0.000001,0.166667,2,0.000576
9810443,,,3,20,23,3,20,23,30,0.079283,0.109798,0.00066,0.128458,4,0.003783
9810447,,,1,1,2,1,1,2,38,0.047573,0.051549,0,0.5,0,0.000968
111120,,,1,13,14,1,13,14,27,0.09159,0.118679,0.01107,0.137363,13,0.001774
6306,,,1,3,4,1,3,4,32,0.06652,0.077683,0.001196,0,13,0.000616
9501403,,,1,2,3,1,2,3,28,0.086656,0.104222,0.000003,0.333333,13,0.000616
9712210,,,1,1,2,1,1,2,46,0.035093,0.037317,0.000006,0,0,0.000759
9807412,,,1,6,7,1,6,7,39,0.045582,0.049838,0.000001,0.333333,0,0.000759
9810450,,,1,7,8,1,7,8,31,0.0711,0.086388,0.000001,0.339286,11,0.000568
9810458,,,1,4,5,1,4,5,33,0.063657,0.079575,0,0.3,5,0.001254
9810469,,,1,5,6,1,5,6,31,0.069637,0.08004,0.00008,0.166667,8,0.000755
9801286,,,1,2,3,1,2,3,35,0.055385,0.061411,0,0.5,0,0.000623
111149,,,1,7,8,1,7,8,25,0.098632,0.124599,0,0.357143,3,0.000643
9709446,,,1,2,3,1,2,3,31,0.070096,0.082,0.000033,0,8,0.000886
110096,,,1,3,4,1,3,4,26,0.092848,0.110262,0.000315,0.25,4,0.000568
103272,,,1,3,4,1,3,4,28,0.089283,0.112823,0.000001,0.083333,2,0.000568
9810484,,,2,1,3,2,1,3,27,0.088696,0.105579,0.000085,0,2,0.001419
9810488,,,3,2,5,3,2,5,30,0.076745,0.096313,0.000001,0.15,7,0.009956
9810492,,,1,7,8,1,7,8,34,0.058867,0.067706,0.000043,0.267857,11,0.000681
9712214,,,1,9,10,1,9,10,36,0.053495,0.062012,0,0.244444,6,0.000779
111199,,,1,25,26,1,25,26,22,0.136362,0.15741,0.000003,0.098462,2,0.000749
9712259,,,1,8,9,1,8,9,32,0.067633,0.086092,0.000005,0.180556,9,0.000842
108197,,,1,12,13,1,12,13,26,0.10387,0.130078,0.000862,0.108974,12,0.000743
111256,,,1,18,19,1,18,19,19,0.165119,0.197351,0.000154,0.22807,3,0.000638
111258,,,1,9,10,1,9,10,22,0.142561,0.16761,0,0.322222,6,0.000568
9705309,,,4,13,17,4,13,17,33,0.062574,0.07429,0.000197,0.099265,4,0.006664
9712293,,,1,1,2,1,1,2,41,0.042539,0.046597,0,0,8,0.000573
9702223,,,3,4,7,3,4,7,39,0.046529,0.052645,0.000015,0.047619,8,0.003935
9905420,,,3,1,4,3,1,4,40,0.044431,0.04923,0.000001,0.083333,10,0.002126
9705336,,,1,2,3,1,2,3,37,0.050515,0.056479,0.000069,0.166667,8,0.002556
109067,,,1,13,14,1,13,14,22,0.132334,0.157687,0.000001,0.175824,2,0.000764
110303,,,3,33,36,3,33,36,21,0.15238,0.185155,0.000086,0.118254,2,0.002133
9707452,,,3,16,19,3,16,19,31,0.070562,0.085844,0.000981,0.049708,5,0.007577
9712320,,,1,5,6,1,5,6,42,0.040842,0.044894,0.000079,0.3,13,0.00057
9510281,,,2,1,3,2,1,3,46,0.035088,0.037309,0.000001,0.166667,4,0.002492
111312,,,1,4,5,1,4,5,23,0.12589,0.150961,0.000023,0.1,6,0.00057
9712340,,,1,25,26,1,25,26,32,0.067311,0.08602,0.000073,0.298462,9,0.000785
110157,,,1,22,23,1,22,23,18,0.173518,0.206133,0.000009,0.12253,6,0.000689
111327,,,1,8,9,1,8,9,23,0.126668,0.151317,0,0.222222,4,0.00057
105182,,,1,43,44,1,43,44,20,0.157526,0.198173,0.000002,0.113108,6,0.00082
111332,,,1,49,50,1,49,50,21,0.142807,0.180651,0.000302,0.161565,9,0.000743
106004,,,1,33,34,1,33,34,24,0.110407,0.147672,0.000002,0.129234,9,0.000576
9712378,,,1,1,2,1,1,2,45,0.036359,0.038778,0.000046,0,2,0.015095
9712223,,,2,9,11,2,9,11,32,0.06675,0.080123,0.000009,0.281818,4,0.002896
111385,,,1,11,12,1,11,12,21,0.150821,0.180338,0.000006,0.219697,6,0.000647
110146,,,2,16,18,2,16,18,21,0.156121,0.187367,0.0001,0.120915,6,0.001218
9712420,,,1,1,2,1,1,2,31,0.069785,0.080534,0,0.5,5,0.000568
9712440,,,1,2,3,1,2,3,42,0.040822,0.044665,0.000079,0.166667,1,0.000804
9707454,,,3,3,6,3,3,6,34,0.059926,0.072148,0.000007,0.133333,6,0.002256
9708224,,,2,5,7,2,5,7,45,0.036374,0.039158,0,0.428571,2,0.002276
9711495,,,1,2,3,1,2,3,35,0.056735,0.066595,0.000009,0.166667,12,0.0015
9712485,,,1,1,2,1,1,2,42,0.040812,0.044421,0,0,8,0.000569
9712487,,,1,3,4,1,3,4,37,0.050619,0.058364,0.000001,0.083333,9,0.001044
9707413,,,2,13,15,2,13,15,33,0.062865,0.07621,0.000598,0.152381,4,0.00534
9711347,,,1,3,4,1,3,4,36,0.053712,0.061661,0.000079,0.166667,1,0.000568
9610523,,,1,1,2,1,1,2,40,0.04443,0.049229,0,0.5,12,0.000949
9709461,,,1,2,3,1,2,3,32,0.065447,0.074065,0.000001,0.333333,12,0.00064
111435,,,2,9,11,2,9,11,24,0.100542,0.123866,0.000048,0.336364,3,0.001583
9603235,,,1,2,3,1,2,3,40,0.044425,0.049222,0,0.333333,11,0.001843
9909210,,,3,8,11,3,8,11,30,0.078131,0.10435,0.000003,0.218182,7,0.002491
9909219,,,1,1,2,1,1,2,40,0.04434,0.048915,0,0,2,0.002283
9708365,,,1,2,3,1,2,3,29,0.079771,0.093089,0.000087,0,13,0.000922
9709343,,,1,2,3,1,2,3,30,0.073893,0.084224,0,0.5,13,0.000922
9909230,,,1,2,3,1,2,3,32,0.06628,0.078172,0.000009,0.166667,6,0.000691
9907401,,,4,13,17,4,13,17,26,0.093606,0.115661,0.000001,0.386029,3,0.006767
9709405,,,2,6,8,2,6,8,30,0.075883,0.091172,0,0.285714,12,0.003672
9909246,,,1,6,7,1,6,7,30,0.076116,0.092409,0,0.380952,13,0.0007
9909270,,,1,1,2,1,1,2,42,0.040836,0.044723,0,0.5,8,0.000569
9912465,,,2,3,5,2,3,5,24,0.111131,0.131532,0,0.5,9,0.002185
9909279,,,1,22,23,1,22,23,24,0.096863,0.120173,0.000007,0.108696,2,0.003461
9909280,,,1,2,3,1,2,3,28,0.080717,0.097065,0,0.5,4,0.000638
9909291,,,1,6,7,1,6,7,28,0.08559,0.106711,0.000017,0.261905,6,0.000813
9911466,,,1,2,3,1,2,3,32,0.06706,0.080159,0.000348,0.166667,7,0.000911
9909300,,,1,7,8,1,7,8,30,0.076161,0.094247,0.00003,0.178571,8,0.000925
9805460,,,2,2,4,2,2,4,33,0.061693,0.069794,0,0.166667,8,0.001672
9909306,,,1,7,8,1,7,8,32,0.067371,0.084405,0.000492,0.142857,0,0.000632
9909307,,,3,9,12,3,9,12,33,0.064052,0.081254,0.000027,0.242424,7,0.002896
9909336,,,1,3,4,1,3,4,35,0.056802,0.067115,0,0.5,12,0.00081
9603259,,,1,1,2,1,1,2,29,0.07975,0.092877,0,0,13,0.000573
9805329,,,1,11,12,1,11,12,33,0.063385,0.079947,0.000048,0.234848,4,0.002548
9909399,,,4,8,12,4,8,12,24,0.115004,0.139718,0.000455,0.2,7,0.00332
9909362,,,3,33,36,3,33,36,31,0.072109,0.094179,0.000793,0.053968,8,0.002415
9909374,,,1,7,8,1,7,8,32,0.067236,0.082928,0.000009,0.285714,12,0.001037
9909375,,,2,5,7,2,5,7,30,0.072178,0.090463,0.000093,0.238095,0,0.001565
9812393,,,1,8,9,1,8,9,30,0.077367,0.100071,0.000001,0.208333,7,0.000796
9902363,,,1,3,4,1,3,4,33,0.062491,0.072021,0.000173,0.25,0,0.003047
9808483,,,1,5,6,1,5,6,35,0.056227,0.065774,0.000001,0.2,8,0.000568
9909396,,,1,7,8,1,7,8,32,0.068242,0.089832,0.000006,0.232143,12,0.000947
9909414,,,1,10,11,1,10,11,26,0.10312,0.124812,0.000028,0.254545,1,0.00058
9909416,,,1,5,6,1,5,6,24,0.102426,0.114639,0,0.3,6,0.000577
9909424,,,1,22,23,1,22,23,24,0.103109,0.131909,0.000071,0.118577,2,0.002117
9811417,,,6,5,11,6,5,11,29,0.080768,0.098627,0.000735,0.136364,8,0.006072
9909443,,,1,4,5,1,4,5,25,0.093459,0.11326,0,0.15,9,0.000908
9806265,,,2,5,7,2,5,7,33,0.062486,0.072592,0.000003,0.119048,8,0.001718
9712503,,,1,3,4,1,3,4,33,0.063409,0.078654,0.000036,0.166667,9,0.000968
9905287,,,3,12,15,3,12,15,31,0.071747,0.090458,0.000049,0.138095,8,0.002171
9909459,,,2,2,4,2,2,4,34,0.060375,0.074486,0,0.5,0,0.001205
9910330,,,2,2,4,2,2,4,34,0.060375,0.074486,0,0.5,0,0.001205
2254,,,1,22,23,1,22,23,24,0.118805,0.151378,0.00016,0.152174,7,0.00131
9909299,,,1,8,9,1,8,9,26,0.094599,0.120827,0.000005,0.069444,7,0.000603
9812430,,,1,4,5,1,4,5,31,0.073615,0.087331,0.00023,0,12,0.000978
9907207,,,2,34,36,2,34,36,23,0.119544,0.14611,0.000019,0.085714,6,0.002208
9912476,,,2,23,25,2,23,25,24,0.098069,0.121167,0.000139,0.123333,6,0.004522
9911468,,,1,24,25,1,24,25,22,0.1296,0.155989,0.000239,0.08,6,0.001522
9911292,,,1,12,13,1,12,13,34,0.05963,0.071874,0.000003,0.217949,9,0.000953
9909494,,,2,6,8,2,6,8,27,0.088489,0.109109,0,0.410714,3,0.006148
9909517,,,1,8,9,1,8,9,31,0.07096,0.085912,0.000003,0.097222,1,0.001563
9912421,,,2,4,6,2,4,6,40,0.044488,0.05033,0.000027,0.266667,11,0.001276
9811278,,,1,11,12,1,11,12,34,0.060657,0.078415,0.000003,0.204545,5,0.003262
9710421,,,1,6,7,1,6,7,32,0.065601,0.075286,0.000001,0.309524,8,0.001088
9711328,,,3,11,14,3,11,14,29,0.080824,0.098599,0.000444,0.076923,6,0.004015
9811306,,,2,2,4,2,2,4,33,0.063009,0.074004,0.000002,0.166667,8,0.001567
9807218,,,1,2,3,1,2,3,44,0.037741,0.040642,0.000068,0.166667,11,0.001374
9811325,,,1,2,3,1,2,3,30,0.075787,0.091885,0,0,6,0.000648
112010,,,1,17,18,1,17,18,20,0.150404,0.187834,0.000019,0.098039,9,0.000776
108244,,,2,71,73,2,71,73,20,0.160801,0.213682,0.000817,0.061454,9,0.001353
9807392,,,2,4,6,2,4,6,40,0.044434,0.049409,0.000039,0.4,5,0.002839
9811346,,,2,3,5,2,3,5,31,0.068801,0.077061,0.000074,0.2,0,0.001193
9809505,,,1,57,58,1,57,58,31,0.073124,0.102603,0.000175,0.088929,7,0.001304
9801337,,,1,15,16,1,15,16,32,0.067932,0.089915,0.000004,0.1625,7,0.000601
6355,,,1,3,4,1,3,4,26,0.08796,0.105061,0,0.083333,2,0.000758
9811380,,,1,2,3,1,2,3,36,0.053617,0.062481,0,0.5,8,0.000657
111471,,,1,6,7,1,6,7,24,0.101574,0.127788,0,0.404762,3,0.000643
110202,,,1,11,12,1,11,12,24,0.123302,0.157005,0.000001,0.234848,3,0.000643
9811399,,,1,3,4,1,3,4,40,0.044446,0.049657,0,0.083333,12,0.000637
112094,,,1,23,24,1,23,24,19,0.161471,0.186608,0.000004,0.20471,4,0.00057
112109,,,1,12,13,1,12,13,22,0.139581,0.169147,0.00939,0.160256,6,0.000638
9811477,,,2,1,3,2,1,3,43,0.038665,0.041306,0,0.166667,11,0.001135
9811485,,,1,3,4,1,3,4,32,0.065362,0.073897,0,0.25,0,0.000623
9811490,,,1,2,3,1,2,3,36,0.053563,0.06082,0,0.5,4,0.000715
112167,,,1,10,11,1,10,11,22,0.132191,0.153261,0.000046,0.045455,2,0.000573
9811499,,,1,4,5,1,4,5,24,0.104501,0.127038,0.000001,0.25,9,0.001732
9811510,,,2,10,12,2,10,12,25,0.092572,0.115193,0.000417,0.163636,9,0.004203
206085,,,1,13,14,1,13,14,21,0.145759,0.171348,0.000002,0.142857,2,0.000738
112246,,,2,14,16,2,14,16,20,0.157643,0.181895,0.000316,0.241758,2,0.001309
206207,,,1,18,19,1,18,19,21,0.142566,0.160926,0.000083,0.111111,2,0.000738
111263,,,1,6,7,1,6,7,22,0.142188,0.166128,0.000011,0.071429,2,0.000691
108238,,,1,26,27,1,26,27,21,0.147135,0.173457,0,0.260684,4,0.00057
112248,,,1,18,19,1,18,19,19,0.163116,0.190264,0.000245,0.127451,2,0.000631
201248,,,3,17,20,3,17,20,19,0.152473,0.172695,0.000258,0.447712,3,0.002726
112297,,,1,16,17,1,16,17,23,0.121034,0.144781,0,0.334559,2,0.000623
7013,,,1,16,17,1,16,17,30,0.076831,0.098008,0.000016,0.191176,8,0.00192
112337,,,1,22,23,1,22,23,18,0.160972,0.185995,0.000189,0.132411,3,0.000828
112014,,,1,3,4,1,3,4,22,0.120767,0.136299,0,0.416667,3,0.001059
9901382,,,1,3,4,1,3,4,33,0.063002,0.074706,0.00058,0,11,0.000573
106108,,,1,4,5,1,4,5,26,0.104244,0.125938,0.000628,0.15,12,0.000568
9909215,,,1,2,3,1,2,3,31,0.072506,0.092518,0.000007,0.166667,6,0.00058
7020,,,1,2,3,1,2,3,25,0.099305,0.121222,0,0.333333,3,0.000625
7021,,,1,8,9,1,8,9,28,0.086701,0.109363,0.000089,0.208333,0,0.000738
9910229,,,1,6,7,1,6,7,31,0.071887,0.0886,0.000482,0.238095,0,0.000626
9910269,,,1,22,23,1,22,23,23,0.117997,0.143364,0.000005,0.114625,6,0.000686
9910279,,,1,23,24,1,23,24,25,0.09522,0.123462,0.000347,0.039855,11,0.000577
9904216,,,1,2,3,1,2,3,29,0.077084,0.092447,0.000001,0.166667,11,0.000568
9812219,,,1,5,6,1,5,6,32,0.067428,0.08461,0.000081,0,11,0.000568
9910296,,,1,29,30,1,29,30,24,0.107734,0.139129,0.000002,0.189655,9,0.00127
9910298,,,2,13,15,2,13,15,31,0.074241,0.10007,0.00012,0.161905,4,0.001173
9910306,,,1,5,6,1,5,6,30,0.076099,0.094167,0.000007,0.166667,8,0.000933
9910311,,,1,14,15,1,14,15,31,0.072692,0.097798,0.000012,0.242857,0,0.000623
103313,,,1,26,27,1,26,27,26,0.106605,0.134763,0.000363,0.119658,1,0.000571
9910318,,,1,20,21,1,20,21,31,0.073186,0.09741,0.000012,0.107143,8,0.000623
9910323,,,1,13,14,1,13,14,32,0.070464,0.102596,0.000024,0.104396,9,0.000639
9812251,,,2,38,40,2,38,40,32,0.068205,0.090849,0.000059,0.215385,12,0.001144
9910327,,,1,5,6,1,5,6,33,0.064348,0.080858,0.000197,0.133333,7,0.001159
9812491,,,2,7,9,2,7,9,28,0.087182,0.106777,0.001569,0.055556,13,0.002545
9811210,,,1,2,3,1,2,3,34,0.060664,0.07817,0.000006,0.166667,11,0.000669
9910423,,,3,8,11,3,8,11,28,0.084731,0.103898,0.000401,0.172727,7,0.001985
9910448,,,3,7,10,3,7,10,32,0.067198,0.083092,0.000036,0.244444,11,0.001963
9910459,,,1,1,2,1,1,2,41,0.042569,0.046938,0,0.5,8,0.000568
9610538,,,1,1,2,1,1,2,42,0.040805,0.04435,0,0,10,0.000645
9910490,,,1,9,10,1,9,10,32,0.069805,0.094927,0.00014,0.144444,12,0.001835
9606274,,,4,2,6,4,2,6,42,0.040812,0.044509,0,0.4,12,0.003417
9611341,,,3,5,8,3,5,8,42,0.040822,0.044768,0,0.339286,12,0.002856
9910509,,,1,7,8,1,7,8,31,0.072184,0.091142,0.000157,0.142857,8,0.000605
9807561,,,1,5,6,1,5,6,35,0.056423,0.066434,0.000172,0.133333,4,0.000796
9812217,,,2,1,3,2,1,3,32,0.066975,0.079397,0,0,7,0.001229
9910538,,,1,9,10,1,9,10,28,0.083478,0.102877,0.000003,0.263889,10,0.001456
9812400,,,2,1,3,2,1,3,33,0.06289,0.073517,0.000003,0.166667,10,0.001469
9808390,,,1,2,3,1,2,3,37,0.049945,0.05456,0.000001,0.166667,2,0.000774
9812248,,,1,22,23,1,22,23,31,0.072506,0.096138,0.00001,0.217391,7,0.000645
9801265,,,1,12,13,1,12,13,33,0.063599,0.079939,0.000221,0.134615,11,0.004416
9812262,,,1,9,10,1,9,10,32,0.067521,0.084187,0.000001,0.2,4,0.000653
9812302,,,1,4,5,1,4,5,33,0.063077,0.074997,0.000001,0.2,4,0.000586
9812314,,,1,3,4,1,3,4,36,0.053568,0.060895,0.000079,0.333333,4,0.003979
9812350,,,1,4,5,1,4,5,31,0.071303,0.087104,0,0.35,12,0.000813
9707245,,,1,8,9,1,8,9,30,0.073923,0.084721,0.000025,0.222222,0,0.000681
9611332,,,1,3,4,1,3,4,34,0.058828,0.067073,0.000002,0.166667,11,0.001409
9812443,,,1,3,4,1,3,4,39,0.046546,0.053115,0.00008,0.166667,1,0.000758
12110,,,1,12,13,1,12,13,22,0.136183,0.166051,0.000501,0.064103,5,0.001621
9812519,,,1,1,2,1,1,2,32,0.065198,0.07292,0.000124,0,13,0.000681
9711202,,,3,2,5,3,2,5,42,0.040837,0.044763,0,0.1,6,0.001775
9707293,,,1,2,3,1,2,3,33,0.063804,0.077885,0.000004,0,7,0.001033
9911209,,,1,10,11,1,10,11,32,0.067388,0.082228,0.000241,0.136364,7,0.000582
9911221,,,1,13,14,1,13,14,24,0.10569,0.119931,0.000138,0.17033,11,0.000569
9911235,,,3,9,12,3,9,12,24,0.103022,0.115606,0.000088,0.166667,11,0.002335
9706485,,,1,1,2,1,1,2,41,0.042538,0.046591,0,0.5,11,0.000622
9911253,,,1,2,3,1,2,3,31,0.07185,0.089274,0.00004,0,8,0.000807
9911269,,,1,29,30,1,29,30,24,0.111649,0.138132,0.000006,0.135632,7,0.000937
9911322,,,1,5,6,1,5,6,34,0.058969,0.067827,0.000056,0.166667,8,0.000573
9907567,,,3,3,6,3,3,6,37,0.050069,0.055021,0.000058,0.2,8,0.001769
9905519,,,1,3,4,1,3,4,33,0.062589,0.07254,0,0.5,8,0.000622
9907351,,,1,1,2,1,1,2,31,0.070587,0.082516,0.000099,0,12,0.000577
9911358,,,2,2,4,2,2,4,33,0.062929,0.074925,0,0.333333,11,0.00246
9911478,,,1,5,6,1,5,6,26,0.092034,0.107966,0.000002,0.25,6,0.001534
8037,,,1,9,10,1,9,10,24,0.100455,0.127742,0,0.333333,3,0.000691
9911423,,,1,1,2,1,1,2,33,0.062819,0.073239,0,0.5,7,0.000568
9911426,,,1,32,33,1,32,33,32,0.069339,0.096673,0.000715,0.048295,8,0.001835
9908519,,,1,3,4,1,3,4,32,0.067185,0.081703,0.000005,0.166667,8,0.000625
9911452,,,2,12,14,2,12,14,22,0.127105,0.146891,0.000015,0.115385,6,0.001359
9911474,,,1,9,10,1,9,10,32,0.06606,0.077283,0,0.266667,0,0.000799
9911477,,,1,1,2,1,1,2,35,0.056187,0.064867,0,0.5,11,0.000616
9911491,,,1,15,16,1,15,16,29,0.080315,0.099824,0.000065,0.2125,4,0.002081
9911540,,,1,4,5,1,4,5,34,0.060669,0.074864,0.000079,0.25,3,0.001072
203053,,,1,19,20,1,19,20,21,0.160713,0.192324,0.020936,0.244737,6,0.000572
8072,,,1,12,13,1,12,13,26,0.100013,0.126954,0.000001,0.25,7,0.000834
9912293,,,2,4,6,2,4,6,32,0.068477,0.086083,0.000005,0.2,6,0.001415
8082,,,1,1,2,1,1,2,24,0.109413,0.126425,0.000252,0,6,0.000691
9912218,,,1,11,12,1,11,12,26,0.092837,0.113281,0.00043,0.151515,0,0.000818
4030,,,1,7,8,1,7,8,29,0.084265,0.103226,0.000121,0.071429,11,0.000818
9804333,,,1,3,4,1,3,4,37,0.051142,0.058993,0.000115,0,11,0.001071
9801421,,,2,4,6,2,4,6,34,0.059647,0.069993,0,0.2,7,0.001281
9806422,,,1,4,5,1,4,5,28,0.086689,0.104609,0.00075,0.15,13,0.002629
8147,,,1,7,8,1,7,8,28,0.087716,0.108521,0.000163,0.261905,8,0.000741
9807245,,,1,1,2,1,1,2,34,0.059095,0.067419,0,0.5,8,0.000576
9910521,,,1,16,17,1,16,17,27,0.097923,0.124968,0.000198,0.029412,6,0.000826
8167,,,1,5,6,1,5,6,26,0.089095,0.099662,0.000038,0.166667,4,0.000691
9612306,,,1,2,3,1,2,3,29,0.079909,0.093596,0.001268,0,10,0.001518
9912232,,,1,5,6,1,5,6,32,0.071671,0.092068,0,0.333333,11,0.001835
9912250,,,1,2,3,1,2,3,34,0.059283,0.068556,0.000602,0,11,0.000705
9806538,,,1,15,16,1,15,16,31,0.071975,0.092838,0,0.2375,7,0.0006
9607305,,,1,1,2,1,1,2,31,0.071149,0.085517,0.000004,0,7,0.004418
9912378,,,2,13,15,2,13,15,31,0.072625,0.093308,0.000156,0.147619,8,0.001312
9912393,,,1,5,6,1,5,6,29,0.079018,0.097083,0.000001,0.433333,7,0.000568
9912446,,,1,4,5,1,4,5,31,0.070888,0.08444,0.000001,0.15,13,0.000601
9912474,,,2,10,12,2,10,12,31,0.073393,0.094209,0.00302,0.151515,13,0.001337
9912481,,,1,3,4,1,3,4,34,0.059353,0.06961,0.000001,0.166667,12,0.000889
9709458,,,2,5,7,2,5,7,39,0.046512,0.05252,0.000115,0.166667,6,0.004837
9905230,,,1,4,5,1,4,5,36,0.053632,0.062764,0.000002,0.35,8,0.000759
9704216,,,2,3,5,2,3,5,30,0.074802,0.087723,0.000208,0.25,8,0.001584
112045,,,1,9,10,1,9,10,23,0.12067,0.141642,0.000713,0.1,6,0.000638
8284,,,1,4,5,1,4,5,27,0.091053,0.112331,0.000001,0.3,7,0.000576
9609327,,,1,2,3,1,2,3,34,0.06013,0.072437,0.000033,0.166667,4,0.002087
112120,,,1,27,28,1,27,28,21,0.163538,0.200078,0.000022,0.115079,2,0.000827
101201,,,1,7,8,1,7,8,24,0.106851,0.122869,0.000079,0.125,7,0.000568
9607335,,,1,1,2,1,1,2,46,0.035098,0.037415,0,0,0,0.000581
9609432,,,1,2,3,1,2,3,41,0.042539,0.046724,0,0.5,11,0.00149
9904357,,,1,9,10,1,9,10,31,0.07058,0.083521,0.000002,0.266667,13,0.0007
9812204,,,2,3,5,2,3,5,33,0.062462,0.072871,0.000007,0.2,0,0.00119
9904409,,,2,3,5,2,3,5,34,0.060562,0.075355,0.000083,0.166667,0,0.001199
9904410,,,2,4,6,2,4,6,34,0.060816,0.076787,0.000055,0.1,0,0.001314
101320,,,1,7,8,1,7,8,31,0.073025,0.0954,0.001023,0.125,11,0.000691
9611346,,,2,4,6,2,4,6,32,0.067123,0.081015,0.000002,0.1,7,0.001401
9904429,,,1,1,2,1,1,2,34,0.059191,0.067932,0,0,4,0.000638
5299,,,1,6,7,1,6,7,24,0.114423,0.134861,0.000005,0.238095,7,0.00131
6178,,,1,4,5,1,4,5,24,0.110472,0.12691,0.000002,0.15,7,0.00131
9024,,,1,12,13,1,12,13,23,0.123844,0.149916,0,0.282051,7,0.00131
205126,,,1,1,2,1,1,2,23,0.115898,0.132601,0,0,6,0.000572
3102,,,2,8,10,2,8,10,26,0.090203,0.106778,0.000003,0.066667,4,0.001394
3208,,,1,4,5,1,4,5,32,0.067058,0.08102,0,0.5,4,0.000641
104300,,,1,15,16,1,15,16,26,0.099782,0.117262,0,0.447619,4,0.000623
103115,,,1,10,11,1,10,11,25,0.097651,0.12377,0.000018,0.3,3,0.000579
102182,,,1,16,17,1,16,17,25,0.116834,0.148776,0.001415,0.1875,3,0.000579
9807563,,,1,8,9,1,8,9,31,0.071871,0.091825,0.000143,0.194444,8,0.001835
9708244,,,1,3,4,1,3,4,32,0.064965,0.072859,0,0.166667,0,0.000799
9901237,,,1,12,13,1,12,13,32,0.068088,0.090825,0.000001,0.096154,6,0.000686
9809558,,,1,2,3,1,2,3,34,0.060182,0.072153,0.000008,0,2,0.000629
9706328,,,2,2,4,2,2,4,47,0.033911,0.036069,0,0.333333,2,0.001724
9107,,,1,42,43,1,42,43,26,0.107283,0.1382,0.000049,0.129568,1,0.000568
9162,,,1,21,22,1,21,22,25,0.090278,0.112627,0.000082,0.25974,2,0.002653
9506428,,,1,3,4,1,3,4,41,0.042538,0.046752,0.000213,0.083333,4,0.006088
9809240,,,1,3,4,1,3,4,32,0.066176,0.078034,0,0.166667,6,0.000628
9709256,,,1,1,2,1,1,2,42,0.040806,0.044384,0,0,5,0.000807
10049,,,1,2,3,1,2,3,33,0.061461,0.06844,0.000004,0.166667,13,0.000738
9906225,,,1,2,3,1,2,3,34,0.059707,0.070169,0,0.5,7,0.000741
9610320,,,1,12,13,1,12,13,32,0.067069,0.081296,0.00004,0.24359,4,0.002087
9807440,,,3,5,8,3,5,8,33,0.062666,0.073509,0.000273,0.178571,11,0.002903
9610344,,,2,4,6,2,4,6,41,0.042544,0.046935,0.000017,0.1,12,0.004733
9901253,,,1,3,4,1,3,4,32,0.067314,0.083584,0.00008,0.083333,8,0.002388
9905327,,,1,4,5,1,4,5,25,0.092992,0.111444,0.000001,0.05,2,0.001405
9907276,,,1,10,11,1,10,11,28,0.086902,0.106201,0.000037,0.227273,10,0.001243
102271,,,1,14,15,1,14,15,25,0.111835,0.141259,0.00009,0.066667,11,0.000575
9606285,,,1,1,2,1,1,2,33,0.063798,0.077727,0.000352,0,6,0.001966
202054,,,1,60,61,1,60,61,20,0.169788,0.215057,0.000052,0.091803,9,0.000629
9807239,,,1,1,2,1,1,2,33,0.061767,0.069665,0.000079,0,8,0.000809
9606235,,,1,9,10,1,9,10,31,0.070949,0.084062,0.000004,0.211111,7,0.004181
9510279,,,2,2,4,2,2,4,42,0.040813,0.044558,0,0.416667,4,0.001326
5039,,,2,3,5,2,3,5,33,0.06381,0.079135,0.000038,0.333333,1,0.001572
9908315,,,1,4,5,1,4,5,32,0.066749,0.080708,0.000061,0.05,6,0.000691
201201,,,1,3,4,1,3,4,23,0.127039,0.153024,0.003676,0.333333,6,0.000638
3045,,,1,23,24,1,23,24,25,0.113435,0.145686,0.000354,0.188406,0,0.000689
6335,,,1,6,7,1,6,7,30,0.073156,0.090124,0.000202,0.142857,9,0.000691
9605438,,,1,1,2,1,1,2,43,0.039212,0.042367,0.00002,0,0,0.002257
110002,,,1,3,4,1,3,4,25,0.10028,0.121086,0.000298,0,0,0.000568
10265,,,1,32,33,1,32,33,24,0.121178,0.155233,0.000223,0.150568,7,0.000747
110142,,,2,17,19,2,17,19,22,0.142574,0.168751,0.000016,0.222222,3,0.001319
9709431,,,2,14,16,2,14,16,32,0.06746,0.086197,0.000518,0.204167,4,0.004147
9809256,,,2,1,3,2,1,3,34,0.059814,0.07114,0.000002,0.166667,6,0.0015
5083,,,1,1,2,1,1,2,38,0.048503,0.053925,0.000267,0,13,0.000569
9606286,,,1,1,2,1,1,2,33,0.063801,0.077754,0.000079,0,5,0.000645
109048,,,1,15,16,1,15,16,19,0.152867,0.181288,0.000111,0.2875,3,0.000687
9808394,,,1,1,2,1,1,2,35,0.05468,0.059461,0.000417,0,13,0.000869
